0.00001584893192461114	0.00008370850806750443	8.370850806750444e-9	6.700978191785267e-10	2.361621512472151e-10
0.00001778279410038923	0.00010754627227704469	1.0754627227704465e-8	8.609223145574591e-10	3.0341430764819985e-10
0.000019952623149688786	0.00012617740640544152	1.2617740640544154e-8	1.0100670387495743e-9	3.5597728861053367e-10
0.000022387211385683423	0.0001507918008190826	1.507918008190826e-8	1.2071085629358586e-9	4.2542050854804797e-10
0.000025118864315095822	0.00018463383278580743	1.8463383278580746e-8	1.47801856170426e-9	5.208971483346953e-10
0.00002818382931264455	0.00022376126416313093	2.237612641631308e-8	1.7912388906923013e-9	6.312851910817335e-10
0.000031622776601683795	0.00027602417220512645	2.760241722051265e-8	2.2096104697751256e-9	7.787316224968025e-10
0.000035481338923357534	0.000333194109278292	3.33194109278292e-8	2.6672634735105186e-9	9.400219815960098e-10
0.000039810717055349776	0.000411730920994522	4.1173092099452227e-8	3.295961170688929e-9	1.1615935139908454e-9
0.00004466835921509635	0.0005024698191789655	5.024698191789657e-8	4.022338204419169e-9	1.4175901132822729e-9
0.00005011872336272725	0.0006210948083748376	6.210948083748379e-8	4.97194713181909e-9	1.752260187889064e-9
0.00005623413251903491	0.0007469505747940463	7.469505747940462e-8	5.979439399397712e-9	2.1073300515217836e-9
0.00006309573444801943	0.0009237576066983191	9.23757606698319e-8	7.394803371706693e-9	2.6061458824821908e-9
0.00007079457843841388	0.0011345259420024072	1.1345259420024081e-7	9.082032126581444e-9	3.2007748470800055e-9
0.00007943282347242822	0.0014040731669041015	1.4040731669041018e-7	1.1239793765656302e-8	3.961233418915579e-9
0.00008912509381337459	0.0016903299215561705	1.6903299215561703e-7	1.353131742849336e-8	4.76883365631513e-9
0.0001	0.002076673326574106	2.0766733265741066e-7	1.662404813333106e-8	5.858802785565791e-9
0.00011220184543019641	0.0025135023662201136	2.513502366220114e-7	2.012092310552129e-8	7.0912042237429425e-9
0.00012589254117941674	0.0031011279422166927	3.1011279422166925e-7	2.4824944549211227e-8	8.749039530559364e-9
0.00014125375446227554	0.0037585564389508576	3.7585564389508603e-7	3.0087747722959336e-8	1.060380592963027e-8
0.00015848931924611142	0.004639427169486404	4.639427169486404e-7	3.713923590662233e-8	1.3088957457193294e-8
0.00017782794100389227	0.005615121695635814	5.615121695635819e-7	4.4949801275078054e-8	1.584163007763661e-8
0.0001995262314968881	0.006940563354914401	6.940563354914401e-7	5.556013929011831e-8	1.9581024803863042e-8
0.00022387211385683424	0.008442632063938138	8.442632063938139e-7	6.758440049617661e-8	2.3818727587409354e-8
0.0002511886431509582	0.0104403876479873	1.04403876479873e-6	8.357670153018281e-8	2.945488414170753e-8
0.0002818382931264455	0.012672300921830401	1.26723009218304e-6	1.0144346623457566e-7	3.5751656743638776e-8
0.00031622776601683794	0.015617301599942492	1.5617301599942488e-6	1.2501859112260687e-7	4.4060223120267926e-8
0.0003548133892335757	0.018858945263009422	1.8858945263009422e-6	1.5096838283820312e-7	5.320569182733687e-8
0.00039810717055349773	0.02323046245514469	2.323046245514469e-6	1.8596296349168919e-7	6.553880978801427e-8
0.0004466835921509635	0.028111118547618302	2.8111118547618317e-6	2.2503326923754666e-7	7.930833296918117e-8
0.0005011872336272725	0.034744260423578734	3.4744260423578748e-6	2.781324584119422e-7	9.802204667784677e-8
0.0005623413251903491	0.042318065147497995	4.231806514749799e-6	3.3876177967865947e-7	1.1938960008454097e-7
0.0006309573444801936	0.052248156121026686	5.224815612102667e-6	4.1825348797956356e-7	1.4740481264212154e-7
0.0007079457843841388	0.06309194887123652	6.309194887123654e-6	5.050595013859876e-7	1.7799780112906664e-7
0.0007943282347242822	0.07769379042477764	7.769379042477769e-6	6.219491988242421e-7	2.1919316338154375e-7
0.0008912509381337459	0.09413683173854098	9.413683173854096e-6	7.535779469573435e-7	2.6558299996271494e-7
0.001	0.11615503299494788	0.000011615503299494793	9.298365971802573e-7	3.277017247536755e-7
0.0011220184543019641	0.14054250488175243	0.000014054250488175245	1.1250615761447226e-6	3.9650474080581005e-7
0.0012589254117941688	0.1736200508345679	0.000017362005083456795	1.3898517619748734e-6	4.898245787832832e-7
0.0014125375446227555	0.21111399115202753	0.000021111399115202745	1.6899957762353878e-6	5.956041441885744e-7
0.001584893192461114	0.2608869566890597	0.000026088695668905987	2.08843503205771e-6	7.360258395041802e-7
0.0017782794100389247	0.3160236688662256	0.00003160236688662255	2.5298117981660957e-6	8.915799744549237e-7
0.0019952623149688807	0.3897242907646565	0.000038972429076465654	3.1197951480833247e-6	1.09950743389256e-6
0.00223872113856834	0.4341526742461072	0.000043415267424610746	3.475450308685868e-6	1.2248507575479572e-6
0.002511886431509582	0.4782069374389649	0.00004782069374389647	3.828110586267743e-6	1.3491385964716453e-6
0.002818382931264455	0.5511034644158239	0.0000551103464415824	4.411657048635581e-6	1.554797507695135e-6
0.0031622776601683824	0.6605764062600822	0.00006605764062600822	5.288002611140864e-6	1.8636474208778263e-6
0.0035481338923357567	0.7886607924816534	0.00007886607924816536	6.313335278743551e-6	2.225004765424838e-6
0.003981071705534978	0.9590658928690408	0.00009590658928690402	7.67745093177134e-6	2.7057591835842192e-6
0.004466835921509635	1.1437278941184612	0.00011437278941184614	9.155694985799766e-6	3.2267358020363233e-6
0.005011872336272725	1.284372452231714	0.00012843724522317146	0.000010281573511731885	3.6235284599398005e-6
0.005623413251903496	1.4873640196089646	0.00014873640196089643	0.000011906548197715218	4.1962172623515745e-6
0.006309573444801936	1.7856731869057036	0.00017856731869057038	0.000014294553038099014	5.037820300226187e-6
0.007079457843841388	2.1141500297968316	0.00021141500297968327	0.00001692405416233945	5.964533720915816e-6
0.00794328234724282	2.5759646691038607	0.00025759646691038613	0.00002062094220644128	7.267425639718786e-6
0.008912509381337459	3.039326255287713	0.00030393262552877133	0.000024330213767493476	8.574681873580399e-6
0.01000000000000001	3.817917053362651	0.0003817917053362651	0.0000305629373922145	0.000010771276724684226
0.01122018454301964	4.488123841448503	0.00044881238414485035	0.00003592803249978476	0.000012662093805394859
0.012589254117941687	5.610715712010669	0.0005610715712010669	0.00004491453078601178	0.000015829199721448253
0.014125375446227554	7.141338029507819	0.000714133802950782	0.000057167367452431665	0.000020147459210144704
0.01584893192461114	8.968516603722723	0.0008968516603722729	0.000071794176675262	0.00002530237634773641
0.017782794100389247	10.752904605042435	0.0010752904605042435	0.00008607844163060459	0.00003033657082545366
0.01995262314968881	13.165031433542364	0.0013165031433542375	0.00010538783997821761	0.00003714176989124379
0.022387211385683423	15.825990945712615	0.0015825990945712621	0.000126689177287798	0.0000446489867474933
0.025118864315095822	19.277304608097808	0.0019277304608097822	0.0001543174054315889	0.00005438598574502055
0.02818382931264455	22.700041410309062	0.0022700041410309065	0.00018171687198204102	0.00006404236243867005
0.031622776601683826	28.11939227829115	0.0028119392278291152	0.000225099501559784	0.0000793316751846817
0.035481338923357565	35.40324955723067	0.003540324955723068	0.0002834077546932521	0.00009988121601492631
0.039810717055349776	44.02311256999	0.004402311256999001	0.000352410912673438	0.00012419995540648157
0.04466835921509635	52.350164620676644	0.005235016462067664	0.0004190700796825	0.00014769260354031093
0.05011872336272725	63.729304346905195	0.006372930434690521	0.0005101616173374828	0.00017979593663187274
0.05623413251903497	77.22856853836214	0.007722856853836216	0.0006182250353106633	0.00021788065878625728
0.06309573444801936	94.74715466341301	0.009474715466341304	0.0007584636637189136	0.00026730487003567155
0.07079457843841387	114.10398535594943	0.011410398535594946	0.0009134176861083291	0.0003219152182931161
0.07943282347242822	139.19706434661626	0.013919706434661625	0.0011142911444497494	0.0003927089243650637
0.08912509381337459	167.0135668174066	0.016701356681740658	0.0013369659725307752	0.0004711860734068048
0.1000000000000001	193.73519465151048	0.019373519465151052	0.0015508761824952555	0.0005465743136205761
0.11220184543019641	221.5588167759534	0.02215588167759534	0.0017736080043573908	0.0006250715489446023
0.12589254117941687	263.8592367922032	0.026385923679220307	0.0021122285323969814	0.0007444113678031864
0.14125375446227553	312.1678123022565	0.03121678123022566	0.0024989451499097784	0.0008807016611021967
0.15848931924611143	379.2371891259513	0.03792371891259513	0.003035844494800474	0.0010699207581708087
0.1778279410038923	460.65746256379623	0.04606574625637961	0.003687624689277495	0.0012996272405120276
0.19952623149688828	536.9431030717489	0.053694310307174906	0.004298301459406916	0.0015148476689671793
0.22387211385683423	644.8210375170521	0.06448210375170525	0.005161878774044834	0.0018191976766171048
0.25118864315095824	757.7047303109675	0.07577047303109676	0.006065527854745458	0.0021376701514752455
0.2818382931264455	862.6002121567338	0.08626002121567343	0.006905230236847946	0.0024336059317286995
0.31622776601683794	987.552619878175	0.09875526198781753	0.007905490997053132	0.002786127199784485
0.354813389233576	1128.290328768924	0.11282903287689243	0.009032115207435912	0.0031831826587880147
0.39810717055349776	1305.4256482719047	0.13054256482719043	0.010450107165944099	0.003682924669265034
0.4466835921509635	1539.5353338447096	0.153953533384471	0.01232418655611073	0.0043434052852628436
0.5011872336272725	1759.376588909022	0.17593765889090224	0.014084045248912512	0.004963631173018575
0.5623413251903491	1942.9638495826514	0.19429638495826504	0.015553685860678654	0.0054815756857472435
0.6309573444801942	2101.550298960224	0.21015502989602255	0.01682319162935729	0.005928986802111464
0.7079457843841388	2238.1041178607925	0.22381041178607922	0.017916323239969428	0.006314238485328354
0.7943282347242822	2350.901235043349	0.2350901235043349	0.018819279271304983	0.0066324667092364275
0.8912509381337459	2440.3245231290234	0.24403245231290244	0.019535124669978945	0.00688475165103568
1.000000000000002	2505.828380044992	0.2505828380044992	0.02005949181831917	0.0070695540339880784
1.1220184543019653	2543.441238730132	0.2543441238730132	0.02036058779004115	0.0071756690971603535
1.2589254117941688	2550.0678718337977	0.2550067871833798	0.02041363487562152	0.007194364448032281
1.4125375446227555	2461.5720497905886	0.2461572049790589	0.019705213966844323	0.006944696114518786
1.584893192461114	2428.390595393919	0.242839059539392	0.01943959198000341	0.006851083125436367
1.7782794100389265	2394.959911809585	0.23949599118095852	0.019171974880132933	0.006756766999928855
1.9952623149688828	2332.179272728749	0.23321792727287496	0.0186694074553166	0.006579647479771491
2.2387211385683425	2283.748886018211	0.22837488860182106	0.01828171572282827	0.006443013527317437
2.5118864315095824	2233.5947343776993	0.22335947343776985	0.017880225021190705	0.006301516412880148
2.818382931264455	2179.317702466059	0.217931770246606	0.01744573011075529	0.006148387645978345
3.1622776601683857	2120.561150087462	0.21205611500874613	0.016975376038985225	0.005982621057492388
3.5481338923357604	2056.9706830799105	0.20569706830799114	0.016466325833145452	0.0058032168149127995
3.9810717055349776	1989.1385479393657	0.19891385479393664	0.015923320505762884	0.005611845790290493
4.4668359215096345	1862.7375286068386	0.18627375286068387	0.01491146341558079	0.005255237634984013
5.011872336272725	1762.3322473019273	0.1762332247301927	0.014107705690234982	0.004971969807412314
5.623413251903503	1673.1670471165419	0.16731670471165425	0.013393926319771704	0.0047204129946306584
6.309573444801943	1588.3455862115945	0.15883455862115953	0.012714919164058144	0.004481110931534635
7.0794578438413875	1505.9194283581178	0.15059194283581187	0.012055086730103666	0.004248566603519352
7.943282347242821	1425.3141450012206	0.14253141450012202	0.011409830640386157	0.004021159407298565
8.91250938133746	1346.433002002863	0.1346433002002863	0.010778376525173845	0.0037986164322367155
10.000000000000021	1269.3322066434016	0.12693322066434026	0.010161174331274505	0.0035810962528031263
11.220184543019652	1194.2784718302742	0.11942784718302747	0.009560359131236262	0.003369351331267642
12.589254117941687	1121.4036056136417	0.11214036056136412	0.008976986066155322	0.003163753530340474
14.125375446227554	1051.029540906555	0.10510295409065551	0.008413632252121052	0.002965211101417553
15.848931924611142	983.2397328101626	0.09832397328101626	0.007870965758396296	0.002773959491727298
17.782794100389264	918.3053675084791	0.09183053675084792	0.00735115746670735	0.0025907637837456017
19.95262314968883	856.2383903495008	0.08562383903495008	0.006854303001164908	0.0024156576782174066
22.387211385683422	797.2227839849279	0.07972227839849282	0.006381875167538873	0.002249160235150126
25.11886431509582	741.207652085498	0.0741207652085498	0.005933466533896327	0.002091127863564934
28.18382931264455	688.2858393915806	0.06882858393915811	0.005509820334819761	0.0019418225011563857
31.622776601683857	638.3613492276952	0.06383613492276954	0.005110168104063942	0.0018009733178509597
35.481338923357605	591.4477984594472	0.05914477984594472	0.004734618846461924	0.0016686187301531313
39.81071705534978	547.4219424012268	0.0547421942401227	0.004382185971797733	0.0015444110346961174
44.668359215096345	506.23638006154846	0.05062363800615487	0.004052490028785538	0.0014282165017028758
50.11872336272725	467.75525106231413	0.04677552510623143	0.0037444434369012327	0.0013196518358560996
56.23413251903502	431.889047871572	0.043188904787157215	0.0034573296763627135	0.0012184645145414629
63.09573444801943	398.499954315129	0.039849995431512915	0.0031900455102361687	0.0011242657246630762
70.79457843841388	367.47302297715373	0.03674730229771539	0.002941670769061557	0.0010367311714792242
79.43282347242821	338.6755399910442	0.03386755399910441	0.002711143060560755	0.0009554864367502246
89.12509381337459	312.03373677390067	0.031203373677390074	0.002497871857346925	0.0008803234012820526
100.0000000000002	287.26407307782506	0.02872640730778252	0.002299587381757648	0.0008104421287665044
112.20184543019653	263.5143234511672	0.02635143234511672	0.0021094674549035513	0.0007434382830057934
125.89254117941688	241.23289509250301	0.02412328950925031	0.0019311016364698644	0.0006805769302529834
141.25375446227554	220.57657612163683	0.022057657612163682	0.0017657450363561555	0.0006223004080973803
158.48931924611142	201.73549278205115	0.020173549278205118	0.0016149196406074235	0.0005691451091196899
177.82794100389265	182.344232922985	0.018234423292298504	0.001459690008128421	0.0005144376277724193
199.5262314968883	164.675100634178	0.016467510063417796	0.001318246237514825	0.0004645886890166208
223.87211385683423	150.00761094222628	0.01500076109422262	0.0012008310179355403	0.000423208117327847
251.18864315095823	137.05558743421216	0.013705558743421222	0.0010971483349319175	0.00038666729483235535
281.8382931264455	125.3275717290651	0.012532757172906516	0.0010032639983364913	0.0003535796973738617
316.2277660168386	114.70333788733866	0.011470333788733874	0.0009182155834006709	0.00032360613820599037
354.81338923357606	105.1186167426385	0.01051186167426385	0.0008414886068391181	0.0002965652983093852
398.1071705534977	96.39272862184009	0.00963927286218401	0.0007716367036678479	0.0002719474361861174
446.6835921509635	88.35014381642677	0.008835014381642676	0.0007072547350593555	0.0002492573396465532
501.18723362727246	80.98394937799706	0.008098394937799711	0.0006482873619357517	0.00022847550557441841
562.3413251903502	74.26864006394744	0.007426864006394744	0.0005945304114137681	0.0002095299774493978
630.9573444801943	68.12974726611438	0.0068129747266114345	0.0005453877523105696	0.0001922106611351808
707.9457843841387	62.493003102762124	0.006249300310276213	0.0005002648602852617	0.00017630802879374725
794.3282347242822	57.33237029179669	0.005733237029179672	0.0004589533034071919	0.00016174862289140173
891.2509381337459	52.6125385167088	0.005261253851670883	0.0004211704178631633	0.00014843282439896128
1000.000000000002	48.288057641749475	0.0048288057641749475	0.0003865523692288163	0.00013623240738000957
1122.0184543019652	44.30216363404438	0.004430216363404441	0.0003546447538178948	0.00012498722663035485
1258.9254117941687	40.64226220891728	0.00406422622089173	0.0003253467526946602	0.00011466175059614159
1412.5375446227554	37.2850238472896	0.003728502384728964	0.00029847160993408194	0.0001051901610046476
1584.893192461114	34.20364694245499	0.0034203646942455005	0.00027380477508461064	0.00009649684397572154
1778.2794100389265	31.363744637141064	0.0031363744637141074	0.00025107097674793144	0.00008848478578428884
1995.2623149688789	28.757281511135147	0.0028757281511135164	0.00023020589030896025	0.00008113131654687624
2238.721138568342	26.373981615003764	0.0026373981615003747	0.00021112725541609873	0.0000744074452997174
2511.8864315095875	24.184737207846442	0.002418473720784644	0.00019360206070468582	0.00006823105199471105
2818.382931264455	22.159781288157717	0.002215978128815771	0.00017739201734061322	0.00006251815664853156
3162.277660168386	20.280135376913353	0.002028013537691335	0.0001623452000572738	0.00005721521633540918
3548.133892335753	18.505295579588328	0.001850529557958833	0.00014813736975381565	0.00005220795967378718
3981.0717055349774	16.859609763011974	0.001685960976301198	0.00013496343436541347	0.00004756507794417509
4466.835921509644	15.37406005800817	0.0015374060058008165	0.0001230714099991258	0.000043373979306561747
5011.872336272725	14.002521880114658	0.0014002521880114663	0.00011209206317830591	0.00003950453503994297
5623.413251903502	12.700386843902844	0.0012700386843902845	0.00010166829780265453	0.00003583089399119598
6309.57344480193	11.474123565373647	0.001147412356537365	0.00009185189600967936	0.0000323713057063423
7079.457843841388	10.320182461708576	0.0010320182461708574	0.00008261444291347966	0.000029115755945087867
7943.282347242838	9.221830196696223	0.0009221830196696225	0.00007382198591638396	0.000026017035878026216
8912.509381337459	8.109153727246799	0.0008109153727246795	0.0000649148617441546	0.000022877903730844376
10000.00000000002	7.121583165004742	0.0007121583165004743	0.00005700922711607538	0.000020091725911268068
11220.18454301963	6.515168192467789	0.0006515168192467791	0.000052154794036387446	0.000018380881126561623
12589.254117941688	6.025845438923385	0.0006025845438923385	0.000048237699853319265	0.000017000382097262626
14125.375446227583	5.353652897985618	0.0005353652897985617	0.00004285670852819337	0.000015103962722637303
15848.93192461114	4.710172972822678	0.00047101729728226793	0.00003770556553817473	0.000013288548651604907
17782.794100389263	4.311179697845633	0.0004311179697845631	0.00003451157092996348	0.000012162891148836324
19952.62314968879	3.9730650207173666	0.0003973065020717367	0.00003180491765174244	0.000011208987043240795
22387.211385683422	3.4898612467613814	0.00034898612467613825	0.000027936806719868873	9.845751150227459e-6
25118.864315095874	3.0498988318813387	0.000304989883188134	0.000024414848659239156	8.604509695031513e-6
28183.82931264455	2.909855675415772	0.0002909855675415773	0.000023293784434049803	8.209413738098585e-6
31622.776601683858	2.7919721430432882	0.0002791972143043289	0.00002235011096783345	7.876835494328478e-6
35481.33892335753	2.3996285350530253	0.0002399628535053026	0.000019209347834522136	6.769938326643272e-6
39810.71705534977	1.9650046068307037	0.00019650046068307042	0.0000157301250746359	5.543758046501067e-6
44668.35921509644	1.728623796947679	0.00017286237969476787	0.000013837865030166671	4.876870033988454e-6
50118.72336272725	1.610805434815578	0.00016108054348155785	0.000012894713260453606	4.544475651387557e-6
56234.132519035025	1.6329542850910213	0.00016329542850910208	0.000013072017773573318	4.606962968978773e-6
63095.73444801956	1.6342406188391028	0.00016342406188391028	0.000013082315047521021	4.610592030733449e-6
70794.57843841388	1.4118821437505376	0.00014118821437505375	0.000011302305671263213	3.98326445033244e-6
79432.82347242838	1.1578850958541567	0.00011578850958541566	9.269025281940152e-6	3.266676726737147e-6
89125.0938133746	0.9973295300845898	0.00009973295300845901	7.98375647279593e-6	2.813710251975975e-6
100000.0000000002	1.0836290955891956	0.00010836290955891959	8.67459605381027e-6	3.057182409248594e-6