-4.8	4.251958918404864e8
-4.75	5.408908802439538e8
-4.7	6.550294716055335e8
-4.6499999999999995	8.777211014406279e8
-4.6	1.130407486184602e9
-4.55	1.4518577851420217e9
-4.5	1.8354102750432603e9
-4.45	2.3183238511609845e9
-4.3999999999999995	2.905563358137634e9
-4.35	3.6223735112302265e9
-4.3	4.729619149861051e9
-4.25	5.896472802742708e9
-4.199999999999999	7.325542142373091e9
-4.1499999999999995	9.27310441444206e9
-4.1	1.1680597599848997e10
-4.05	1.467929417959967e10
-4.	1.8454829185946056e10
-3.9499999999999997	2.3356587586726154e10
-3.9	2.9246241405151e10
-3.8499999999999996	3.6936923907638115e10
-3.8	4.6443660366501526e10
-3.75	5.84652844307568e10
-3.6999999999999997	7.383732140371394e10
-3.6499999999999995	9.294762888592453e10
-3.5999999999999996	1.1662314959080074e11
-3.55	1.4680384677163516e11
-3.5	1.8539398055800266e11
-3.4499999999999997	2.3336516375104654e11
-3.3999999999999995	2.92791134652457e11
-3.3499999999999996	3.6973804163938324e11
-3.3	4.653824201958882e11
-3.25	5.8575439434686e11
-3.1999999999999997	7.372412610701132e11
-3.1499999999999995	9.248681066949299e11
-3.0999999999999996	1.1639828218076638e12
-3.05	1.4696299230180369e12
-3.	1.8494400491887175e12
-2.9499999999999997	2.329088261634466e12
-2.8999999999999995	2.9212277324493574e12
-2.8499999999999996	3.7166525267370547e12
-2.8	4.679164102208218e12
-2.7499999999999996	5.90809335014629e12
-2.6999999999999997	7.40833082542742e12
-2.65	9.318475023924326e12
-2.5999999999999996	1.1757510142049547e13
-2.55	1.4803862256056252e13
-2.4999999999999996	1.8614252184966227e13
-2.4499999999999997	2.3439766421067152e13
-2.3999999999999995	2.9463726173653098e13
-2.3499999999999996	3.738560151986425e13
-2.3	4.7174112296742984e13
-2.2499999999999996	5.947016744938782e13
-2.1999999999999997	7.468760036686186e13
-2.1499999999999995	9.366854133199195e13
-2.0999999999999996	1.180410855006251e14
-2.05	1.4763956445752216e14
-1.9999999999999996	1.86008304610687e14
-1.95	2.531401538142534e14
-1.9	3.171687097085055e14
-1.8499999999999999	4.214674239664501e14
-1.7999999999999998	5.4826744599832075e14
-1.75	6.85559514398429e14
-1.7	8.56553378088028e14
-1.65	1.0692573643512625e15
-1.5999999999999999	1.3334810515371122e15
-1.5499999999999998	1.6612019962363825e15
-1.5	2.0447855875666785e15
-1.45	2.5409663114647785e15
-1.4	3.152956795878486e15
-1.3499999999999999	3.9513440944950055e15
-1.2999999999999998	4.886622685864292e15
-1.25	6.031609616007904e15
-1.2	7.927537422180922e15
-1.15	9.739568421173902e15
-1.0999999999999999	1.1935373631381026e16
-1.0499999999999998	1.458577372920007e16
-0.9999999999999999	1.7771190398007612e16
-0.95	2.2166959801336876e16
-0.8999999999999999	2.76422596644934e16
-0.8499999999999999	3.3759550970907796e16
-0.7999999999999998	4.1170802479843e16
-0.7499999999999998	5.1047646535274136e16
-0.7	6.435171417078513e16
-0.6499999999999999	7.914169970525096e16
-0.5999999999999999	9.316289974907066e16
-0.5499999999999998	1.1887034662192222e17
-0.4999999999999998	1.382288137361207e17
-0.44999999999999996	1.6463757926262346e17
-0.3999999999999999	1.956770330759989e17
-0.34999999999999987	2.2221413618987e17
-0.2999999999999998	2.6894944263709574e17
-0.24999999999999978	3.0193677353723994e17
-0.19999999999999996	3.331046899070681e17
-0.1499999999999999	3.5964911251482643e17
-0.09999999999999987	3.7974987510981434e17
-0.04999999999999982	3.9850643274278214e17
2.220446049250313e-16	3.9014366236200544e17
0.050000000000000044	4.037326524588184e17
0.10000000000000031	3.962566478787363e17
0.15000000000000013	3.9089402425083546e17
0.19999999999999996	3.835632685677254e17
0.2500000000000002	3.7448157277241043e17
0.30000000000000004	3.648938646365178e17
0.3500000000000003	3.5150041206403846e17
0.40000000000000013	3.378105786317922e17
0.4500000000000004	3.228539908335161e17
0.5000000000000002	3.070658187706975e17
0.55	2.90193924055767e17
0.6000000000000003	2.737383770170956e17
0.6500000000000001	2.5673584692115773e17
0.7000000000000004	2.3990146404305856e17
0.7500000000000002	2.2341198245177834e17
0.8	2.0743830129514016e17
0.8500000000000003	1.9187815762340246e17
0.9000000000000001	1.7688531932664774e17
0.9500000000000004	1.62605266500942e17
1.0000000000000002	1.4909879020655728e17
1.05	1.363746359979837e17
1.1000000000000003	1.2444927250123221e17
1.1500000000000001	1.1330419173899326e17
1.2000000000000004	1.0297059956998728e17
1.2500000000000002	9.34203798819888e16
1.3	8.460364092735474e16
1.3500000000000003	7.650077299347808e16
1.4000000000000001	6.9070625419392856e16
1.4500000000000004	6.228648202564135e16
1.5000000000000002	5.610258086816711e16
1.55	5.047409361919507e16
1.6000000000000003	4.5369643510229224e16
1.6500000000000001	4.074641232053143e16
1.7000000000000004	3.656428262132093e16
1.7500000000000002	3.2789363592044052e16
1.8	2.9387436476471284e16
1.8500000000000003	2.632343811607885e16
1.9000000000000001	2.3567449120753904e16
1.9500000000000004	2.108741524770998e16
2.	1.8860839291282508e16
2.2	1.2040955129548574e16
2.25	1.074704611835961e16
2.3000000000000003	9.595733216113172e15
2.35	8.565837540232999e15
2.4000000000000004	7.646601363046161e15
2.45	6.820159669049929e15
2.5	6.088584663893643e15
2.5500000000000003	5.430703223992156e15
2.6	4.844557853485728e15
2.6500000000000004	4.321527423849695e15
2.7	3.8546274824918465e15
2.75	3.4372790377865635e15
2.8000000000000003	3.064537298014858e15
2.85	2.734979808897281e15
2.9000000000000004	2.4355611059593055e15
2.95	2.1729718762875922e15
3.	1.93694972114342e15
3.0500000000000003	1.7262427665917265e15
3.1	1.539421434195892e15
3.1500000000000004	1.3713972522191055e15
3.2	1.2212508191651835e15
3.25	1.0885844431489659e15
3.3000000000000003	9.688260731984196e14
3.3500000000000005	8.616582353886015e14
3.4000000000000004	7.652455244463091e14
3.45	6.774848799817314e14
3.5	5.9048101746037e14
3.5500000000000003	5.166535835540319e14
3.6000000000000005	4.525926963427918e14
3.6500000000000004	3.8828408767036225e14
3.7	3.384787057851128e14
3.75	2.927169438393835e14
3.8000000000000003	2.4521394543929516e14
3.8500000000000005	2.0152096852136425e14
3.9000000000000004	1.7285174146158562e14
3.95	1.474243035793088e14
4.	1.1629472834630878e14
4.050000000000001	1.1244580942230456e14
4.1000000000000005	9.24812944928336e13
4.15	7.851918684368064e13
4.2	6.582390750291046e13
4.25	5.802118218805699e13
4.300000000000001	5.396796164745324e13
4.35	4.41792045590727e13
4.4	3.988281839620761e13
4.45	3.1105075807026438e13
4.5	3.3109413721153324e13
4.550000000000001	3.0529225948457344e13
4.6000000000000005	2.216509378203683e13
4.65	2.0643795658132027e13
4.7	1.7938740453558418e13
4.75	1.763039724277606e13
4.800000000000001	1.6710544523593102e13
4.8500000000000005	1.323732578623974e13
4.9	1.1378702863167273e13
4.95	9.877529484231973e12
5.	9.926147529389676e12