0.	0.43554395866858153
0.01	0.435544068208489
0.02	0.4355443967971583
0.03	0.43554494444256964
0.04	0.4355457111527034
0.05	0.43554669693553993
0.06	0.4355479017990596
0.07	0.43554932575124267
0.08	0.43555096880006955
0.09	0.4355528309535205
0.1	0.4355549122195759
0.11	0.43555721260621605
0.12	0.43555973212142135
0.13	0.43556247077317206
0.14	0.4355654285694485
0.15	0.4355686055182312
0.16	0.4355720016275002
0.17	0.43557561690523605
0.18	0.435579451359419
0.19	0.43558350499802945
0.2	0.4355877778290476
0.21	0.43559226986045396
0.22	0.43559698110022876
0.23	0.4356019115563523
0.24	0.43560706123680504
0.25	0.4356124301495672
0.26	0.43561801830261915
0.27	0.43562382570394126
0.28	0.4356298523615138
0.29	0.4356360982833172
0.3	0.4356425634773317
0.31	0.4356492479518145
0.32	0.43565615172233135
0.33	0.43566327481226885
0.34	0.4356706172453928
0.35000000000000003	0.43567817904546896
0.36	0.4356859602362631
0.37	0.435693960841541
0.38	0.4357021808850685
0.39	0.43571062039061137
0.4	0.43571927938193533
0.41000000000000003	0.4357281578828062
0.42	0.43573725591698986
0.43	0.43574657350825197
0.44	0.43575611068035836
0.45	0.43576586745707485
0.46	0.43577584386216717
0.47000000000000003	0.4357860399194011
0.48	0.43579645565254255
0.49	0.43580709108535715
0.5	0.43581794624161074
0.51	0.4358290211450691
0.52	0.43584031581949806
0.53	0.43585183028866337
0.54	0.4358635645763308
0.55	0.4358755187062662
0.56	0.43588769270223526
0.5700000000000001	0.43590008658800383
0.58	0.4359127003873377
0.59	0.43592553412400264
0.6	0.4359385878217645
0.61	0.43595186149328075
0.62	0.43596535509351375
0.63	0.4359790686532145
0.64	0.4359930022189323
0.65	0.4360071558372163
0.66	0.43602152955461587
0.67	0.43603612341768017
0.68	0.43605093747295853
0.6900000000000001	0.4360659717670002
0.7000000000000001	0.4360812263463543
0.71	0.4360967012575702
0.72	0.4361123965471972
0.73	0.4361283122617844
0.74	0.4361444484478812
0.75	0.43616080515203676
0.76	0.43617738242080034
0.77	0.4361941803007212
0.78	0.43621119883834863
0.79	0.4362284380802319
0.8	0.4362458980729201
0.81	0.4362635788629627
0.8200000000000001	0.4362814804969088
0.8300000000000001	0.43629960302130766
0.84	0.43631794648270866
0.85	0.4363365109276609
0.86	0.43635529640271375
0.87	0.43637430295441637
0.88	0.43639353062931807
0.89	0.4364129794739681
0.9	0.4364326495349157
0.91	0.4364525408587101
0.92	0.43647265349190056
0.93	0.4364929874810363
0.9400000000000001	0.4365135428726667
0.9500000000000001	0.4365343197133409
0.96	0.4365553180496082
0.97	0.43657653792801776
0.98	0.4365979793951189
0.99	0.43661964249746094
1.	0.43664152728159306
1.01	0.4366636337940645
1.02	0.4366859620814245
1.03	0.4367085121902224
1.04	0.43673128416700735
1.05	0.43675427805832867
1.06	0.43677749391073556
1.07	0.43680093177077733
1.08	0.4368245916850032
1.09	0.43684847369996244
1.1	0.43687257786220424
1.11	0.4368969042182779
1.12	0.43692145281473277
1.1300000000000001	0.4369462236981179
1.1400000000000001	0.4369712169149827
1.1500000000000001	0.4369964325118763
1.16	0.4370218705353481
1.17	0.4370475310319472
1.18	0.437073414048223
1.19	0.4370995196317381
1.2	0.43712584784731495
1.21	0.43715239877187434
1.22	0.4371791724825152
1.23	0.4372061690563365
1.24	0.43723338857043725
1.25	0.43726083110191627
1.26	0.43728849672787257
1.27	0.4373163855254051
1.28	0.4373444975716127
1.29	0.4373728329435944
1.3	0.43740139171844916
1.31	0.4374301739732759
1.32	0.43745917978517346
1.33	0.43748840923124094
1.34	0.43751786238857715
1.35	0.4375475393342811
1.36	0.4375774401454517
1.37	0.4376075648991879
1.3800000000000001	0.43763791367258864
1.3900000000000001	0.43766848654275287
1.4000000000000001	0.4376992835867795
1.41	0.4377303048817675
1.42	0.43776155050481586
1.43	0.4377930205330234
1.44	0.43782471504348913
1.45	0.437856634113312
1.46	0.4378887778195909
1.47	0.4379211462394248
1.48	0.43795373944991267
1.49	0.4379865575281534
1.5	0.43801960055124595
1.51	0.4380528685962893
1.52	0.4380863617403823
1.53	0.438120080060624
1.54	0.4381540236341132
1.55	0.438188192537949
1.56	0.4382225868492302
1.57	0.43825720664505585
1.58	0.4382920520025248
1.59	0.43832712299873605
1.6	0.4383624197107885
1.61	0.43839794221578116
1.62	0.4384336905908129
1.6300000000000001	0.4384696649129826
1.6400000000000001	0.4385058652593894
1.6500000000000001	0.43854229170713205
1.6600000000000001	0.43857894433330963
1.67	0.43861582321502096
1.68	0.438652928429365
1.69	0.43869026005344075
1.7	0.43872781816434714
1.71	0.4387656028391831
1.72	0.43880361415504754
1.73	0.4388418521890394
1.74	0.4388803170182577
1.75	0.4389190087198013
1.76	0.4389579273707522
1.77	0.43899707305083674
1.78	0.4390364458610415
1.79	0.43907604590919436
1.8	0.43911587330312307
1.81	0.4391559281506555
1.82	0.43919621055961955
1.83	0.4392367206378429
1.84	0.43927745849315347
1.85	0.439318424233379
1.86	0.43935961796634737
1.87	0.4394010397998864
1.8800000000000001	0.4394426898418239
1.8900000000000001	0.43948456819998766
1.9000000000000001	0.43952667498220555
1.9100000000000001	0.43956901029630535
1.92	0.4396115742501149
1.93	0.43965436695146204
1.94	0.4396973885081745
1.95	0.43974063902808025
1.96	0.439784118619007
1.97	0.4398278273887827
1.98	0.43987176544523493
1.99	0.43991593289619174
2.	0.43996032984948086
2.0100000000000002	0.4400049564129301
2.02	0.4400498126943673
2.0300000000000002	0.4400948988016203
2.04	0.4401402148425169
2.05	0.44018576092488493
2.06	0.44023153715655217
2.07	0.4402775436453465
2.08	0.4403237804990957
2.09	0.4403702478256276
2.1	0.44041694573277007
2.11	0.4404638743283508
2.12	0.4405110337201978
2.13	0.44055842401613876
2.14	0.4406060453240015
2.15	0.4406538977516139
2.16	0.4407019814068037
2.17	0.4407502963973989
2.18	0.44079884283122706
2.19	0.4408476208161162
2.2	0.4408966304598941
2.21	0.44094587187038853
2.22	0.4409953451554273
2.23	0.4410450504228383
2.24	0.44109498778044937
2.25	0.4411451573360882
2.2600000000000002	0.44119555919758274
2.27	0.4412461934727608
2.2800000000000002	0.4412970602694501
2.29	0.4413481596954786
2.3000000000000003	0.44139949185867394
2.31	0.44145105686686414
2.32	0.4415028548278769
2.33	0.44155488584954006
2.34	0.44160715003868034
2.35	0.4416596475030879
2.36	0.441712378377557
2.37	0.44176534280151153
2.38	0.44181854091437534
2.39	0.4418719728555722
2.4	0.4419256387645261
2.41	0.4419795387806609
2.42	0.44203367304340024
2.43	0.4420880416921682
2.44	0.4421426448663885
2.45	0.44219748270548503
2.46	0.4422525553488817
2.47	0.4423078629360022
2.48	0.4423634056062706
2.49	0.4424191834991106
2.5	0.44247519675394603
2.5100000000000002	0.44253144551020085
2.52	0.4425879299072989
2.5300000000000002	0.4426446500846639
2.54	0.4427016061817199
2.5500000000000003	0.44275879833789056
2.56	0.4428162266925999
2.57	0.4428738913852716
2.58	0.44293179255532966
2.59	0.44298993034219786
2.6	0.4430483048853001
2.61	0.4431069163240602
2.62	0.44316576479790193
2.63	0.44322485044624926
2.64	0.443284173408526
2.65	0.44334373382415604
2.66	0.44340353183256315
2.67	0.44346356757317124
2.68	0.44352384118540417
2.69	0.44358435280868574
2.7	0.44364510258243983
2.71	0.4437060906460903
2.72	0.443767317139061
2.73	0.44382878220077576
2.74	0.44389048597065844
2.75	0.44395242858813294
2.7600000000000002	0.44401461019262306
2.77	0.4440770309235526
2.7800000000000002	0.44413969092034555
2.79	0.44420259032242565
2.8000000000000003	0.4442657292692168
2.81	0.4443291079001428
2.82	0.44439272635462757
2.83	0.44445658477209493
2.84	0.44452068329196875
2.85	0.44458502205367284
2.86	0.44464960119663105
2.87	0.4447144208602673
2.88	0.4447794811840054
2.89	0.4448447823072692
2.9	0.4449103243694825
2.91	0.4449761075100693
2.92	0.4450421318681689
2.93	0.4451083975969987
2.94	0.44517490486628625
2.95	0.44524165384631903
2.96	0.4453086447073847
2.97	0.44537587761977065
2.98	0.4454433527537645
2.99	0.4455110702796539
3.	0.44557903036772634
3.0100000000000002	0.4456472331882693
3.02	0.44571567891157043
3.0300000000000002	0.44578436770791724
3.04	0.4458532997475973
3.0500000000000003	0.44592247520089817
3.06	0.4459918942381074
3.0700000000000003	0.44606155702951256
3.08	0.44613146374540114
3.09	0.4462016145560607
3.1	0.44627200963177893
3.11	0.4463426491428432
3.12	0.4464135332595412
3.13	0.4464846621521604
3.14	0.4465560359909884
3.15	0.44662765494631274
3.16	0.446699519188421
3.17	0.4467716288876007
3.18	0.44684398421413934
3.19	0.44691658533832457
3.2	0.446989432430444
3.21	0.44706252566078497
3.22	0.4471358651996352
3.23	0.44720945121728223
3.24	0.44728328388401356
3.25	0.4473573633701168
3.2600000000000002	0.44743168984587944
3.27	0.4475062634815891
3.2800000000000002	0.4475810844475333
3.29	0.44765615291399957
3.3000000000000003	0.44773146905127553
3.31	0.4478070330296487
3.3200000000000003	0.4478828450194066
3.33	0.44795890519083686
3.34	0.44803521371422694
3.35	0.44811177075986447
3.36	0.44818857649803695
3.37	0.448265631099032
3.38	0.4483429347331371
3.39	0.44842048757063985
3.4	0.44849828978182776
3.41	0.4485763415369885
3.42	0.44865464300640945
3.43	0.44873319436037834
3.44	0.44881199576918257
3.45	0.4488910474031098
3.46	0.44897034943244757
3.47	0.44904990202748335
3.48	0.4491297053585048
3.49	0.4492097595957994
3.5	0.4492900649464831
3.5100000000000002	0.44937062163720076
3.52	0.44945142986626446
3.5300000000000002	0.4495324898319849
3.54	0.44961380173267274
3.5500000000000003	0.44969536576663866
3.56	0.44977718213219336
3.5700000000000003	0.44985925102764746
3.58	0.4499415726513117
3.59	0.45002414720149675
3.6	0.4501069748765132
3.61	0.45019005587467187
3.62	0.4502733903942833
3.63	0.45035697863365826
3.64	0.45044082079110737
3.65	0.45052491706494135
3.66	0.45060926765347087
3.67	0.45069387275500655
3.68	0.45077873256785916
3.69	0.45086384729033935
3.7	0.45094921712075775
3.71	0.4510348422574251
3.72	0.45112072289865196
3.73	0.4512068592427491
3.74	0.45129325148802724
3.75	0.45137989983279697
3.7600000000000002	0.451466804475369
3.77	0.45155396561405403
3.7800000000000002	0.45164138344716276
3.79	0.45172905817300574
3.8000000000000003	0.4518169899898938
3.81	0.4519051790961375
3.8200000000000003	0.45199362569004753
3.83	0.45208232996993464
3.84	0.45217129213410945
3.85	0.4522605123808827
3.86	0.452349990908565
3.87	0.45243972791546705
3.88	0.4525297235998995
3.89	0.4526199781601731
3.9	0.45271049179459844
3.91	0.45280126470148624
3.92	0.4528922970791472
3.93	0.45298358912589193
3.94	0.45307514104003116
3.95	0.4531669530219311
3.96	0.4532590252915961
3.97	0.45335135807262233
3.98	0.4534439515874508
3.99	0.4535368060585225
4.	0.4536299217082783
4.01	0.4537232987591594
4.0200000000000005	0.45381693743360657
4.03	0.45391083795406095
4.04	0.4540050005429635
4.05	0.4540994254227551
4.0600000000000005	0.4541941128158769
4.07	0.4542890629447698
4.08	0.45438427603187476
4.09	0.45447975229963283
4.1	0.45457549197048497
4.11	0.45467149526687217
4.12	0.4547677624112354
4.13	0.4548642936260157
4.14	0.454961089133654
4.15	0.4550581491565913
4.16	0.4551554739172687
4.17	0.45525306363812695
4.18	0.45535091854160725
4.19	0.4554490388501505
4.2	0.4555474247861977
4.21	0.45564607657218986
4.22	0.4557449944305679
4.23	0.4558441785837729
4.24	0.45594362925424575
4.25	0.45604334666442753
4.26	0.4561433310367592
4.2700000000000005	0.4562435825936817
4.28	0.4563441015576361
4.29	0.4564448881510633
4.3	0.45654594259640435
4.3100000000000005	0.4566472651161002
4.32	0.4567488559325919
4.33	0.45685071526832033
4.34	0.4569528433457266
4.3500000000000005	0.4570552403872516
4.36	0.4571579066153364
4.37	0.4572608422524219
4.38	0.45736404752094917
4.39	0.4574675226433591
4.4	0.4575712678420928
4.41	0.45767528335213387
4.42	0.45777956942417564
4.43	0.4578841263037074
4.44	0.45798895423621766
4.45	0.45809405346719473
4.46	0.4581994242421271
4.47	0.4583050668065032
4.48	0.4584109814058114
4.49	0.4585171682855402
4.5	0.4586236276911779
4.51	0.4587303598682131
4.5200000000000005	0.4588373650621341
4.53	0.45894464351842934
4.54	0.4590521954825873
4.55	0.45916002120009636
4.5600000000000005	0.4592681209164449
4.57	0.45937649487712146
4.58	0.4594851433276144
4.59	0.45959406651341217
4.6000000000000005	0.4597032646800031
4.61	0.45981273807287576
4.62	0.4599224869375185
4.63	0.4600325115194197
4.64	0.46014281206406793
4.65	0.46025338881695144
4.66	0.4603642420235588
4.67	0.4604753719293783
4.68	0.4605867787798985
4.69	0.4606984628206077
4.7	0.4608104242969944
4.71	0.4609226634545471
4.72	0.46103518053875403
4.73	0.4611479757951038
4.74	0.46126104946908475
4.75	0.4613744018061853
4.76	0.46148803305189384
4.7700000000000005	0.4616019434516989
4.78	0.46171613325108884
4.79	0.4618306026955521
4.8	0.46194535203057707
4.8100000000000005	0.46206038150165224
4.82	0.46217569135426595
4.83	0.4622912818339067
4.84	0.4624071531860629
4.8500000000000005	0.462523305656223
4.86	0.46263973949394194
4.87	0.4627564549778603
4.88	0.4628734523776318
4.89	0.4629907319593564
4.9	0.46310829398913395
4.91	0.4632261387330642
4.92	0.46334426645724697
4.93	0.46346267742778213
4.94	0.4635813719107695
4.95	0.4637003501723089
4.96	0.4638196124785002
4.97	0.4639391590954431
4.98	0.4640589902892376
4.99	0.4641791063259834
5.	0.4642995074717804
5.01	0.4644201939927284
5.0200000000000005	0.4645411661549272
5.03	0.4646624242244767
5.04	0.4647839684674766
5.05	0.4649057991500269
5.0600000000000005	0.4650279165382273
5.07	0.46515032089817765
5.08	0.4652730124959778
5.09	0.46539599159772754
5.1000000000000005	0.4655192584695268
5.11	0.46564281337747526
5.12	0.46576665658767286
5.13	0.4658907883662194
5.14	0.46601520897921467
5.15	0.46613991869275856
5.16	0.4662649177729508
5.17	0.46639020648589136
5.18	0.46651578509767994
5.19	0.4666416538744164
5.2	0.4667678130822006
5.21	0.4668942629871324
5.22	0.46702100385531153
5.23	0.4671480359528379
5.24	0.46727535954581123
5.25	0.46740297490033145
5.26	0.4675308822824984
5.2700000000000005	0.4676590819584118
5.28	0.4677875741941716
5.29	0.46791635925587755
5.3	0.4680454374096295
5.3100000000000005	0.4681748089215273
5.32	0.4683044740819658
5.33	0.46843443319417266
5.34	0.4685646865418118
5.3500000000000005	0.4686952344085437
5.36	0.4688260770780287
5.37	0.46895721483392705
5.38	0.46908864795989924
5.39	0.46922037673960554
5.4	0.46935240145670637
5.41	0.469484722394862
5.42	0.4696173398377329
5.43	0.4697502540689794
5.44	0.46988346537226183
5.45	0.47001697403124054
5.46	0.4701507803295759
5.47	0.4702848845509283
5.48	0.47041928697895813
5.49	0.4705539878973256
5.5	0.47068898758969124
5.51	0.4708242863397153
5.5200000000000005	0.47095988443105824
5.53	0.4710957821473803
5.54	0.47123197977234194
5.55	0.47136847758960343
5.5600000000000005	0.4715052758828252
5.57	0.4716423749356676
5.58	0.4717797750317909
5.59	0.47191747645485566
5.6000000000000005	0.47205547948852206
5.61	0.4721937844164505
5.62	0.47233239152230133
5.63	0.472471301089735
5.64	0.4726105134024118
5.65	0.472750028743992
5.66	0.47288984739813616
5.67	0.47302996964850447
5.68	0.4731703957787574
5.69	0.4733111260725552
5.7	0.47345216081355834
5.71	0.4735935002854271
5.72	0.47373514477182194
5.73	0.4738770945564031
5.74	0.474019349922831
5.75	0.47416191115476597
5.76	0.4743047785358684
5.7700000000000005	0.47444795235633797
5.78	0.4745914329460902
5.79	0.4747352206082128
5.8	0.47487931563900626
5.8100000000000005	0.4750237183347708
5.82	0.4751684289918067
5.83	0.47531344790641433
5.84	0.47545877537489395
5.8500000000000005	0.4756044116935459
5.86	0.4757503571586705
5.87	0.47589661206656797
5.88	0.4760431767135388
5.89	0.47619005139588316
5.9	0.47633723640990144
5.91	0.4764847320518939
5.92	0.4766325386181609
5.93	0.4767806564050027
5.94	0.47692908570871967
5.95	0.47707782682561206
5.96	0.4772268800519802
5.97	0.47737624568412446
5.98	0.4775259240183451
5.99	0.4776759153509424
6.	0.4778262199782167
6.01	0.4779768381964684
6.0200000000000005	0.4781277703019977
6.03	0.47827901659110494
6.04	0.4784305773600905
6.05	0.4785824529052546
6.0600000000000005	0.4787346435228976
6.07	0.47888714950931976
6.08	0.4790399711608214
6.09	0.47919310877370297
6.1000000000000005	0.4793465626442646
6.11	0.47950033306880674
6.12	0.4796544203436296
6.13	0.4798088247650335
6.140000000000001	0.47996354662931884
6.15	0.4801185862327859
6.16	0.48027394387173494
6.17	0.4804296198424663
6.18	0.4805856144412803
6.19	0.48074192796447723
6.2	0.48089856070835746
6.21	0.4810555129692213
6.22	0.48121278504336895
6.23	0.4813703772506882
6.24	0.4815282899158797
6.25	0.4816865233402203
6.26	0.4818450778249806
6.2700000000000005	0.4820039536714315
6.28	0.4821631511808437
6.29	0.48232267065448786
6.3	0.48248251239363477
6.3100000000000005	0.48264267669955524
6.32	0.4828031638735199
6.33	0.48296397421679954
6.34	0.48312510803066494
6.3500000000000005	0.4832865656163868
6.36	0.48344834727523583
6.37	0.4836104533084828
6.38	0.48377288401739843
6.390000000000001	0.48393563970325354
6.4	0.4840987206673188
6.41	0.4842621272108649
6.42	0.4844258596351627
6.43	0.4845899182414829
6.44	0.4847543033310962
6.45	0.48491901520527336
6.46	0.48508405416528516
6.47	0.4852494205124023
6.48	0.48541511454946357
6.49	0.48558113658441615
6.5	0.48574748691861297
6.51	0.485914165852543
6.5200000000000005	0.4860811736866952
6.53	0.4862485107215585
6.54	0.48641617725762204
6.55	0.48658417359537476
6.5600000000000005	0.4867525000353056
6.57	0.48692115687790377
6.58	0.48709014442365806
6.59	0.48725946297305756
6.6000000000000005	0.4874291128265913
6.61	0.4875990942847482
6.62	0.4877694076480173
6.63	0.48794005321688766
6.640000000000001	0.48811103129184824
6.65	0.48828234217338806
6.66	0.4884539861619961
6.67	0.48862596355816135
6.68	0.48879827466237286
6.69	0.48897091977511964
6.7	0.4891438991968906
6.71	0.4893172132281749
6.72	0.48949086216946136
6.73	0.4896648463214804
6.74	0.4898391659940922
6.75	0.49001382148865225
6.76	0.4901888131002034
6.7700000000000005	0.4903641411237886
6.78	0.49053980585445073
6.79	0.49071580758723266
6.8	0.49089214661717734
6.8100000000000005	0.4910688232393277
6.82	0.49124583774872654
6.83	0.4914231904404169
6.84	0.49160088160944154
6.8500000000000005	0.4917789115508434
6.86	0.4919572805596655
6.87	0.4921359889309506
6.88	0.49231503695974166
6.890000000000001	0.4924944249410816
6.9	0.49267415317001323
6.91	0.4928542219415796
6.92	0.4930346315508235
6.93	0.4932153822927879
6.94	0.49339647446251567
6.95	0.49357790835504967
6.96	0.4937596842654329
6.97	0.4939418024887081
6.98	0.49412426331991843
6.99	0.4943070670590258
7.	0.49449021400774545
7.01	0.49467370445244796
7.0200000000000005	0.49485753867895005
7.03	0.49504171697306854
7.04	0.49522623962062
7.05	0.49541110690742135
7.0600000000000005	0.49559631911928936
7.07	0.49578187654204064
7.08	0.495967779461492
7.09	0.4961540281634602
7.1000000000000005	0.4963406229337621
7.11	0.49652756405821424
7.12	0.49671485182263353
7.13	0.49690248651283664
7.140000000000001	0.4970904684146404
7.15	0.4972787978138615
7.16	0.4974674749963167
7.17	0.4976565002478227
7.18	0.49784587385419643
7.19	0.4980355961012545
7.2	0.4982256672748136
7.21	0.4984160876606906
7.22	0.4986068575447023
7.23	0.49879797721266533
7.24	0.49898944695144304
7.25	0.49918126705417015
7.26	0.4993734377960261
7.2700000000000005	0.4995659594477803
7.28	0.49975883228020185
7.29	0.49995205656406
7.3	0.500145632570124
7.3100000000000005	0.5003395605691631
7.32	0.5005338408319465
7.33	0.5007284736292434
7.34	0.5009234592318231
7.3500000000000005	0.5011187979104548
7.36	0.5013144899359077
7.37	0.5015105355789509
7.38	0.5017069351103539
7.390000000000001	0.5019036888008858
7.4	0.5021007969213157
7.41	0.5022982597424132
7.42	0.5024960775349471
7.43	0.5026942505696868
7.44	0.5028927791174015
7.45	0.5030916634488606
7.46	0.503290903834833
7.47	0.5034905005460882
7.48	0.5036904538533955
7.49	0.5038907640275238
7.5	0.5040914313464983
7.51	0.5042924560747362
7.5200000000000005	0.5044938384592063
7.53	0.5046955787468491
7.54	0.5048976771846049
7.55	0.5051001340194139
7.5600000000000005	0.5053029494982165
7.57	0.505506123867953
7.58	0.5057096573755637
7.59	0.5059135502679889
7.6000000000000005	0.506117802792169
7.61	0.5063224151950442
7.62	0.5065273877235548
7.63	0.5067327206246411
7.640000000000001	0.5069384141452437
7.65	0.5071444685323024
7.66	0.5073508840327581
7.67	0.5075576608935506
7.68	0.5077647993616204
7.69	0.5079722996839079
7.7	0.5081801621073534
7.71	0.5083883868788971
7.72	0.5085969742454793
7.73	0.5088059244540405
7.74	0.5090152377515209
7.75	0.5092249143838214
7.76	0.5094349545808504
7.7700000000000005	0.509645358560196
7.78	0.5098561265391477
7.79	0.5100672587349958
7.8	0.5102787553650301
7.8100000000000005	0.5104906166465404
7.82	0.5107028427968168
7.83	0.5109154340331491
7.84	0.5111283905728272
7.8500000000000005	0.5113417126331412
7.86	0.5115554004313807
7.87	0.5117694541848359
7.88	0.5119838741107966
7.890000000000001	0.5121986604265527
7.9	0.5124138133493941
7.91	0.5126293330966107
7.92	0.5128452198854925
7.930000000000001	0.5130614739333295
7.94	0.5132780954574113
7.95	0.5134950846750281
7.96	0.5137124418034696
7.97	0.513930167060026
7.98	0.5141482606694194
7.99	0.5143667228708052
8.	0.5145855538454049
8.01	0.5148047537672816
8.02	0.5150243228104986
8.03	0.5152442611491189
8.040000000000001	0.5154645689572057
8.05	0.5156852464088221
8.06	0.5159062936780312
8.07	0.5161277109388962
8.08	0.5163494983654803
8.09	0.5165716561318465
8.1	0.516794184412058
8.11	0.5170170833801779
8.120000000000001	0.5172403532102695
8.13	0.5174639940763958
8.14	0.5176880061526199
8.15	0.5179123896130049
8.16	0.5181371446316141
8.17	0.5183622713825106
8.18	0.5185877700397575
8.19	0.5188136407774179
8.2	0.519039883769555
8.21	0.5192664991886761
8.22	0.5194934871857962
8.23	0.5197208478974574
8.24	0.519948581460054
8.25	0.5201766880099804
8.26	0.5204051676836314
8.27	0.5206340206174017
8.28	0.5208632469476857
8.290000000000001	0.521092846810878
8.3	0.5213228203433731
8.31	0.5215531676815658
8.32	0.5217838889618505
8.33	0.5220149843206217
8.34	0.5222464538942742
8.35	0.5224782978192024
8.36	0.522710516231801
8.370000000000001	0.5229431092684647
8.38	0.5231760770655877
8.39	0.5234094197595648
8.4	0.5236431374867906
8.41	0.5238772303836597
8.42	0.5241116985865666
8.43	0.5243465422319059
8.44	0.5245817614591294
8.45	0.5248173563954892
8.46	0.5250533271140961
8.47	0.5252896736827144
8.48	0.5255263961691081
8.49	0.5257634946410419
8.5	0.5260009691662798
8.51	0.5262388198125862
8.52	0.5264770466477253
8.53	0.5267156497394615
8.540000000000001	0.526954629155559
8.55	0.5271939849637821
8.56	0.527433717231895
8.57	0.5276738260276621
8.58	0.5279143114188477
8.59	0.5281551734732159
8.6	0.5283964122585312
8.61	0.5286380278425578
8.620000000000001	0.5288800202930599
8.63	0.529122389677802
8.64	0.5293651360645482
8.65	0.5296082595210627
8.66	0.5298517601151099
8.67	0.5300956379232126
8.68	0.530339893033656
8.69	0.5305845254451793
8.700000000000001	0.5308295351450109
8.71	0.531074922120379
8.72	0.5313206863585124
8.73	0.5315668278466393
8.74	0.5318133465719883
8.75	0.5320602425217879
8.76	0.5323075156832663
8.77	0.5325551660436522
8.78	0.5328031935901739
8.790000000000001	0.53305159831006
8.8	0.5333003801905388
8.81	0.5335495392188387
8.82	0.5337990753821885
8.83	0.5340489886678162
8.84	0.5342992790629506
8.85	0.5345499465548199
8.86	0.5348009911306527
8.870000000000001	0.5350524127776776
8.88	0.5353042114831226
8.89	0.5355563872342165
8.9	0.5358089400190162
8.91	0.5360618697994245
8.92	0.5363151764858229
8.93	0.5365688599843479
8.94	0.5368229202011359
8.950000000000001	0.5370773570423235
8.96	0.537332170414047
8.97	0.537587360222443
8.98	0.5378429263736478
8.99	0.538098868773798
9.	0.53835518732903
9.01	0.5386118819454802
9.02	0.5388689525292851
9.03	0.5391263989865813
9.040000000000001	0.539384221223505
9.05	0.5396424191461929
9.06	0.5399009926607814
9.07	0.5401599416734069
9.08	0.5404192660902057
9.09	0.5406789658173147
9.1	0.54093904076087
9.11	0.541199490827008
9.120000000000001	0.5414603159218655
9.13	0.5417215159590199
9.14	0.5419830908458569
9.15	0.5422450403789846
9.16	0.542507364341518
9.17	0.5427700625165724
9.18	0.5430331346872631
9.19	0.543296580636705
9.200000000000001	0.5435604001480137
9.21	0.543824593004304
9.22	0.5440891589886913
9.23	0.5443540978842908
9.24	0.5446194094742176
9.25	0.544885093541587
9.26	0.5451511498695141
9.27	0.5454175782411141
9.28	0.5456843784395025
9.290000000000001	0.5459515502477941
9.3	0.5462190934491041
9.31	0.546487007826548
9.32	0.5467552931632408
9.33	0.5470239492422977
9.34	0.5472929758468339
9.35	0.5475623727599647
9.36	0.5478321397712108
9.370000000000001	0.5481022766549125
9.38	0.5483727830694836
9.39	0.548643658659542
9.4	0.5489149030697055
9.41	0.5491865159445918
9.42	0.5494584969288189
9.43	0.5497308456670043
9.44	0.5500035618037661
9.450000000000001	0.550276644983722
9.46	0.5505500948514898
9.47	0.5508239110516873
9.48	0.5510980932289321
9.49	0.5513726410278424
9.5	0.5516475540930358
9.51	0.5519228320691301
9.52	0.552198474600743
9.53	0.5524744813324924
9.540000000000001	0.5527508519089963
9.55	0.5530275859748722
9.56	0.553304683174738
9.57	0.5535821431532115
9.58	0.5538599655549107
9.59	0.5541381500364944
9.6	0.5544166962606859
9.61	0.5546956037194628
9.620000000000001	0.5549748718812869
9.63	0.55525450021462
9.64	0.5555344881879236
9.65	0.5558148352696597
9.66	0.5560955409282898
9.67	0.5563766046322758
9.68	0.5566580258500794
9.69	0.5569398040501622
9.700000000000001	0.5572219387009861
9.71	0.5575044292710127
9.72	0.557787275228704
9.73	0.5580704760425214
9.74	0.5583540311809266
9.75	0.5586379401123817
9.76	0.5589222023053481
9.77	0.5592068172282877
9.78	0.5594917843496622
9.790000000000001	0.5597771031379333
9.8	0.5600627730615627
9.81	0.5603487935890122
9.82	0.5606351641691055
9.83	0.5609218840738529
9.84	0.5612089525894021
9.85	0.5614963690208369
9.86	0.5617841326732409
9.870000000000001	0.5620722428516979
9.88	0.5623606988612915
9.89	0.5626495000071051
9.9	0.5629386455942228
9.91	0.563228134927728
9.92	0.5635179673127046
9.93	0.563808142054236
9.94	0.564098658457406
9.950000000000001	0.5643895158272983
9.96	0.5646807134689966
9.97	0.5649722506875845
9.98	0.5652641267834931
9.99	0.5655563409460912
10.	0.5658488923128608
10.01	0.5661417800212829
10.02	0.5664350032088383
10.03	0.566728561013008
10.040000000000001	0.5670224525712727
10.05	0.5673166770211133
10.06	0.5676112335000109
10.07	0.5679061211454461
10.08	0.5682013390949
10.09	0.5684968864858535
10.1	0.5687927624557874
10.11	0.5690889661421825
10.120000000000001	0.5693854966825199
10.13	0.5696823532186771
10.14	0.5699795348374578
10.15	0.5702770404945455
10.16	0.5705748691347504
10.17	0.5708730197028822
10.18	0.5711714911437507
10.19	0.5714702824021656
10.200000000000001	0.5717693924229371
10.21	0.5720688201508749
10.22	0.5723685645307888
10.23	0.5726686245074887
10.24	0.5729689990257845
10.25	0.5732696870304859
10.26	0.5735706874664028
10.27	0.5738719992783452
10.28	0.5741736214112765
10.290000000000001	0.5744755528220561
10.3	0.5747777923079542
10.31	0.5750803385897405
10.32	0.5753831903881845
10.33	0.5756863464240558
10.34	0.5759898054181242
10.35	0.576293566091159
10.36	0.57659762716393
10.370000000000001	0.5769019873572069
10.38	0.5772066453917588
10.39	0.5775115999883558
10.4	0.5778168498677673
10.41	0.5781223937507629
10.42	0.5784282303581122
10.43	0.5787343584105847
10.44	0.5790407766675038
10.450000000000001	0.5793474838975063
10.46	0.5796544785682608
10.47	0.5799617591205899
10.48	0.5802693239953168
10.49	0.5805771716332643
10.5	0.5808853004752553
10.51	0.5811937089621128
10.52	0.5815023955346597
10.53	0.5818113586337188
10.540000000000001	0.5821205967001133
10.55	0.5824301081746659
10.56	0.5827398914981995
10.57	0.5830499451115372
10.58	0.5833602674555018
10.59	0.5836708569724401
10.6	0.5839817121716537
10.61	0.5842928313256147
10.620000000000001	0.5846042125873178
10.63	0.5849158541097577
10.64	0.5852277540459291
10.65	0.5855399105488268
10.66	0.5858523217714456
10.67	0.5861649858667805
10.68	0.5864779009878259
10.69	0.5867910652875767
10.700000000000001	0.5871044769190278
10.71	0.5874181340351737
10.72	0.5877320347890095
10.73	0.5880461773335296
10.74	0.588360559821729
10.75	0.5886751803139009
10.76	0.588990036514343
10.77	0.5893051262668805
10.78	0.5896204474360196
10.790000000000001	0.5899359978862673
10.8	0.5902517754821298
10.81	0.5905677780881139
10.82	0.590884003568726
10.83	0.5912004497884726
10.84	0.5915171145848198
10.85	0.5918339955975185
10.86	0.5921510904324003
10.870000000000001	0.5924683967021955
10.88	0.5927859120196339
10.89	0.5931036339974457
10.9	0.5934215602483611
10.91	0.5937396883851102
10.92	0.5940580160204227
10.93	0.5943765407442854
10.94	0.5946952599232166
10.950000000000001	0.5950141708619706
10.96	0.5953332708749043
10.97	0.5956525572763745
10.98	0.5959720273807381
10.99	0.5962916785023522
11.	0.5966115079555736
11.01	0.5969315130547592
11.02	0.5972516910687957
11.03	0.5975720388522663
11.040000000000001	0.5978925533718052
11.05	0.5982132316570449
11.06	0.5985340707376177
11.07	0.5988550676431558
11.08	0.5991762194032918
11.09	0.5994975230476579
11.1	0.5998189756058866
11.11	0.6001405740584256
11.120000000000001	0.6004623147489627
11.13	0.6007841941574454
11.14	0.6011062088910546
11.15	0.6014283555569707
11.16	0.6017506307623747
11.17	0.6020730311144471
11.18	0.6023955532203686
11.19	0.6027181936873199
11.200000000000001	0.6030409491237458
11.21	0.6033638159649983
11.22	0.603686790184061
11.23	0.6040098676865528
11.24	0.6043330443780924
11.25	0.6046563161642988
11.26	0.6049796789536181
11.27	0.6053031293254559
11.28	0.605626663402453
11.290000000000001	0.6059502766534862
11.3	0.6062739645474322
11.31	0.6065977225531679
11.32	0.6069215461395701
11.33	0.6072454312900786
11.34	0.6075693740996763
11.35	0.607893369545435
11.36	0.6082174125844704
11.370000000000001	0.6085414981738972
11.38	0.6088656212708309
11.39	0.6091897771743613
11.4	0.6095139618774319
11.41	0.6098381698685569
11.42	0.6101623954945117
11.43	0.6104866331020721
11.44	0.6108108770380135
11.450000000000001	0.6111351217428348
11.46	0.6114593623037234
11.47	0.6117835929084975
11.48	0.6121078075094212
11.49	0.612432000262446
11.5	0.6127561654149344
11.51	0.6130802964716419
11.52	0.6134043869052714
11.53	0.613728430731627
11.540000000000001	0.6140524213902412
11.55	0.6143763516876751
11.56	0.6147002145459971
11.57	0.6150240036163676
11.58	0.615347711148744
11.59	0.6156713290484156
11.6	0.6159948514398178
11.61	0.6163182736395382
11.620000000000001	0.6166415825623541
11.63	0.6169647647050858
11.64	0.6172878066827105
11.65	0.6176107000780534
11.66	0.6179334309989819
11.67	0.6182559816529387
11.68	0.6185783342473667
11.69	0.6189004702326143
11.700000000000001	0.6192223695429446
11.71	0.6195440160254656
11.72	0.6198653939257173
11.73	0.6201864874846806
11.74	0.6205072780354807
11.75	0.6208277492511906
11.76	0.6211478881868258
11.77	0.6214676818974015
11.78	0.6217871165247342
11.790000000000001	0.6221061745074131
11.8	0.6224248454092227
11.81	0.6227431200530359
11.82	0.6230609892617258
11.83	0.623378441276454
11.84	0.6236954653028831
11.85	0.6240120552416882
11.86	0.6243282050173697
11.870000000000001	0.6246439081455032
11.88	0.6249591548150807
11.89	0.6252739403842714
11.9	0.6255882617202836
11.91	0.6259021156903256
11.92	0.6262154991616056
11.93	0.6265284089584534
11.94	0.6268408391985584
11.950000000000001	0.6271527862758159
11.96	0.6274642487034907
11.97	0.6277752249948475
11.98	0.6280857136631511
11.99	0.6283957132216664
12.	0.628705221030426
12.01	0.6290142345412458
12.02	0.6293227532600512
12.030000000000001	0.6296307767080533
12.040000000000001	0.6299383044064634
12.05	0.6302453358764925
12.06	0.6305518699202826
12.07	0.6308579042880418
12.08	0.6311634394098005
12.09	0.6314684759042429
12.1	0.6317730143900536
12.11	0.6320770554859168
12.120000000000001	0.6323805998105168
12.13	0.6326836479825377
12.14	0.6329862001560805
12.15	0.6332882558516073
12.16	0.6335898160996025
12.17	0.6338908820224705
12.18	0.6341914547426152
12.19	0.6344915353824411
12.200000000000001	0.6347911250643523
12.21	0.635090224910753
12.22	0.6353888360440472
12.23	0.6356869595866391
12.24	0.6359845966609332
12.25	0.6362817483843289
12.26	0.6365784158615314
12.27	0.6368746002178058
12.280000000000001	0.6371703025805977
12.290000000000001	0.6374655240773521
12.3	0.6377602658355146
12.31	0.6380545289825303
12.32	0.6383483146458446
12.33	0.6386416239529031
12.34	0.6389344580311509
12.35	0.6392268180080333
12.36	0.6395187048811646
12.370000000000001	0.6398101191220057
12.38	0.6401010619187535
12.39	0.6403915345788758
12.4	0.6406815384098404
12.41	0.6409710747191151
12.42	0.6412601448141677
12.43	0.641548750002466
12.44	0.6418368915914777
12.450000000000001	0.6421245708886707
12.46	0.6424117892015125
12.47	0.6426985479299109
12.48	0.6429848486942148
12.49	0.6432706917330477
12.5	0.6435560770464098
12.51	0.6438410048112216
12.52	0.644125478200451
12.530000000000001	0.6444094983875701
12.540000000000001	0.6446930653725791
12.55	0.6449761791948584
12.56	0.6452588426033156
12.57	0.6455410572784643
12.58	0.6458228232203046
12.59	0.6461041404288362