4.5726037539E-03	1.4332588699E+50	1.1544683663E+53	1.2414882137E-03	8.0267538069E-01
1.2674863806E-01	1.4333113867E+50	1.1545933998E+53	1.2413992552E-03	8.0265107618E-01
2.4892467236E-01	1.4337731448E+50	1.1549554359E+53	1.2414099282E-03	8.0258164243E-01
3.7110070667E-01	1.4338949709E+50	1.1555532644E+53	1.2408731082E-03	8.0246705049E-01
4.9327674098E-01	1.4336335583E+50	1.1563897749E+53	1.2397494249E-03	8.0230731550E-01
6.1545277528E-01	1.4331909294E+50	1.1574609921E+53	1.2382196370E-03	8.0210245307E-01
7.3762880959E-01	1.4333771161E+50	1.1587716094E+53	1.2369798366E-03	8.0185248559E-01
8.5980484389E-01	1.4333200488E+50	1.1603236943E+53	1.2352760319E-03	8.0155744270E-01
9.8198087820E-01	1.4339407038E+50	1.1621152011E+53	1.2339058145E-03	8.0121734881E-01
1.1041569125E+00	1.4343586956E+50	1.1641493556E+53	1.2321088258E-03	8.0083224601E-01
1.2263329468E+00	1.4339458696E+50	1.1664311143E+53	1.2293446668E-03	8.0040217047E-01
1.3485089811E+00	1.4349285016E+50	1.1689607476E+53	1.2275249656E-03	7.9992717461E-01
1.4706850154E+00	1.4346486236E+50	1.1717410260E+53	1.2243734680E-03	7.9940728905E-01
1.5928610497E+00	1.4348429736E+50	1.1747739342E+53	1.2213779450E-03	7.9884260942E-01
1.7150370840E+00	1.4351051999E+50	1.1780643602E+53	1.2181891316E-03	7.9823316067E-01
1.8372131183E+00	1.4354654537E+50	1.1816159446E+53	1.2148325014E-03	7.9757902111E-01
1.9593891526E+00	1.4360989728E+50	1.1854302292E+53	1.2114580322E-03	7.9688025775E-01
2.0815651869E+00	1.4363796922E+50	1.1895124533E+53	1.2075364896E-03	7.9613694564E-01
2.2037412213E+00	1.4364251701E+50	1.1938697934E+53	1.2031673622E-03	7.9534916998E-01
2.3259172556E+00	1.4370604109E+50	1.1985042878E+53	1.1990448641E-03	7.9451701508E-01
2.4480932899E+00	1.4376035745E+50	1.2034211495E+53	1.1945972323E-03	7.9364056810E-01
2.5702693242E+00	1.4383777768E+50	1.2086261400E+53	1.1900932217E-03	7.9271992573E-01
2.6924453585E+00	1.4384572905E+50	1.2141235503E+53	1.1847701086E-03	7.9175519357E-01
2.8146213928E+00	1.4394763687E+50	1.2199229763E+53	1.1799731595E-03	7.9074647564E-01
2.9367974271E+00	1.4396872035E+50	1.2260305762E+53	1.1742669648E-03	7.8969388181E-01
3.0589734614E+00	1.4403187703E+50	1.2324492871E+53	1.1686637214E-03	7.8859752938E-01
3.1811494957E+00	1.4409947624E+50	1.2391900613E+53	1.1628520978E-03	7.8745754599E-01
3.3033255300E+00	1.4413335401E+50	1.2462624985E+53	1.1565248427E-03	7.8627405776E-01
3.4255015643E+00	1.4418434209E+50	1.2536718597E+53	1.1500963428E-03	7.8504719428E-01
3.5476775986E+00	1.4428176508E+50	1.2614273685E+53	1.1437976429E-03	7.8377709903E-01
3.6698536329E+00	1.4458744713E+50	1.2695399240E+53	1.1388964174E-03	7.8246392075E-01
3.7920296672E+00	1.4465038150E+50	1.2780182838E+53	1.1318334278E-03	7.8110780767E-01
3.9142057015E+00	1.4471444168E+50	1.2868724770E+53	1.1245437622E-03	7.7970891329E-01
4.0363817358E+00	1.4485627886E+50	1.2961149492E+53	1.1176190734E-03	7.7826740664E-01
4.1585577701E+00	1.4494184041E+50	1.3057576044E+53	1.1100210324E-03	7.7678346299E-01
4.2807338044E+00	1.4516494092E+50	1.3158118804E+53	1.1032347639E-03	7.7525724337E-01
4.4029098388E+00	1.4525479559E+50	1.3262910853E+53	1.0951954454E-03	7.7368894263E-01
4.5250858731E+00	1.4538017435E+50	1.3372101576E+53	1.0871901737E-03	7.7207875064E-01
4.6472619074E+00	1.4559623842E+50	1.3485843602E+53	1.0796227712E-03	7.7042685495E-01
4.7694379417E+00	1.4582867159E+50	1.3604295881E+53	1.0719310494E-03	7.6873346626E-01
4.8916139760E+00	1.4605271900E+50	1.3727613435E+53	1.0639337980E-03	7.6699879320E-01
5.0137900103E+00	1.4618083830E+50	1.3855959187E+53	1.0550033839E-03	7.6522305167E-01
5.1359660446E+00	1.4646458651E+50	1.3989530108E+53	1.0469585853E-03	7.6340646843E-01
5.2581420789E+00	1.4662321819E+50	1.4128548104E+53	1.0377797996E-03	7.6154927611E-01
5.3803181132E+00	1.4694953769E+50	1.4273222424E+53	1.0295470310E-03	7.5965171492E-01
5.5024941475E+00	1.4725193288E+50	1.4423759784E+53	1.0208984002E-03	7.5771403452E-01
5.6246701818E+00	1.4753958448E+50	1.4580393504E+53	1.0119039959E-03	7.5573649162E-01
5.7468462161E+00	1.4781085319E+50	1.4743386266E+53	1.0025570145E-03	7.5371935259E-01
5.8690222504E+00	1.4815400769E+50	1.4913017985E+53	9.9345422796E-04	7.5166289249E-01
5.9911982847E+00	1.4851675428E+50	1.5089580898E+53	9.8423379205E-04	7.4956739521E-01
6.1133743190E+00	1.4886291331E+50	1.5273389239E+53	9.7465540211E-04	7.4743315461E-01
6.2355503533E+00	1.4927790719E+50	1.5464769895E+53	9.6527726056E-04	7.4526047476E-01
6.3577263876E+00	1.4971664309E+50	1.5664075960E+53	9.5579620193E-04	7.4304966942E-01
6.4799024219E+00	1.5020388397E+50	1.5871686822E+53	9.4636370827E-04	7.4080106256E-01
6.6020784563E+00	1.5062457872E+50	1.6088013112E+53	9.3625345574E-04	7.3851499248E-01
6.7242544906E+00	1.5117589690E+50	1.6313501538E+53	9.2669189722E-04	7.3619180420E-01
6.8464305249E+00	1.5174228940E+50	1.6548632595E+53	9.1694759993E-04	7.3383185846E-01
6.9686065592E+00	1.5220947085E+50	1.6793932566E+53	9.0633608449E-04	7.3143552697E-01
7.0907825935E+00	1.5282610192E+50	1.7049959081E+53	8.9634292491E-04	7.2900319534E-01
7.2129586278E+00	1.5352528426E+50	1.7317312786E+53	8.8654219135E-04	7.2653526275E-01
7.3351346621E+00	1.5424164222E+50	1.7596653348E+53	8.7653964178E-04	7.2403214328E-01
7.4573106964E+00	1.5498477752E+50	1.7888694033E+53	8.6638396988E-04	7.2149426475E-01
7.5794867307E+00	1.5577297531E+50	1.8194224461E+53	8.5616716251E-04	7.1892207367E-01
7.7016627650E+00	1.5653132819E+50	1.8514106012E+53	8.4547062704E-04	7.1631603006E-01
7.8238387993E+00	1.5747478526E+50	1.8849284408E+53	8.3544171683E-04	7.1367661487E-01
7.9460148336E+00	1.5841587147E+50	1.9200809984E+53	8.2504785788E-04	7.1100432529E-01
8.0681908679E+00	1.5942158364E+50	1.9569822581E+53	8.1462968293E-04	7.0829967981E-01
8.1903669022E+00	1.6054660244E+50	1.9957599618E+53	8.0443843708E-04	7.0556321797E-01
8.3125429365E+00	1.6174757208E+50	2.0365551405E+53	7.9422142257E-04	7.0279550087E-01
8.4347189708E+00	1.6292184202E+50	2.0795250956E+53	7.8345696511E-04	6.9999711421E-01
8.5568950051E+00	1.6420736656E+50	2.1248468258E+53	7.7279625319E-04	6.9716866711E-01
8.6790710394E+00	1.6571781011E+50	2.1727152858E+53	7.6272216240E-04	6.9431079794E-01
8.8012470738E+00	1.6724136329E+50	2.2233549270E+53	7.5220272415E-04	6.9142417550E-01
8.9234231081E+00	1.6886682158E+50	2.2770224006E+53	7.4161247401E-04	6.8850949687E-01
9.0455991424E+00	1.7068853263E+50	2.3339999276E+53	7.3131335871E-04	6.8556749310E-01
9.1677751767E+00	1.7261707355E+50	2.3946166411E+53	7.2085473134E-04	6.8259893345E-01
9.2899512110E+00	1.7479170477E+50	2.4592514977E+53	7.1075164510E-04	6.7960462314E-01
9.4121272453E+00	1.7696238963E+50	2.5283342858E+53	6.9991690031E-04	6.7658541546E-01
9.5343032796E+00	1.7950895517E+50	2.6023776565E+53	6.8978825852E-04	6.7354220484E-01
9.6564793139E+00	1.8239357381E+50	2.6819625698E+53	6.8007501621E-04	6.7047593930E-01
9.7786553482E+00	1.8524790923E+50	2.7677831548E+53	6.6930066002E-04	6.6738762371E-01
9.9008313825E+00	1.8864100136E+50	2.8606488549E+53	6.5943431342E-04	6.6427832362E-01
1.0023007417E+01	1.9227288379E+50	2.9615301427E+53	6.4923493775E-04	6.6114917520E-01
1.0145183451E+01	1.9629163151E+50	3.0715635358E+53	6.3906095129E-04	6.5800139085E-01
1.0267359485E+01	2.0085817435E+50	3.1921180709E+53	6.2923165714E-04	6.5483627109E-01
1.0389535520E+01	2.0586775695E+50	3.3247979648E+53	6.1918877216E-04	6.5165521541E-01
1.0511711554E+01	2.1148129124E+50	3.4715069019E+53	6.0919161971E-04	6.4845973707E-01
1.0633887588E+01	2.1791802511E+50	3.6344068453E+53	5.9959722284E-04	6.4525148184E-01
1.0756063623E+01	2.2503572653E+50	3.8157790850E+53	5.8975040619E-04	6.4203225080E-01
1.0878239657E+01	2.3313489180E+50	4.0175955355E+53	5.8028462483E-04	6.3880403078E-01
1.1000415691E+01	2.4215113551E+50	4.2402505194E+53	5.7107742669E-04	6.3556903477E-01
1.1122591726E+01	2.5138965639E+50	4.4791887404E+53	5.6123925773E-04	6.3232975751E-01
1.1244767760E+01	2.6019282244E+50	4.7162040540E+53	5.5169967088E-04	6.2908905460E-01
1.1366943794E+01	2.6582758032E+50	4.8957747227E+53	5.4297347280E-04	6.2585025936E-01
1.1489119828E+01	2.6145604874E+50	4.8945978996E+53	5.3417268200E-04	6.2261735954E-01
1.1611295863E+01	2.3473772449E+50	4.4714917150E+53	5.2496513346E-04	6.1939527323E-01
1.1733471897E+01	1.0475281900E+50	2.0283923959E+53	5.1643271396E-04	6.1619123113E-01
1.1855647931E+01	2.4879293043E+49	4.9030116828E+52	5.0742879383E-04	6.1301825191E-01
1.1977823966E+01	5.7104097846E+48	1.1435526251E+52	4.9935697401E-04	6.0988662983E-01
1.2100000000E+01	1.0036741029E+48	2.0416219309E+51	4.9160625072E-04	6.0680016880E-01
