r(km) nb(fm^-3) Ye Ymu Yp Yn mu_n(MeV) mu_p(MeV) mu_e(MeV) mu_mu(MeV)
4.57260376E-03 4.29526028E-01 7.92034306E-02 4.78539396E-02 0.127057 0.872943 2.26292685E+02 2.97800149E+01 1.97805970E+02 9.21476004E+01
1.37178113E-02 4.29525708E-01 7.92033695E-02 4.78538736E-02 0.127057 0.872943 2.26292332E+02 2.97797616E+01 1.97805870E+02 9.21475004E+01
2.57484969E-02 4.29524802E-01 7.92031960E-02 4.78536867E-02 0.127057 0.872943 2.26291330E+02 2.97790437E+01 1.97805587E+02 9.21472169E+01
4.14371607E-02 4.29522791E-01 7.92028111E-02 4.78532718E-02 0.127056 0.872944 2.26289108E+02 2.97774504E+01 1.97804958E+02 9.21465878E+01
6.11452927E-02 4.29518934E-01 7.92020727E-02 4.78524761E-02 0.127055 0.872945 2.26284845E+02 2.97743944E+01 1.97803751E+02 9.21453811E+01
8.50723914E-02 4.29512260E-01 7.92007951E-02 4.78510991E-02 0.127052 0.872948 2.26277469E+02 2.97691063E+01 1.97801663E+02 9.21432929E+01
1.13367165E-01 4.29501548E-01 7.91987447E-02 4.78488893E-02 0.127048 0.872952 2.26265631E+02 2.97606196E+01 1.97798311E+02 9.21399416E+01
1.46164582E-01 4.29485310E-01 7.91956364E-02 4.78455394E-02 0.127041 0.872959 2.26247686E+02 2.97477545E+01 1.97793231E+02 9.21348612E+01
1.83595243E-01 4.29461762E-01 7.91911292E-02 4.78406817E-02 0.127032 0.872968 2.26221664E+02 2.97290999E+01 1.97785864E+02 9.21274941E+01
2.25786898E-01 4.29428811E-01 7.91848224E-02 4.78338844E-02 0.127019 0.872981 2.26185252E+02 2.97029972E+01 1.97775555E+02 9.21171849E+01
2.72864333E-01 4.29384026E-01 7.91762513E-02 4.78246465E-02 0.127001 0.872999 2.26135768E+02 2.96675245E+01 1.97761543E+02 9.21031736E+01
3.24949146E-01 4.29324624E-01 7.91648838E-02 4.78123944E-02 0.126977 0.873023 2.26070140E+02 2.96204805E+01 1.97742959E+02 9.20845894E+01
3.82159607E-01 4.29247446E-01 7.91501166E-02 4.77964776E-02 0.126947 0.873053 2.25984884E+02 2.95593704E+01 1.97718814E+02 9.20604442E+01
4.44610600E-01 4.29148941E-01 7.91312716E-02 4.77761648E-02 0.126907 0.873093 2.25876088E+02 2.94813915E+01 1.97687997E+02 9.20296270E+01
5.12413606E-01 4.29025142E-01 7.91075929E-02 4.77506404E-02 0.126858 0.873142 2.25739387E+02 2.93834198E+01 1.97649267E+02 9.19908976E+01
5.85676686E-01 4.28871652E-01 7.90782429E-02 4.77190009E-02 0.126797 0.873203 2.25569949E+02 2.92619978E+01 1.97601251E+02 9.19428810E+01
6.64504465E-01 4.28683625E-01 7.90423005E-02 4.76802517E-02 0.126723 0.873277 2.25362455E+02 2.91133236E+01 1.97542431E+02 9.18840616E+01
7.48998096E-01 4.28455745E-01 7.89987573E-02 4.76333038E-02 0.126632 0.873368 2.25111089E+02 2.89332410E+01 1.97471148E+02 9.18127781E+01
8.39255216E-01 4.28182215E-01 7.89465162E-02 4.75769717E-02 0.126523 0.873477 2.24809520E+02 2.87172321E+01 1.97385588E+02 9.17272184E+01
9.35369876E-01 4.27856736E-01 7.88843890E-02 4.75099703E-02 0.126394 0.873606 2.24450895E+02 2.84604109E+01 1.97283784E+02 9.16254145E+01
1.03743247E+00 4.27472493E-01 7.88110952E-02 4.74309136E-02 0.126242 0.873758 2.24027828E+02 2.81575198E+01 1.97163608E+02 9.15052385E+01
1.14552961E+00 4.27022144E-01 7.87252609E-02 4.73383128E-02 0.126064 0.873936 2.23532397E+02 2.78029290E+01 1.97022768E+02 9.13643980E+01
1.25974409E+00 4.26497804E-01 7.86254183E-02 4.72305756E-02 0.125856 0.874144 2.22956141E+02 2.73906388E+01 1.96858803E+02 9.12004327E+01
1.38015470E+00 4.25891031E-01 7.85100064E-02 4.71060057E-02 0.125616 0.874384 2.22290065E+02 2.69142845E+01 1.96669081E+02 9.10107111E+01
1.50683617E+00 4.25192820E-01 7.83773719E-02 4.69628035E-02 0.12534 0.87466 2.21524644E+02 2.63671471E+01 1.96450797E+02 9.07924274E+01
1.63985905E+00 4.24393588E-01 7.82257711E-02 4.67990664E-02 0.125025 0.874975 2.20649835E+02 2.57421662E+01 1.96200969E+02 9.05425994E+01
1.77928966E+00 4.23483168E-01 7.80533726E-02 4.66127915E-02 0.124666 0.875334 2.19655096E+02 2.50319596E+01 1.95916436E+02 9.02580666E+01
1.92519002E+00 4.22450798E-01 7.78582615E-02 4.64018778E-02 0.12426 0.87574 2.18529405E+02 2.42288466E+01 1.95593859E+02 8.99354887E+01
2.07761787E+00 4.21285113E-01 7.76384439E-02 4.61641297E-02 0.123803 0.876197 2.17261293E+02 2.33248783E+01 1.95229715E+02 8.95713447E+01
2.23662672E+00 4.19974138E-01 7.73918536E-02 4.58972618E-02 0.123289 0.876711 2.15838874E+02 2.23118724E+01 1.94820302E+02 8.91619322E+01
2.40226599E+00 4.18505276E-01 7.71163589E-02 4.55989041E-02 0.122715 0.877285 2.14249893E+02 2.11814562E+01 1.94361737E+02 8.87033674E+01
2.57458130E+00 4.16865300E-01 7.68097716E-02 4.52666082E-02 0.122076 0.877924 2.12481768E+02 1.99251145E+01 1.93849954E+02 8.81915840E+01
2.75361481E+00 4.15040332E-01 7.64698572E-02 4.48978546E-02 0.121368 0.878632 2.10521649E+02 1.85342452E+01 1.93280704E+02 8.76223338E+01
2.93940584E+00 4.13015830E-01 7.60943454E-02 4.44900603E-02 0.120584 0.879416 2.08356476E+02 1.70002215E+01 1.92649554E+02 8.69911845E+01
3.13199164E+00 4.10776555E-01 7.56809437E-02 4.40405869E-02 0.119722 0.880278 2.05973048E+02 1.53144600E+01 1.91951888E+02 8.62935181E+01
3.33140850E+00 4.08306537E-01 7.52273503E-02 4.35467492E-02 0.118774 0.881226 2.03358092E+02 1.34684954E+01 1.91182897E+02 8.55245268E+01
3.53769316E+00 4.05589019E-01 7.47312691E-02 4.30058228E-02 0.117737 0.882263 2.00498336E+02 1.14540598E+01 1.90337576E+02 8.46792060E+01
3.75088478E+00 4.02606381E-01 7.41904253E-02 4.24150511E-02 0.116605 0.883395 1.97380579E+02 9.26316604E+00 1.89410713E+02 8.37523430E+01
3.97102744E+00 3.99340039E-01 7.36025802E-02 4.17716501E-02 0.115374 0.884626 1.93991762E+02 6.88819225E+00 1.88396870E+02 8.27385000E+01
4.19817347E+00 3.95770304E-01 7.29655468E-02 4.10728099E-02 0.114038 0.885962 1.90319023E+02 4.32196558E+00 1.87290357E+02 8.16319875E+01
4.43238792E+00 3.91876175E-01 7.22772024E-02 4.03156900E-02 0.112593 0.887407 1.86349735E+02 1.55784012E+00 1.86085195E+02 8.04268253E+01
4.67375443E+00 3.87635071E-01 7.15354987E-02 3.94974071E-02 0.111033 0.888967 1.82071517E+02 0.00000000E+00 1.84775054E+02 7.91166842E+01
4.92238325E+00 3.83022442E-01 7.07384656E-02 3.86150087E-02 0.109353 0.890647 1.77472192E+02 0.00000000E+00 1.83353171E+02 7.76948012E+01
5.17842231E+00 3.78011224E-01 6.98842048E-02 3.76654276E-02 0.10755 0.89245 1.72539670E+02 0.00000000E+00 1.81812223E+02 7.61538529E+01
5.44207277E+00 3.72571057E-01 6.89708671E-02 3.66454052E-02 0.105616 0.894384 1.67261720E+02 0.00000000E+00 1.80144138E+02 7.44857679E+01
5.71361178E+00 3.66667147E-01 6.79966014E-02 3.55513654E-02 0.103548 0.896452 1.61625541E+02 0.00000000E+00 1.78339812E+02 7.26814422E+01
5.99342668E+00 3.60258546E-01 6.69594563E-02 3.43792097E-02 0.101339 0.898661 1.55617029E+02 0.00000000E+00 1.76388667E+02 7.07302976E+01
6.28206928E+00 3.53295463E-01 6.58571976E-02 3.31239745E-02 0.0989812 0.901019 1.49219507E+02 0.00000000E+00 1.74277942E+02 6.86195721E+01
6.58034673E+00 3.45714845E-01 6.46869681E-02 3.17792419E-02 0.0964662 0.903534 1.42411469E+02 0.00000000E+00 1.71991498E+02 6.63331280E+01
6.88948593E+00 3.37432581E-01 6.34446274E-02 3.03360634E-02 0.0937807 0.906219 1.35162356E+02 0.00000000E+00 1.69507681E+02 6.38493109E+01
7.20341031E+00 3.28562183E-01 6.21567182E-02 2.88203548E-02 0.0909771 0.909023 1.27619664E+02 0.00000000E+00 1.66864534E+02 6.12061643E+01
7.51394744E+00 3.19310625E-01 6.08610905E-02 2.72720443E-02 0.0881331 0.911867 1.19998700E+02 0.00000000E+00 1.64126960E+02 5.84685898E+01
7.82044726E+00 3.09688621E-01 5.95655710E-02 2.56960931E-02 0.0852617 0.914738 1.12340673E+02 0.00000000E+00 1.61300539E+02 5.56421691E+01
8.12222573E+00 2.99707219E-01 5.82777266E-02 2.40968947E-02 0.0823746 0.917625 1.04686874E+02 0.00000000E+00 1.58390446E+02 5.27320762E+01
8.41852353E+00 2.89378806E-01 5.70047530E-02 2.24782226E-02 0.079483 0.920517 9.70791066E+01 0.00000000E+00 1.55401449E+02 4.97430793E+01
8.79751163E+00 2.75325783E-01 5.53680523E-02 2.03298722E-02 0.0756979 0.924302 8.72383092E+01 0.00000000E+00 1.51367035E+02 4.57086655E+01
9.13561384E+00 2.61884601E-01 5.39011519E-02 1.83260279E-02 0.0722272 0.927773 7.83761977E+01 0.00000000E+00 1.47536246E+02 4.18778758E+01
9.43779917E+00 2.49029898E-01 5.25820935E-02 1.64476676E-02 0.0690298 0.93097 7.04029329E+01 0.00000000E+00 1.43888465E+02 3.82300954E+01
9.70802375E+00 2.36739371E-01 5.13898559E-02 1.46778903E-02 0.0660677 0.933932 6.32373775E+01 0.00000000E+00 1.40403832E+02 3.47454617E+01
9.94955540E+00 2.24992711E-01 5.03044759E-02 1.30020874E-02 0.0633066 0.936693 5.68060347E+01 0.00000000E+00 1.37063399E+02 3.14050290E+01
1.01651819E+01 2.13770976E-01 4.93071985E-02 1.14081643E-02 0.0607154 0.939285 5.10423083E+01 0.00000000E+00 1.33849363E+02 2.81909929E+01
1.03573482E+01 2.03056212E-01 4.83806216E-02 9.88679027E-03 0.0582674 0.941733 4.58859194E+01 0.00000000E+00 1.30745278E+02 2.50869079E+01
1.05282482E+01 1.92831199E-01 4.75088196E-02 8.43168066E-03 0.0559405 0.944059 4.12823963E+01 0.00000000E+00 1.27736234E+02 2.20778645E+01
1.06798857E+01 1.83079301E-01 4.66774375E-02 7.03993312E-03 0.0537174 0.946283 3.71825816E+01 0.00000000E+00 1.24808983E+02 1.91506129E+01
1.08141142E+01 1.73784361E-01 4.58737558E-02 5.71246852E-03 0.0515862 0.948414 3.35421142E+01 0.00000000E+00 1.21952001E+02 1.62936307E+01
1.09326618E+01 1.64930644E-01 4.50867231E-02 4.45466962E-03 0.0495414 0.950459 3.03208431E+01 0.00000000E+00 1.19155508E+02 1.34971382E+01
1.10371460E+01 1.56502800E-01 4.43069613E-02 3.27740834E-03 0.0475844 0.952416 2.74821428E+01 0.00000000E+00 1.16411440E+02 1.07530705E+01
1.11290814E+01 1.48485853E-01 4.35267431E-02 2.19889851E-03 0.0457256 0.954274 2.49921222E+01 0.00000000E+00 1.13713385E+02 8.05501536E+00
1.12098834E+01 1.40865197E-01 4.27399446E-02 1.24856927E-03 0.0439885 0.956011 2.28187648E+01 0.00000000E+00 1.11056489E+02 5.39811895E+00
1.12808704E+01 1.33626632E-01 4.19419809E-02 4.77384979E-04 0.0424194 0.957581 2.09311322E+01 0.00000000E+00 1.08437358E+02 2.77898853E+00
1.13432633E+01 1.26756207E-01 4.11296985E-02 9.22138227E-06 0.0411389 0.958861 1.92987488E+01 0.00000000E+00 1.05853877E+02 1.95506663E-01
1.13981852E+01 1.20239976E-01 4.03012326E-02 0.00000000E+00 0.0403012 0.959699 1.78914093E+01 0.00000000E+00 1.03304959E+02 -1.05658370E+02
1.14466558E+01 1.14063136E-01 3.94557452E-02 0.00000000E+00 0.0394557 0.960544 1.66793947E+01 0.00000000E+00 1.00790025E+02 -1.05658370E+02
1.14772409E+01 1.09931209E-01 3.88534851E-02 0.00000000E+00 0.0388535 0.961147 1.59316163E+01 0.00000000E+00 9.90488781E+01 -1.05658370E+02
1.15021548E+01 1.06414544E-01 3.83155542E-02 0.00000000E+00 0.0383156 0.961684 1.53327619E+01 0.00000000E+00 9.75269813E+01 -1.05658370E+02
1.15234607E+01 1.03285850E-01 3.78159979E-02 0.00000000E+00 0.037816 0.962184 1.48275079E+01 0.00000000E+00 9.61402070E+01 -1.05658370E+02
1.15422762E+01 1.00414641E-01 3.73391363E-02 0.00000000E+00 0.0373391 0.962661 1.43854710E+01 0.00000000E+00 9.48389769E+01 -1.05658370E+02
1.15593145E+01 9.77079817E-02 3.68726038E-02 0.00000000E+00 0.0368726 0.963127 1.39867659E+01 0.00000000E+00 9.35860701E+01 -1.05658370E+02
1.15751236E+01 9.50800900E-02 3.64030922E-02 0.00000000E+00 0.0364031 0.963597 1.36155452E+01 0.00000000E+00 9.23441503E+01 -1.05658370E+02
1.15903668E+01 9.24017546E-02 3.59070035E-02 0.00000000E+00 0.035907 0.964093 1.32525128E+01 0.00000000E+00 9.10514263E+01 -1.05658370E+02
1.16084016E+01 8.89594692E-02 3.52420826E-02 0.00000000E+00 0.0352421 0.964758 1.28074704E+01 0.00000000E+00 8.93480623E+01 -1.05658370E+02
1.16186097E+01 8.68127505E-02 3.48111436E-02 0.00000000E+00 0.0348111 0.965189 1.25416467E+01 0.00000000E+00 8.82608288E+01 -1.05658370E+02
1.16263380E+01 8.50486817E-02 3.44472932E-02 0.00000000E+00 0.0344473 0.965553 1.23297127E+01 0.00000000E+00 8.73524547E+01 -1.05658370E+02
1.16330155E+01 8.33974393E-02 3.40985326E-02 0.00000000E+00 0.0340985 0.965901 1.21365422E+01 0.00000000E+00 8.64895894E+01 -1.05658370E+02
1.16388040E+01 8.18465436E-02 3.37635783E-02 0.00000000E+00 0.0337636 0.966236 1.19596344E+01 0.00000000E+00 8.56677676E+01 -1.05658370E+02
1.16440360E+01 8.03302649E-02 3.34290171E-02 0.00000000E+00 0.033429 0.966571 1.23247605E+01 -7.09644389E+01 8.45824994E+01 -1.05658370E+02
1.16489752E+01 7.87852395E-02 3.30807447E-02 0.00000000E+00 0.0330807 0.966919 1.19846062E+01 -7.07463330E+01 8.40242392E+01 -1.05658370E+02
1.16540043E+01 7.70911098E-02 3.26901147E-02 0.00000000E+00 0.0326901 0.96731 1.17353388E+01 -7.03584400E+01 8.33870788E+01 -1.05658370E+02
1.16609093E+01 7.45761435E-02 3.20928781E-02 0.00000000E+00 0.0320929 0.967907 1.14804358E+01 -6.96300789E+01 8.24038147E+01 -1.05658370E+02
1.16662461E+01 7.25170262E-02 3.15880125E-02 0.00000000E+00 0.031588 0.968412 1.13180944E+01 -6.89633035E+01 8.15746979E+01 -1.05658370E+02
1.16727560E+01 6.99394508E-02 3.09352179E-02 0.00000000E+00 0.0309352 0.969065 1.11385064E+01 -6.80856962E+01 8.05175026E+01 -1.05658370E+02
1.16782697E+01 6.77539190E-02 3.03630373E-02 0.00000000E+00 0.030363 0.969637 1.09947998E+01 -6.73237910E+01 7.96118908E+01 -1.05658370E+02
1.16835118E+01 6.57044571E-02 2.98104540E-02 0.00000000E+00 0.0298105 0.97019 1.08627745E+01 -6.66039525E+01 7.87600270E+01 -1.05658370E+02
1.16890101E+01 6.35977906E-02 2.92258536E-02 0.00000000E+00 0.0292259 0.970774 1.07279336E+01 -6.58640652E+01 7.78852988E+01 -1.05658370E+02
1.16950465E+01 6.13386012E-02 2.85797527E-02 0.00000000E+00 0.0285798 0.97142 1.05831830E+01 -6.50746218E+01 7.69511048E+01 -1.05658370E+02
1.17033133E+01 5.83280723E-02 2.76870528E-02 0.00000000E+00 0.0276871 0.972313 1.03888116E+01 -6.40331788E+01 7.57152904E+01 -1.05658370E+02
1.17114125E+01 5.54574868E-02 2.68010719E-02 0.00000000E+00 0.0268011 0.973199 1.02008262E+01 -6.30528753E+01 7.45470015E+01 -1.05658370E+02
1.17193052E+01 5.27224407E-02 2.59243867E-02 0.00000000E+00 0.0259244 0.974076 1.00183757E+01 -6.21289667E+01 7.34406425E+01 -1.05658370E+02
1.17269668E+01 5.01192797E-02 2.50596896E-02 0.00000000E+00 0.0250597 0.97494 9.84085843E+00 -6.12552198E+01 7.23893783E+01 -1.05658370E+02
1.17343897E+01 4.76439213E-02 2.42093914E-02 0.00000000E+00 0.0242094 0.975791 9.66777072E+00 -6.04246955E+01 7.13857662E+01 -1.05658370E+02
1.17415793E+01 4.52916900E-02 2.33755127E-02 0.00000000E+00 0.0233755 0.976624 9.49866197E+00 -5.96304524E+01 7.04224144E+01 -1.05658370E+02
1.17485503E+01 4.30574619E-02 2.25596869E-02 0.00000000E+00 0.0225597 0.97744 9.33312294E+00 -5.88660335E+01 6.94924565E+01 -1.05658370E+02
1.17553225E+01 4.09358613E-02 2.17631988E-02 0.00000000E+00 0.0217632 0.978237 9.17078295E+00 -5.81257410E+01 6.85898240E+01 -1.05658370E+02
1.17619179E+01 3.89214307E-02 2.09870320E-02 0.00000000E+00 0.020987 0.979013 9.01130877E+00 -5.74047485E+01 6.77093573E+01 -1.05658370E+02
1.17683593E+01 3.70087573E-02 2.02319133E-02 0.00000000E+00 0.0202319 0.979768 8.85440321E+00 -5.66991057E+01 6.68468089E+01 -1.05658370E+02
1.17746686E+01 3.51925609E-02 1.94983530E-02 0.00000000E+00 0.0194984 0.980502 8.69980324E+00 -5.60056793E+01 6.59987826E+01 -1.05658370E+02
1.17808665E+01 3.34677513E-02 1.87866788E-02 0.00000000E+00 0.0187867 0.981213 8.54727774E+00 -5.53220619E+01 6.51626397E+01 -1.05658370E+02
1.17869716E+01 3.18294629E-02 1.80970659E-02 0.00000000E+00 0.0180971 0.981903 8.39662515E+00 -5.46464684E+01 6.43363935E+01 -1.05658370E+02
1.17930006E+01 3.02730728E-02 1.74295613E-02 0.00000000E+00 0.0174296 0.98257 8.24767106E+00 -5.39776335E+01 6.35186046E+01 -1.05658370E+02
1.17989680E+01 2.87942077E-02 1.67841053E-02 0.00000000E+00 0.0167841 0.983216 8.10026585E+00 -5.33147170E+01 6.27082828E+01 -1.05658370E+02
1.18048864E+01 2.73887426E-02 1.61605488E-02 0.00000000E+00 0.0161605 0.983839 7.95428252E+00 -5.26572189E+01 6.19048014E+01 -1.05658370E+02
1.18107663E+01 2.60527939E-02 1.55586684E-02 0.00000000E+00 0.0155587 0.984441 7.80961458E+00 -5.20049071E+01 6.11078217E+01 -1.05658370E+02
1.18166163E+01 2.47827094E-02 1.49781788E-02 0.00000000E+00 0.0149782 0.985022 7.66617409E+00 -5.13577558E+01 6.03172299E+01 -1.05658370E+02
1.18224435E+01 2.35750559E-02 1.44187430E-02 0.00000000E+00 0.0144187 0.985581 7.52388988E+00 -5.07158945E+01 5.95330844E+01 -1.05658370E+02
1.18282533E+01 2.24266057E-02 1.38799814E-02 0.00000000E+00 0.01388 0.98612 7.38270581E+00 -5.00795665E+01 5.87555723E+01 -1.05658370E+02
1.18340495E+01 2.13343235E-02 1.33614789E-02 0.00000000E+00 0.0133615 0.986639 7.24257922E+00 -4.94490947E+01 5.79849740E+01 -1.05658370E+02
1.18398349E+01 2.02953526E-02 1.28627913E-02 0.00000000E+00 0.0128628 0.987137 7.10347950E+00 -4.88248549E+01 5.72216344E+01 -1.05658370E+02
1.18456111E+01 1.93070026E-02 1.23834509E-02 0.00000000E+00 0.0123835 0.987617 6.96538667E+00 -4.82072535E+01 5.64659402E+01 -1.05658370E+02
1.18513787E+01 1.83667367E-02 1.19229710E-02 0.00000000E+00 0.011923 0.988077 6.82829023E+00 -4.75967112E+01 5.57183014E+01 -1.05658370E+02
1.18571374E+01 1.74721612E-02 1.14808504E-02 0.00000000E+00 0.0114809 0.988519 6.69218791E+00 -4.69936492E+01 5.49791371E+01 -1.05658370E+02
1.18628861E+01 1.66210146E-02 1.10565765E-02 0.00000000E+00 0.0110566 0.988943 6.55708467E+00 -4.63984793E+01 5.42488640E+01 -1.05658370E+02
1.18686234E+01 1.58111587E-02 1.06496291E-02 0.00000000E+00 0.0106496 0.98935 6.42299170E+00 -4.58115964E+01 5.35278881E+01 -1.05658370E+02
1.18743469E+01 1.50405697E-02 1.02594829E-02 0.00000000E+00 0.0102595 0.989741 6.28992549E+00 -4.52333724E+01 5.28165979E+01 -1.05658370E+02
1.18800542E+01 1.43073306E-02 9.88561003E-03 0.00000000E+00 0.00988561 0.990114 6.15790705E+00 -4.46641524E+01 5.21153595E+01 -1.05658370E+02
1.18857423E+01 1.36096240E-02 9.52748267E-03 0.00000000E+00 0.00952748 0.990473 6.02696110E+00 -4.41042523E+01 5.14245135E+01 -1.05658370E+02
1.18914081E+01 1.29457258E-02 9.18457481E-03 0.00000000E+00 0.00918457 0.990815 5.89711539E+00 -4.35539565E+01 5.07443719E+01 -1.05658370E+02
1.18970482E+01 1.23139991E-02 8.85636416E-03 0.00000000E+00 0.00885636 0.991144 5.76840007E+00 -4.30135173E+01 5.00752174E+01 -1.05658370E+02
1.19026593E+01 1.17128895E-02 8.54233372E-03 0.00000000E+00 0.00854233 0.991458 5.64084707E+00 -4.24831548E+01 4.94173019E+01 -1.05658370E+02
1.19082376E+01 1.11409196E-02 8.24197319E-03 0.00000000E+00 0.00824197 0.991758 5.51448962E+00 -4.19630568E+01 4.87708465E+01 -1.05658370E+02
1.19137798E+01 1.05966849E-02 7.95478023E-03 0.00000000E+00 0.00795478 0.992045 5.38936173E+00 -4.14533796E+01 4.81360414E+01 -1.05658370E+02
1.19192822E+01 1.00788497E-02 7.68026147E-03 0.00000000E+00 0.00768026 0.99232 5.26549777E+00 -4.09542489E+01 4.75130467E+01 -1.05658370E+02
1.19247415E+01 9.58614325E-03 7.41793345E-03 0.00000000E+00 0.00741793 0.992582 5.14293206E+00 -4.04657608E+01 4.69019929E+01 -1.05658370E+02
1.19301543E+01 9.11735636E-03 7.16732334E-03 0.00000000E+00 0.00716732 0.992833 5.02169854E+00 -3.99879831E+01 4.63029816E+01 -1.05658370E+02
1.19355173E+01 8.67133816E-03 6.92796965E-03 0.00000000E+00 0.00692797 0.993072 4.90183044E+00 -3.95209566E+01 4.57160871E+01 -1.05658370E+02
1.19408274E+01 8.24699310E-03 6.69942265E-03 0.00000000E+00 0.00669942 0.993301 4.78336003E+00 -3.90646967E+01 4.51413567E+01 -1.05658370E+02
1.19460818E+01 7.84327813E-03 6.48124484E-03 0.00000000E+00 0.00648124 0.993519 4.66631833E+00 -3.86191944E+01 4.45788128E+01 -1.05658370E+02
1.19512777E+01 7.45920011E-03 6.27301123E-03 0.00000000E+00 0.00627301 0.993727 4.55073496E+00 -3.81844185E+01 4.40284535E+01 -1.05658370E+02
1.19564124E+01 7.09381331E-03 6.07430956E-03 0.00000000E+00 0.00607431 0.993926 4.43663788E+00 -3.77603161E+01 4.34902540E+01 -1.05658370E+02
1.19614837E+01 6.74621710E-03 5.88474041E-03 0.00000000E+00 0.00588474 0.994115 4.32405332E+00 -3.73468148E+01 4.29641682E+01 -1.05658370E+02
1.19664893E+01 6.41555383E-03 5.70391731E-03 0.00000000E+00 0.00570392 0.994296 4.21300560E+00 -3.69438240E+01 4.24501296E+01 -1.05658370E+02
1.19714272E+01 6.10100665E-03 5.53146668E-03 0.00000000E+00 0.00553147 0.994469 4.10351704E+00 -3.65512358E+01 4.19480529E+01 -1.05658370E+02
1.19762956E+01 5.80179767E-03 5.36702782E-03 0.00000000E+00 0.00536703 0.994633 3.99560789E+00 -3.61689270E+01 4.14578349E+01 -1.05658370E+02
1.19810930E+01 5.51718604E-03 5.21025280E-03 0.00000000E+00 0.00521025 0.99479 3.88929625E+00 -3.57967598E+01 4.09793560E+01 -1.05658370E+02
1.19858179E+01 5.24646622E-03 5.06080628E-03 0.00000000E+00 0.00506081 0.994939 3.78459803E+00 -3.54345835E+01 4.05124815E+01 -1.05658370E+02
1.19904691E+01 4.98896632E-03 4.91836535E-03 0.00000000E+00 0.00491837 0.995082 3.68152696E+00 -3.50822355E+01 4.00570625E+01 -1.05658370E+02
1.19950456E+01 4.74404649E-03 4.78261930E-03 0.00000000E+00 0.00478262 0.995217 3.58009455E+00 -3.47395426E+01 3.96129372E+01 -1.05658370E+02
1.19995466E+01 4.51109744E-03 4.65326939E-03 0.00000000E+00 0.00465327 0.995347 3.48031008E+00 -3.44063220E+01 3.91799321E+01 -1.05658370E+02
1.20039713E+01 4.28953897E-03 4.53002857E-03 0.00000000E+00 0.00453003 0.99547 3.38218067E+00 -3.40823824E+01 3.87578632E+01 -1.05658370E+02
1.20083192E+01 4.07881866E-03 4.41262123E-03 0.00000000E+00 0.00441262 0.995587 3.28571129E+00 -3.37675252E+01 3.83465365E+01 -1.05658370E+02
1.20125900E+01 3.87841050E-03 4.30078286E-03 0.00000000E+00 0.00430078 0.995699 3.19090476E+00 -3.34615451E+01 3.79457499E+01 -1.05658370E+02
1.20167834E+01 3.68781370E-03 4.19425977E-03 0.00000000E+00 0.00419426 0.995806 3.09776187E+00 -3.31642315E+01 3.75552934E+01 -1.05658370E+02
1.20208994E+01 3.50655147E-03 4.09280876E-03 0.00000000E+00 0.00409281 0.995907 3.00628139E+00 -3.28753693E+01 3.71749507E+01 -1.05658370E+02
1.20249380E+01 3.33416993E-03 3.99619682E-03 0.00000000E+00 0.0039962 0.996004 2.91646014E+00 -3.25947395E+01 3.68044997E+01 -1.05658370E+02
1.20288994E+01 3.17023701E-03 3.90420079E-03 0.00000000E+00 0.0039042 0.996096 2.82829309E+00 -3.23221203E+01 3.64437135E+01 -1.05658370E+02
1.20327839E+01 3.01434141E-03 3.81660704E-03 0.00000000E+00 0.00381661 0.996183 2.74177340E+00 -3.20572879E+01 3.60923613E+01 -1.05658370E+02
1.20365920E+01 2.86609165E-03 3.73321113E-03 0.00000000E+00 0.00373321 0.996267 2.65689250E+00 -3.18000169E+01 3.57502094E+01 -1.05658370E+02
1.20403240E+01 2.72511513E-03 3.65381753E-03 0.00000000E+00 0.00365382 0.996346 2.57364021E+00 -3.15500813E+01 3.54170216E+01 -1.05658370E+02
1.20439808E+01 2.59105722E-03 3.57823925E-03 0.00000000E+00 0.00357824 0.996422 2.49200479E+00 -3.13072554E+01 3.50925602E+01 -1.05658370E+02
1.20475629E+01 2.46358043E-03 3.50629756E-03 0.00000000E+00 0.0035063 0.996494 2.41197302E+00 -3.10713136E+01 3.47765867E+01 -1.05658370E+02
1.20510712E+01 2.34236360E-03 3.43782164E-03 0.00000000E+00 0.00343782 0.996562 2.33353031E+00 -3.08420320E+01 3.44688623E+01 -1.05658370E+02
1.20545065E+01 2.22710110E-03 3.37264835E-03 0.00000000E+00 0.00337265 0.996627 2.25666077E+00 -3.06191880E+01 3.41691488E+01 -1.05658370E+02
1.20578698E+01 2.11750214E-03 3.31062184E-03 0.00000000E+00 0.00331062 0.996689 2.18134731E+00 -3.04025616E+01 3.38772089E+01 -1.05658370E+02
1.20611621E+01 2.01329001E-03 3.25159332E-03 0.00000000E+00 0.00325159 0.996748 2.10757172E+00 -3.01919352E+01 3.35928070E+01 -1.05658370E+02
1.20643845E+01 1.91420144E-03 3.19542078E-03 0.00000000E+00 0.00319542 0.996805 2.03531471E+00 -2.99870947E+01 3.33157094E+01 -1.05658370E+02
1.20675382E+01 1.81998598E-03 3.14196866E-03 0.00000000E+00 0.00314197 0.996858 1.96455606E+00 -2.97878291E+01 3.30456852E+01 -1.05658370E+02
1.20706244E+01 1.73040534E-03 3.09110763E-03 0.00000000E+00 0.00309111 0.996909 1.89527466E+00 -2.95939316E+01 3.27825063E+01 -1.05658370E+02
1.20736445E+01 1.64523283E-03 3.04271433E-03 0.00000000E+00 0.00304271 0.996957 1.82744856E+00 -2.94051996E+01 3.25259482E+01 -1.05658370E+02
1.20765997E+01 1.56425282E-03 2.99667107E-03 0.00000000E+00 0.00299667 0.997003 1.76105507E+00 -2.92214347E+01 3.22757898E+01 -1.05658370E+02
1.20794914E+01 1.48726017E-03 2.95286565E-03 0.00000000E+00 0.00295287 0.997047 1.69607084E+00 -2.90424436E+01 3.20318144E+01 -1.05658370E+02
1.20823213E+01 1.41405973E-03 2.91119107E-03 0.00000000E+00 0.00291119 0.997089 1.63247184E+00 -2.88680376E+01 3.17938095E+01 -1.05658370E+02
1.20850907E+01 1.34446589E-03 2.87154530E-03 0.00000000E+00 0.00287155 0.997128 1.57023348E+00 -2.86980335E+01 3.15615670E+01 -1.05658370E+02
1.20878013E+01 1.27830206E-03 2.83383112E-03 0.00000000E+00 0.00283383 0.997166 1.50933061E+00 -2.85322531E+01 3.13348838E+01 -1.05658370E+02
1.20904547E+01 1.21540024E-03 2.79795580E-03 0.00000000E+00 0.00279796 0.997202 1.44973758E+00 -2.83705238E+01 3.11135614E+01 -1.05658370E+02
1.20930527E+01 1.15560059E-03 2.76383099E-03 0.00000000E+00 0.00276383 0.997236 1.39142820E+00 -2.82126783E+01 3.08974066E+01 -1.05658370E+02
1.20955970E+01 1.09875102E-03 2.73137243E-03 0.00000000E+00 0.00273137 0.997269 1.33437579E+00 -2.80585550E+01 3.06862308E+01 -1.05658370E+02
1.20980894E+01 1.04470679E-03 2.70049980E-03 0.00000000E+00 0.0027005 0.9973 1.27855312E+00 -2.79079977E+01 3.04798509E+01 -1.05658370E+02
1.21005318E+01 9.93330082E-04 2.67113653E-03 0.00000000E+00 0.00267114 0.997329 1.22393241E+00 -2.77608558E+01 3.02780882E+01 -1.05658370E+02
1.21029260E+01 9.44489695E-04 2.64320957E-03 0.00000000E+00 0.00264321 0.997357 1.17048523E+00 -2.76169840E+01 3.00807693E+01 -1.05658370E+02
1.21052740E+01 8.98060626E-04 2.61664921E-03 0.00000000E+00 0.00261665 0.997383 1.11818242E+00 -2.74762424E+01 2.98877248E+01 -1.05658370E+02
1.21075776E+01 8.53923738E-04 2.59138895E-03 0.00000000E+00 0.00259139 0.997409 1.06699399E+00 -2.73384961E+01 2.96987902E+01 -1.05658370E+02
1.21098386E+01 8.11965421E-04 2.56736525E-03 0.00000000E+00 0.00256737 0.997433 1.01688890E+00 -2.72036154E+01 2.95138043E+01 -1.05658370E+02
1.21120588E+01 7.72077260E-04 2.54451740E-03 0.00000000E+00 0.00254452 0.997455 9.67834905E-01 -2.70714748E+01 2.93326098E+01 -1.05658370E+02
1.21142399E+01 7.34155723E-04 2.52278736E-03 0.00000000E+00 0.00252279 0.997477 9.19798297E-01 -2.69419537E+01 2.91550520E+01 -1.05658370E+02
1.21163833E+01 6.98101864E-04 2.50211958E-03 0.00000000E+00 0.00250212 0.997498 8.72743576E-01 -2.68149352E+01 2.89809788E+01 -1.05658370E+02
1.21184902E+01 6.63821052E-04 2.48246085E-03 0.00000000E+00 0.00248246 0.997518 8.26633110E-01 -2.66903064E+01 2.88102395E+01 -1.05658370E+02
1.21205614E+01 6.31222737E-04 2.46376022E-03 0.00000000E+00 0.00246376 0.997536 7.81426719E-01 -2.65679578E+01 2.86426846E+01 -1.05658370E+02
1.21225972E+01 6.00220270E-04 2.44596886E-03 0.00000000E+00 0.00244597 0.997554 7.37081230E-01 -2.64477840E+01 2.84781652E+01 -1.05658370E+02
1.21245976E+01 5.70730829E-04 2.42904005E-03 0.00000000E+00 0.00242904 0.997571 6.93550034E-01 -2.63296831E+01 2.83165332E+01 -1.05658370E+02
1.21265615E+01 5.42675494E-04 2.41292922E-03 0.00000000E+00 0.00241293 0.997587 6.50782732E-01 -2.62135591E+01 2.81576418E+01 -1.05658370E+02
1.21284874E+01 5.15979615E-04 2.39759418E-03 0.00000000E+00 0.00239759 0.997602 6.08725067E-01 -2.60993240E+01 2.80013491E+01 -1.05658370E+02
1.21303730E+01 4.90573653E-04 2.38299562E-03 0.00000000E+00 0.002383 0.997617 5.67319489E-01 -2.59869041E+01 2.78475237E+01 -1.05658370E+02
1.21322155E+01 4.66394849E-04 2.36909804E-03 0.00000000E+00 0.0023691 0.997631 5.26507038E-01 -2.58762509E+01 2.76960579E+01 -1.05658370E+02
1.21340122E+01 4.43390162E-04 2.35587149E-03 0.00000000E+00 0.00235587 0.997644 4.86231653E-01 -2.57673604E+01 2.75468921E+01 -1.05658370E+02
1.21357619E+01 4.21520961E-04 2.34329424E-03 0.00000000E+00 0.00234329 0.997657 4.46448325E-01 -2.56603065E+01 2.74000548E+01 -1.05658370E+02
1.21374667E+01 4.00769180E-04 2.33135637E-03 0.00000000E+00 0.00233136 0.997669 4.07135639E-01 -2.55552869E+01 2.72557226E+01 -1.05658370E+02
1.21386846E+01 3.86364894E-04 2.32306813E-03 0.00000000E+00 0.00232307 0.997677 3.78812909E-01 -2.54803007E+01 2.71524137E+01 -1.05658370E+02
1.21399016E+01 3.72441472E-04 2.31505507E-03 0.00000000E+00 0.00231506 0.997685 3.50505048E-01 -2.54061143E+01 2.70499194E+01 -1.05658370E+02
1.21411286E+01 3.59040741E-04 2.30734141E-03 0.00000000E+00 0.00230734 0.997693 3.22265685E-01 -2.53330836E+01 2.69486494E+01 -1.05658370E+02
1.21422802E+01 3.47211122E-04 2.30053093E-03 0.00000000E+00 0.00230053 0.997699 2.96395673E-01 -2.52672669E+01 2.68569626E+01 -1.05658370E+02
1.21433320E+01 3.37160506E-04 2.29474377E-03 0.00000000E+00 0.00229474 0.997705 2.73606915E-01 -2.52103592E+01 2.67772661E+01 -1.05658370E+02
1.21443433E+01 3.28242158E-04 2.28960789E-03 0.00000000E+00 0.00228961 0.99771 2.52659551E-01 -2.51591234E+01 2.67050830E+01 -1.05658370E+02
1.21453712E+01 3.19941156E-04 2.28482694E-03 0.00000000E+00 0.00228483 0.997715 2.32445804E-01 -2.51108464E+01 2.66365922E+01 -1.05658370E+02
1.21464699E+01 3.11888634E-04 2.28018856E-03 0.00000000E+00 0.00228019 0.99772 2.12059052E-01 -2.50635293E+01 2.65688884E+01 -1.05658370E+02
1.21477113E+01 3.03719256E-04 2.27548231E-03 0.00000000E+00 0.00227548 0.997725 1.90435046E-01 -2.50151310E+01 2.64988661E+01 -1.05658370E+02
1.21492678E+01 2.94675973E-04 2.27027197E-03 0.00000000E+00 0.00227027 0.99773 1.65114428E-01 -2.49612846E+01 2.64196991E+01 -1.05658370E+02
1.21519757E+01 2.81422584E-04 2.26263467E-03 0.00000000E+00 0.00226263 0.997737 1.24297824E-01 -2.48827243E+01 2.63003222E+01 -1.05658370E+02
1.21538399E+01 2.73658754E-04 2.25816004E-03 0.00000000E+00 0.00225816 0.997742 9.71954609E-02 -2.48379159E+01 2.62284113E+01 -1.05658370E+02
1.21558204E+01 2.66295532E-04 2.25391581E-03 0.00000000E+00 0.00225392 0.997746 6.75409863E-02 -2.47979278E+01 2.61587688E+01 -1.05658370E+02
1.21579860E+01 2.59039364E-04 2.24973280E-03 0.00000000E+00 0.00224973 0.99775 2.94134885E-02 -2.47659767E+01 2.60886902E+01 -1.05658370E+02
1.21603937E+01 2.51712108E-04 2.24550834E-03 0.00000000E+00 0.00224551 0.997754 0.00000000E+00 -2.47230855E+01 2.60163855E+01 -1.05658370E+02
1.21631037E+01 2.44166939E-04 2.24115772E-03 0.00000000E+00 0.00224116 0.997759 0.00000000E+00 -2.46469212E+01 2.59402212E+01 -1.05658370E+02
1.21661840E+01 2.36262795E-04 2.23659955E-03 0.00000000E+00 0.0022366 0.997763 0.00000000E+00 -2.45651602E+01 2.58584602E+01 -1.05658370E+02
1.21697081E+01 2.27865581E-04 2.23175639E-03 0.00000000E+00 0.00223176 0.997768 0.00000000E+00 -2.44759413E+01 2.57692413E+01 -1.05658370E+02
1.21746453E+01 2.16922645E-04 2.22544395E-03 0.00000000E+00 0.00222544 0.997775 0.00000000E+00 -2.43557425E+01 2.56490425E+01 -1.05658370E+02
1.21797044E+01 2.06403206E-04 2.21937470E-03 0.00000000E+00 0.00221937 0.997781 0.00000000E+00 -2.42356214E+01 2.55289214E+01 -1.05658370E+02
1.21847916E+01 1.96326544E-04 2.21355987E-03 0.00000000E+00 0.00221356 0.997786 0.00000000E+00 -2.41159299E+01 2.54092299E+01 -1.05658370E+02
1.21898421E+01 1.86703114E-04 2.20800561E-03 0.00000000E+00 0.00220801 0.997792 0.00000000E+00 -2.39969686E+01 2.52902686E+01 -1.05658370E+02
1.21948186E+01 1.77533389E-04 2.20271232E-03 0.00000000E+00 0.00220271 0.997797 0.00000000E+00 -2.38789566E+01 2.51722566E+01 -1.05658370E+02
1.21997051E+01 1.68809313E-04 2.19767544E-03 0.00000000E+00 0.00219768 0.997802 0.00000000E+00 -2.37620297E+01 2.50553298E+01 -1.05658370E+02
1.22044996E+01 1.60516758E-04 2.19288693E-03 0.00000000E+00 0.00219289 0.997807 0.00000000E+00 -2.36462548E+01 2.49395549E+01 -1.05658370E+02
1.22092080E+01 1.52637947E-04 2.18833662E-03 0.00000000E+00 0.00218834 0.997812 0.00000000E+00 -2.35316486E+01 2.48249486E+01 -1.05658370E+02
1.22138400E+01 1.45153357E-04 2.18401332E-03 0.00000000E+00 0.00218401 0.997816 0.00000000E+00 -2.34181950E+01 2.47114950E+01 -1.05658370E+02
1.22184065E+01 1.38043014E-04 2.17990560E-03 0.00000000E+00 0.00217991 0.99782 0.00000000E+00 -2.33058593E+01 2.45991593E+01 -1.05658370E+02
1.22229175E+01 1.31287300E-04 2.17600218E-03 0.00000000E+00 0.002176 0.997824 0.00000000E+00 -2.31945971E+01 2.44878971E+01 -1.05658370E+02
1.22273823E+01 1.24867384E-04 2.17229226E-03 0.00000000E+00 0.00217229 0.997828 0.00000000E+00 -2.30843608E+01 2.43776609E+01 -1.05658370E+02
1.22318085E+01 1.18765429E-04 2.16876561E-03 0.00000000E+00 0.00216877 0.997831 0.00000000E+00 -2.29751030E+01 2.42684031E+01 -1.05658370E+02
1.22362021E+01 1.12964647E-04 2.16541257E-03 0.00000000E+00 0.00216541 0.997835 0.00000000E+00 -2.28667785E+01 2.41600785E+01 -1.05658370E+02
1.22405680E+01 1.07449291E-04 2.16222410E-03 0.00000000E+00 0.00216222 0.997838 0.00000000E+00 -2.27593453E+01 2.40526453E+01 -1.05658370E+02
1.22449095E+01 1.02204595E-04 2.15919173E-03 0.00000000E+00 0.00215919 0.997841 0.00000000E+00 -2.26527650E+01 2.39460650E+01 -1.05658370E+02
1.22492289E+01 9.72167065E-05 2.15630748E-03 0.00000000E+00 0.00215631 0.997844 0.00000000E+00 -2.25470025E+01 2.38403025E+01 -1.05658370E+02
1.22535279E+01 9.24726112E-05 2.15356388E-03 0.00000000E+00 0.00215356 0.997846 0.00000000E+00 -2.24420261E+01 2.37353261E+01 -1.05658370E+02
1.22578072E+01 8.79600633E-05 2.15095388E-03 0.00000000E+00 0.00215095 0.997849 0.00000000E+00 -2.23378070E+01 2.36311070E+01 -1.05658370E+02
1.22620668E+01 8.36675205E-05 2.14847085E-03 0.00000000E+00 0.00214847 0.997852 0.00000000E+00 -2.22343192E+01 2.35276192E+01 -1.05658370E+02
1.22663067E+01 7.95840867E-05 2.14610852E-03 0.00000000E+00 0.00214611 0.997854 0.00000000E+00 -2.21315388E+01 2.34248388E+01 -1.05658370E+02
1.22705260E+01 7.56994604E-05 2.14386096E-03 0.00000000E+00 0.00214386 0.997856 0.00000000E+00 -2.20294441E+01 2.33227441E+01 -1.05658370E+02
1.22747240E+01 7.20038905E-05 2.14172256E-03 0.00000000E+00 0.00214172 0.997858 0.00000000E+00 -2.19280153E+01 2.32213154E+01 -1.05658370E+02
1.22788994E+01 6.84881364E-05 2.13968800E-03 0.00000000E+00 0.00213969 0.99786 0.00000000E+00 -2.18272342E+01 2.31205342E+01 -1.05658370E+02
1.22830512E+01 6.51434334E-05 2.13775223E-03 0.00000000E+00 0.00213775 0.997862 0.00000000E+00 -2.17270837E+01 2.30203837E+01 -1.05658370E+02
1.22871779E+01 6.19614616E-05 2.13591047E-03 0.00000000E+00 0.00213591 0.997864 0.00000000E+00 -2.16275483E+01 2.29208483E+01 -1.05658370E+02
1.22912782E+01 5.89343184E-05 2.13415816E-03 0.00000000E+00 0.00213416 0.997866 0.00000000E+00 -2.15286134E+01 2.28219135E+01 -1.05658370E+02
1.22953509E+01 5.60544938E-05 2.13249097E-03 0.00000000E+00 0.00213249 0.997868 0.00000000E+00 -2.14302656E+01 2.27235656E+01 -1.05658370E+02
1.22993945E+01 5.33148477E-05 2.13090480E-03 0.00000000E+00 0.0021309 0.997869 0.00000000E+00 -2.13324920E+01 2.26257920E+01 -1.05658370E+02
1.23034078E+01 5.07085896E-05 2.12939572E-03 0.00000000E+00 0.0021294 0.997871 0.00000000E+00 -2.12352808E+01 2.25285808E+01 -1.05658370E+02
1.23073895E+01 4.82292596E-05 2.12796001E-03 0.00000000E+00 0.00212796 0.997872 0.00000000E+00 -2.11386208E+01 2.24319208E+01 -1.05658370E+02
1.23113385E+01 4.58707113E-05 2.12659412E-03 0.00000000E+00 0.00212659 0.997873 0.00000000E+00 -2.10425015E+01 2.23358015E+01 -1.05658370E+02
1.23152537E+01 4.36270954E-05 2.12529470E-03 0.00000000E+00 0.00212529 0.997875 0.00000000E+00 -2.09469129E+01 2.22402129E+01 -1.05658370E+02
1.23191342E+01 4.14928449E-05 2.12405851E-03 0.00000000E+00 0.00212406 0.997876 0.00000000E+00 -2.08518456E+01 2.21451456E+01 -1.05658370E+02
1.23229789E+01 3.94626610E-05 2.12288252E-03 0.00000000E+00 0.00212288 0.997877 0.00000000E+00 -2.07572906E+01 2.20505907E+01 -1.05658370E+02
1.23267871E+01 3.75314999E-05 2.12176379E-03 0.00000000E+00 0.00212176 0.997878 0.00000000E+00 -2.06632395E+01 2.19565396E+01 -1.05658370E+02
1.23305580E+01 3.56945602E-05 2.12069958E-03 0.00000000E+00 0.0021207 0.997879 0.00000000E+00 -2.05696842E+01 2.18629843E+01 -1.05658370E+02
1.23342909E+01 3.39472715E-05 2.11968722E-03 0.00000000E+00 0.00211969 0.99788 0.00000000E+00 -2.04766170E+01 2.17699171E+01 -1.05658370E+02
1.23379854E+01 3.22852831E-05 2.11872423E-03 0.00000000E+00 0.00211872 0.997881 0.00000000E+00 -2.03840306E+01 2.16773306E+01 -1.05658370E+02
1.23416408E+01 3.07044532E-05 2.11780819E-03 0.00000000E+00 0.00211781 0.997882 0.00000000E+00 -2.02919180E+01 2.15852180E+01 -1.05658370E+02
1.23452568E+01 2.92008394E-05 2.11693685E-03 0.00000000E+00 0.00211694 0.997883 0.00000000E+00 -2.02002725E+01 2.14935725E+01 -1.05658370E+02
1.23488330E+01 2.77706892E-05 2.11610802E-03 0.00000000E+00 0.00211611 0.997884 0.00000000E+00 -2.01090878E+01 2.14023878E+01 -1.05658370E+02
1.23523692E+01 2.64104303E-05 2.11531965E-03 0.00000000E+00 0.00211532 0.997885 0.00000000E+00 -2.00183576E+01 2.13116577E+01 -1.05658370E+02
1.23558651E+01 2.51166629E-05 2.11456976E-03 0.00000000E+00 0.00211457 0.997885 0.00000000E+00 -1.99280763E+01 2.12213763E+01 -1.05658370E+02
1.23593205E+01 2.38861509E-05 2.11385650E-03 0.00000000E+00 0.00211386 0.997886 0.00000000E+00 -1.98382380E+01 2.11315381E+01 -1.05658370E+02
1.23627355E+01 2.27158144E-05 2.11317808E-03 0.00000000E+00 0.00211318 0.997887 0.00000000E+00 -1.97488376E+01 2.10421376E+01 -1.05658370E+02
1.23661099E+01 2.16027222E-05 2.11253281E-03 0.00000000E+00 0.00211253 0.997887 0.00000000E+00 -1.96598697E+01 2.09531697E+01 -1.05658370E+02
1.23694437E+01 2.05440846E-05 2.11191907E-03 0.00000000E+00 0.00211192 0.997888 0.00000000E+00 -1.95713294E+01 2.08646294E+01 -1.05658370E+02
1.23727371E+01 1.95372470E-05 2.11133533E-03 0.00000000E+00 0.00211134 0.997889 0.00000000E+00 -1.94832120E+01 2.07765120E+01 -1.05658370E+02
1.23759900E+01 1.85796831E-05 2.11078013E-03 0.00000000E+00 0.00211078 0.997889 0.00000000E+00 -1.93955127E+01 2.06888128E+01 -1.05658370E+02
1.23792027E+01 1.76689889E-05 2.11025208E-03 0.00000000E+00 0.00211025 0.99789 0.00000000E+00 -1.93082273E+01 2.06015273E+01 -1.05658370E+02
1.23823753E+01 1.68028771E-05 2.10974985E-03 0.00000000E+00 0.00210975 0.99789 0.00000000E+00 -1.92213513E+01 2.05146514E+01 -1.05658370E+02
1.23855080E+01 1.59791712E-05 2.10927219E-03 0.00000000E+00 0.00210927 0.997891 0.00000000E+00 -1.91348808E+01 2.04281808E+01 -1.05658370E+02
1.23886010E+01 1.51958002E-05 2.10881789E-03 0.00000000E+00 0.00210882 0.997891 0.00000000E+00 -1.90488117E+01 2.03421117E+01 -1.05658370E+02
1.23916546E+01 1.44507939E-05 2.10838583E-03 0.00000000E+00 0.00210839 0.997892 0.00000000E+00 -1.89631401E+01 2.02564402E+01 -1.05658370E+02
1.23946690E+01 1.37422776E-05 2.10797491E-03 0.00000000E+00 0.00210797 0.997892 0.00000000E+00 -1.88778625E+01 2.01711625E+01 -1.05658370E+02
1.23976446E+01 1.30684679E-05 2.10758410E-03 0.00000000E+00 0.00210758 0.997892 0.00000000E+00 -1.87929751E+01 2.00862751E+01 -1.05658370E+02
1.24005816E+01 1.24276681E-05 2.10721242E-03 0.00000000E+00 0.00210721 0.997893 0.00000000E+00 -1.87084745E+01 2.00017745E+01 -1.05658370E+02
1.24034804E+01 1.18182639E-05 2.10685894E-03 0.00000000E+00 0.00210686 0.997893 0.00000000E+00 -1.86243573E+01 1.99176574E+01 -1.05658370E+02
1.24063414E+01 1.12387199E-05 2.10652276E-03 0.00000000E+00 0.00210652 0.997893 0.00000000E+00 -1.85406204E+01 1.98339204E+01 -1.05658370E+02
1.24091648E+01 1.06875754E-05 2.10620304E-03 0.00000000E+00 0.0021062 0.997894 0.00000000E+00 -1.84572605E+01 1.97505605E+01 -1.05658370E+02
1.24119511E+01 1.01634407E-05 2.10589898E-03 0.00000000E+00 0.0021059 0.997894 0.00000000E+00 -1.83742746E+01 1.96675747E+01 -1.05658370E+02
1.24147006E+01 9.66499408E-06 2.10560981E-03 0.00000000E+00 0.00210561 0.997894 0.00000000E+00 -1.82916598E+01 1.95849598E+01 -1.05658370E+02
1.24174137E+01 9.19097823E-06 2.10533481E-03 0.00000000E+00 0.00210533 0.997895 0.00000000E+00 -1.82094130E+01 1.95027131E+01 -1.05658370E+02
1.24200907E+01 8.74019718E-06 2.10507327E-03 0.00000000E+00 0.00210507 0.997895 0.00000000E+00 -1.81275316E+01 1.94208317E+01 -1.05658370E+02
1.24227322E+01 8.31151333E-06 2.10482455E-03 0.00000000E+00 0.00210482 0.997895 0.00000000E+00 -1.80460129E+01 1.93393129E+01 -1.05658370E+02
1.24253384E+01 7.90384464E-06 2.10458801E-03 0.00000000E+00 0.00210459 0.997895 0.00000000E+00 -1.79648541E+01 1.92581541E+01 -1.05658370E+02
1.24279099E+01 7.51616193E-06 2.10436306E-03 0.00000000E+00 0.00210436 0.997896 0.00000000E+00 -1.78840527E+01 1.91773527E+01 -1.05658370E+02
1.24304469E+01 7.14748631E-06 2.10414914E-03 0.00000000E+00 0.00210415 0.997896 0.00000000E+00 -1.78036062E+01 1.90969062E+01 -1.05658370E+02
1.24329498E+01 6.79688670E-06 2.10394569E-03 0.00000000E+00 0.00210395 0.997896 0.00000000E+00 -1.77235121E+01 1.90168122E+01 -1.05658370E+02
1.24354192E+01 6.46347758E-06 2.10375221E-03 0.00000000E+00 0.00210375 0.997896 0.00000000E+00 -1.76437681E+01 1.89370681E+01 -1.05658370E+02
1.24378553E+01 6.14641670E-06 2.10356822E-03 0.00000000E+00 0.00210357 0.997896 0.00000000E+00 -1.75643718E+01 1.88576719E+01 -1.05658370E+02
1.24402587E+01 5.84490301E-06 2.10339324E-03 0.00000000E+00 0.00210339 0.997897 0.00000000E+00 -1.74853210E+01 1.87786210E+01 -1.05658370E+02
1.24426296E+01 5.55817467E-06 2.10322684E-03 0.00000000E+00 0.00210323 0.997897 0.00000000E+00 -1.74066134E+01 1.86999134E+01 -1.05658370E+02
1.24449685E+01 5.28550708E-06 2.10306859E-03 0.00000000E+00 0.00210307 0.997897 0.00000000E+00 -1.73282468E+01 1.86215469E+01 -1.05658370E+02
1.24472758E+01 5.02621112E-06 2.10291810E-03 0.00000000E+00 0.00210292 0.997897 0.00000000E+00 -1.72502192E+01 1.85435193E+01 -1.05658370E+02
1.24495518E+01 4.77963141E-06 2.10277499E-03 0.00000000E+00 0.00210277 0.997897 0.00000000E+00 -1.71725285E+01 1.84658285E+01 -1.05658370E+02
1.24517971E+01 4.54514463E-06 2.10263889E-03 0.00000000E+00 0.00210264 0.997897 0.00000000E+00 -1.70951726E+01 1.83884726E+01 -1.05658370E+02
1.24540119E+01 4.32215800E-06 2.10250946E-03 0.00000000E+00 0.00210251 0.997897 0.00000000E+00 -1.70181495E+01 1.83114495E+01 -1.05658370E+02
1.24561966E+01 4.11010776E-06 2.10238638E-03 0.00000000E+00 0.00210239 0.997898 0.00000000E+00 -1.69414573E+01 1.82347573E+01 -1.05658370E+02
1.24583516E+01 3.90845776E-06 2.10226933E-03 0.00000000E+00 0.00210227 0.997898 0.00000000E+00 -1.68650940E+01 1.81583941E+01 -1.05658370E+02
1.24604774E+01 3.71669810E-06 2.10215802E-03 0.00000000E+00 0.00210216 0.997898 0.00000000E+00 -1.67890579E+01 1.80823579E+01 -1.05658370E+02
1.24625742E+01 3.53434389E-06 2.10205217E-03 0.00000000E+00 0.00210205 0.997898 0.00000000E+00 -1.67133470E+01 1.80066470E+01 -1.05658370E+02
1.24646425E+01 3.36093396E-06 2.10195151E-03 0.00000000E+00 0.00210195 0.997898 0.00000000E+00 -1.66379595E+01 1.79312595E+01 -1.05658370E+02
1.24666825E+01 3.19602976E-06 2.10185578E-03 0.00000000E+00 0.00210186 0.997898 0.00000000E+00 -1.65628936E+01 1.78561936E+01 -1.05658370E+02
1.24686947E+01 3.03921422E-06 2.10176474E-03 0.00000000E+00 0.00210176 0.997898 0.00000000E+00 -1.64881476E+01 1.77814477E+01 -1.05658370E+02
1.24706795E+01 2.89009069E-06 2.10167817E-03 0.00000000E+00 0.00210168 0.997898 0.00000000E+00 -1.64137199E+01 1.77070199E+01 -1.05658370E+02
1.24726371E+01 2.74828200E-06 2.10159585E-03 0.00000000E+00 0.0021016 0.997898 0.00000000E+00 -1.63396085E+01 1.76329086E+01 -1.05658370E+02
1.24745679E+01 2.61342944E-06 2.10151756E-03 0.00000000E+00 0.00210152 0.997898 0.00000000E+00 -1.62658120E+01 1.75591121E+01 -1.05658370E+02
1.24764722E+01 2.48519187E-06 2.10144311E-03 0.00000000E+00 0.00210144 0.997899 0.00000000E+00 -1.61923287E+01 1.74856287E+01 -1.05658370E+02
1.24783505E+01 2.36324490E-06 2.10137231E-03 0.00000000E+00 0.00210137 0.997899 0.00000000E+00 -1.61191569E+01 1.74124569E+01 -1.05658370E+02
1.24802030E+01 2.24728003E-06 2.10130498E-03 0.00000000E+00 0.0021013 0.997899 0.00000000E+00 -1.60462950E+01 1.73395951E+01 -1.05658370E+02
1.24820300E+01 2.13700387E-06 2.10124096E-03 0.00000000E+00 0.00210124 0.997899 0.00000000E+00 -1.59737415E+01 1.72670416E+01 -1.05658370E+02
1.24838319E+01 2.03213744E-06 2.10118007E-03 0.00000000E+00 0.00210118 0.997899 0.00000000E+00 -1.59014949E+01 1.71947949E+01 -1.05658370E+02
1.24856090E+01 1.93241542E-06 2.10112217E-03 0.00000000E+00 0.00210112 0.997899 0.00000000E+00 -1.58295535E+01 1.71228535E+01 -1.05658370E+02
1.24873616E+01 1.83758550E-06 2.10106711E-03 0.00000000E+00 0.00210107 0.997899 0.00000000E+00 -1.57579159E+01 1.70512159E+01 -1.05658370E+02
1.24890900E+01 1.74740774E-06 2.10101475E-03 0.00000000E+00 0.00210101 0.997899 0.00000000E+00 -1.56865806E+01 1.69798806E+01 -1.05658370E+02
1.24907946E+01 1.66165398E-06 2.10096496E-03 0.00000000E+00 0.00210096 0.997899 0.00000000E+00 -1.56155460E+01 1.69088461E+01 -1.05658370E+02
1.24924755E+01 1.58010722E-06 2.10091761E-03 0.00000000E+00 0.00210092 0.997899 0.00000000E+00 -1.55448108E+01 1.68381109E+01 -1.05658370E+02
1.24941332E+01 1.50256112E-06 2.10087258E-03 0.00000000E+00 0.00210087 0.997899 0.00000000E+00 -1.54743736E+01 1.67676736E+01 -1.05658370E+02
1.24957679E+01 1.42881946E-06 2.10082976E-03 0.00000000E+00 0.00210083 0.997899 0.00000000E+00 -1.54042327E+01 1.66975328E+01 -1.05658370E+02
1.24973799E+01 1.35869563E-06 2.10078904E-03 0.00000000E+00 0.00210079 0.997899 0.00000000E+00 -1.53343870E+01 1.66276870E+01 -1.05658370E+02
1.24989695E+01 1.29201219E-06 2.10075032E-03 0.00000000E+00 0.00210075 0.997899 0.00000000E+00 -1.52648349E+01 1.65581350E+01 -1.05658370E+02
1.25005369E+01 1.22860037E-06 2.10071349E-03 0.00000000E+00 0.00210071 0.997899 0.00000000E+00 -1.51955751E+01 1.64888752E+01 -1.05658370E+02
1.25020825E+01 1.16829971E-06 2.10067848E-03 0.00000000E+00 0.00210068 0.997899 0.00000000E+00 -1.51266063E+01 1.64199063E+01 -1.05658370E+02
1.25036064E+01 1.11095760E-06 2.10064518E-03 0.00000000E+00 0.00210065 0.997899 0.00000000E+00 -1.50579270E+01 1.63512270E+01 -1.05658370E+02
1.25051091E+01 1.05642893E-06 2.10061351E-03 0.00000000E+00 0.00210061 0.997899 0.00000000E+00 -1.49895359E+01 1.62828359E+01 -1.05658370E+02
1.25065906E+01 1.00457568E-06 2.10058340E-03 0.00000000E+00 0.00210058 0.997899 0.00000000E+00 -1.49214317E+01 1.62147317E+01 -1.05658370E+02
1.25080514E+01 9.55266615E-07 2.10055477E-03 0.00000000E+00 0.00210055 0.997899 0.00000000E+00 -1.48536131E+01 1.61469131E+01 -1.05658370E+02
1.25094916E+01 9.08376947E-07 2.10052753E-03 0.00000000E+00 0.00210053 0.997899 0.00000000E+00 -1.47860787E+01 1.60793788E+01 -1.05658370E+02
1.25109116E+01 8.63787992E-07 2.10050164E-03 0.00000000E+00 0.0021005 0.997899 0.00000000E+00 -1.47188274E+01 1.60121274E+01 -1.05658370E+02
1.25123114E+01 8.21386892E-07 2.10047702E-03 0.00000000E+00 0.00210048 0.9979 0.00000000E+00 -1.46518577E+01 1.59451578E+01 -1.05658370E+02
1.25136915E+01 7.81066325E-07 2.10045360E-03 0.00000000E+00 0.00210045 0.9979 0.00000000E+00 -1.45851685E+01 1.58784685E+01 -1.05658370E+02
1.25150520E+01 7.42724230E-07 2.10043133E-03 0.00000000E+00 0.00210043 0.9979 0.00000000E+00 -1.45187584E+01 1.58120585E+01 -1.05658370E+02
1.25163932E+01 7.06263555E-07 2.10041016E-03 0.00000000E+00 0.00210041 0.9979 0.00000000E+00 -1.44526263E+01 1.57459263E+01 -1.05658370E+02
1.25177153E+01 6.71592005E-07 2.10039002E-03 0.00000000E+00 0.00210039 0.9979 0.00000000E+00 -1.43867708E+01 1.56800708E+01 -1.05658370E+02
1.25190186E+01 6.38621815E-07 2.10037087E-03 0.00000000E+00 0.00210037 0.9979 0.00000000E+00 -1.43211908E+01 1.56144908E+01 -1.05658370E+02
1.25203032E+01 6.07269522E-07 2.10035266E-03 0.00000000E+00 0.00210035 0.9979 0.00000000E+00 -1.42558850E+01 1.55491850E+01 -1.05658370E+02
1.25215694E+01 5.77455758E-07 2.10033535E-03 0.00000000E+00 0.00210034 0.9979 0.00000000E+00 -1.41908521E+01 1.54841522E+01 -1.05658370E+02
1.25228174E+01 5.49105046E-07 2.10031888E-03 0.00000000E+00 0.00210032 0.9979 0.00000000E+00 -1.41260911E+01 1.54193911E+01 -1.05658370E+02
1.25240475E+01 5.22145613E-07 2.10030322E-03 0.00000000E+00 0.0021003 0.9979 0.00000000E+00 -1.40616007E+01 1.53549007E+01 -1.05658370E+02
1.25252598E+01 4.96509206E-07 2.10028833E-03 0.00000000E+00 0.00210029 0.9979 0.00000000E+00 -1.39973797E+01 1.52906797E+01 -1.05658370E+02
1.25264546E+01 4.72130919E-07 2.10027417E-03 0.00000000E+00 0.00210027 0.9979 0.00000000E+00 -1.39334269E+01 1.52267269E+01 -1.05658370E+02
1.25276321E+01 4.48949029E-07 2.10026071E-03 0.00000000E+00 0.00210026 0.9979 0.00000000E+00 -1.38697412E+01 1.51630412E+01 -1.05658370E+02
1.25287924E+01 4.26904842E-07 2.10024791E-03 0.00000000E+00 0.00210025 0.9979 0.00000000E+00 -1.38063214E+01 1.50996214E+01 -1.05658370E+02
1.25299359E+01 4.05942542E-07 2.10023573E-03 0.00000000E+00 0.00210024 0.9979 0.00000000E+00 -1.37431663E+01 1.50364663E+01 -1.05658370E+02
1.25310626E+01 3.86009051E-07 2.10022415E-03 0.00000000E+00 0.00210022 0.9979 0.00000000E+00 -1.36802748E+01 1.49735748E+01 -1.05658370E+02
1.25321728E+01 3.67053893E-07 2.10021314E-03 0.00000000E+00 0.00210021 0.9979 0.00000000E+00 -1.36176457E+01 1.49109457E+01 -1.05658370E+02
1.25332668E+01 3.49029072E-07 2.10020267E-03 0.00000000E+00 0.0021002 0.9979 0.00000000E+00 -1.35552780E+01 1.48485780E+01 -1.05658370E+02
1.25343446E+01 3.31888940E-07 2.10019272E-03 0.00000000E+00 0.00210019 0.9979 0.00000000E+00 -1.34931704E+01 1.47864704E+01 -1.05658370E+02
1.25354064E+01 3.15590094E-07 2.10018325E-03 0.00000000E+00 0.00210018 0.9979 0.00000000E+00 -1.34313218E+01 1.47246219E+01 -1.05658370E+02
1.25364526E+01 3.00091256E-07 2.10017425E-03 0.00000000E+00 0.00210017 0.9979 0.00000000E+00 -1.33697313E+01 1.46630313E+01 -1.05658370E+02
1.25374832E+01 2.85353175E-07 2.10016569E-03 0.00000000E+00 0.00210017 0.9979 0.00000000E+00 -1.33083975E+01 1.46016975E+01 -1.05658370E+02
1.25384985E+01 2.71338523E-07 2.10015755E-03 0.00000000E+00 0.00210016 0.9979 0.00000000E+00 -1.32473195E+01 1.45406195E+01 -1.05658370E+02
1.25394985E+01 2.58011806E-07 2.10014981E-03 0.00000000E+00 0.00210015 0.9979 0.00000000E+00 -1.31864961E+01 1.44797961E+01 -1.05658370E+02
1.25404836E+01 2.45339268E-07 2.10014245E-03 0.00000000E+00 0.00210014 0.9979 0.00000000E+00 -1.31259262E+01 1.44192262E+01 -1.05658370E+02
1.25414539E+01 2.33288811E-07 2.10013545E-03 0.00000000E+00 0.00210014 0.9979 0.00000000E+00 -1.30656088E+01 1.43589088E+01 -1.05658370E+02
1.25424095E+01 2.21829911E-07 2.10012879E-03 0.00000000E+00 0.00210013 0.9979 0.00000000E+00 -1.30055427E+01 1.42988428E+01 -1.05658370E+02
1.25433506E+01 2.10933541E-07 2.10012246E-03 0.00000000E+00 0.00210012 0.9979 0.00000000E+00 -1.29457270E+01 1.42390270E+01 -1.05658370E+02
1.25442775E+01 2.00572098E-07 2.10011644E-03 0.00000000E+00 0.00210012 0.9979 0.00000000E+00 -1.28861605E+01 1.41794605E+01 -1.05658370E+02
1.25451902E+01 1.90719332E-07 2.10011072E-03 0.00000000E+00 0.00210011 0.9979 0.00000000E+00 -1.28268422E+01 1.41201422E+01 -1.05658370E+02
1.25460890E+01 1.81350283E-07 2.10010528E-03 0.00000000E+00 0.00210011 0.9979 0.00000000E+00 -1.27677709E+01 1.40610710E+01 -1.05658370E+02
1.25469740E+01 1.72441214E-07 2.10010010E-03 0.00000000E+00 0.0021001 0.9979 0.00000000E+00 -1.27089458E+01 1.40022458E+01 -1.05658370E+02
1.25478454E+01 1.63969552E-07 2.10009518E-03 0.00000000E+00 0.0021001 0.9979 0.00000000E+00 -1.26503656E+01 1.39436657E+01 -1.05658370E+02
1.25487033E+01 1.55913831E-07 2.10009050E-03 0.00000000E+00 0.00210009 0.9979 0.00000000E+00 -1.25920295E+01 1.38853295E+01 -1.05658370E+02
1.25495480E+01 1.48253641E-07 2.10008605E-03 0.00000000E+00 0.00210009 0.9979 0.00000000E+00 -1.25339363E+01 1.38272363E+01 -1.05658370E+02
1.25503795E+01 1.40969569E-07 2.10008182E-03 0.00000000E+00 0.00210008 0.9979 0.00000000E+00 -1.24760850E+01 1.37693850E+01 -1.05658370E+02
1.25511980E+01 1.34043159E-07 2.10007780E-03 0.00000000E+00 0.00210008 0.9979 0.00000000E+00 -1.24184746E+01 1.37117746E+01 -1.05658370E+02
1.25520037E+01 1.27456855E-07 2.10007397E-03 0.00000000E+00 0.00210007 0.9979 0.00000000E+00 -1.23611040E+01 1.36544041E+01 -1.05658370E+02
1.25527967E+01 1.21193968E-07 2.10007033E-03 0.00000000E+00 0.00210007 0.9979 0.00000000E+00 -1.23039723E+01 1.35972724E+01 -1.05658370E+02
1.25535772E+01 1.15238623E-07 2.10006687E-03 0.00000000E+00 0.00210007 0.9979 0.00000000E+00 -1.22470785E+01 1.35403785E+01 -1.05658370E+02
1.25543454E+01 1.09575727E-07 2.10006358E-03 0.00000000E+00 0.00210006 0.9979 0.00000000E+00 -1.21904215E+01 1.34837215E+01 -1.05658370E+02
1.25551013E+01 1.04190925E-07 2.10006045E-03 0.00000000E+00 0.00210006 0.9979 0.00000000E+00 -1.21340003E+01 1.34273004E+01 -1.05658370E+02
1.25558452E+01 9.90705692E-08 2.10005748E-03 0.00000000E+00 0.00210006 0.9979 0.00000000E+00 -1.20778140E+01 1.33711141E+01 -1.05658370E+02
1.25565772E+01 9.42016786E-08 2.10005465E-03 0.00000000E+00 0.00210005 0.9979 0.00000000E+00 -1.20218616E+01 1.33151616E+01 -1.05658370E+02
1.25572973E+01 8.95719106E-08 2.10005196E-03 0.00000000E+00 0.00210005 0.9979 0.00000000E+00 -1.19661420E+01 1.32594420E+01 -1.05658370E+02
1.25580059E+01 8.51695278E-08 2.10004940E-03 0.00000000E+00 0.00210005 0.9979 0.00000000E+00 -1.19106542E+01 1.32039543E+01 -1.05658370E+02
1.25587030E+01 8.09833686E-08 2.10004697E-03 0.00000000E+00 0.00210005 0.9979 0.00000000E+00 -1.18553974E+01 1.31486975E+01 -1.05658370E+02
1.25593887E+01 7.70028192E-08 2.10004466E-03 0.00000000E+00 0.00210004 0.9979 0.00000000E+00 -1.18003706E+01 1.30936706E+01 -1.05658370E+02
1.25600632E+01 7.32177865E-08 2.10004246E-03 0.00000000E+00 0.00210004 0.9979 0.00000000E+00 -1.17455727E+01 1.30388727E+01 -1.05658370E+02
1.25607267E+01 6.96186726E-08 2.10004037E-03 0.00000000E+00 0.00210004 0.9979 0.00000000E+00 -1.16910028E+01 1.29843028E+01 -1.05658370E+02
1.25613792E+01 6.61963506E-08 2.10003838E-03 0.00000000E+00 0.00210004 0.9979 0.00000000E+00 -1.16366599E+01 1.29299600E+01 -1.05658370E+02
1.25620210E+01 6.29421415E-08 2.10003649E-03 0.00000000E+00 0.00210004 0.9979 0.00000000E+00 -1.15825432E+01 1.28758432E+01 -1.05658370E+02
1.25626521E+01 5.98477920E-08 2.10003469E-03 0.00000000E+00 0.00210003 0.9979 0.00000000E+00 -1.15286515E+01 1.28219516E+01 -1.05658370E+02
1.25632726E+01 5.69054540E-08 2.10003298E-03 0.00000000E+00 0.00210003 0.9979 0.00000000E+00 -1.14749841E+01 1.27682841E+01 -1.05658370E+02
1.25638828E+01 5.41076643E-08 2.10003136E-03 0.00000000E+00 0.00210003 0.9979 0.00000000E+00 -1.14215399E+01 1.27148400E+01 -1.05658370E+02
1.25644827E+01 5.14473262E-08 2.10002981E-03 0.00000000E+00 0.00210003 0.9979 0.00000000E+00 -1.13683181E+01 1.26616181E+01 -1.05658370E+02
1.25650724E+01 4.89176909E-08 2.10002834E-03 0.00000000E+00 0.00210003 0.9979 0.00000000E+00 -1.13153176E+01 1.26086176E+01 -1.05658370E+02
1.25656522E+01 4.65123410E-08 2.10002695E-03 0.00000000E+00 0.00210003 0.9979 0.00000000E+00 -1.12625375E+01 1.25558376E+01 -1.05658370E+02
1.25662221E+01 4.42251741E-08 2.10002562E-03 0.00000000E+00 0.00210003 0.9979 0.00000000E+00 -1.12099770E+01 1.25032771E+01 -1.05658370E+02
1.25667822E+01 4.20503872E-08 2.10002435E-03 0.00000000E+00 0.00210002 0.9979 0.00000000E+00 -1.11576351E+01 1.24509352E+01 -1.05658370E+02
1.25673327E+01 3.99824620E-08 2.10002315E-03 0.00000000E+00 0.00210002 0.9979 0.00000000E+00 -1.11055109E+01 1.23988109E+01 -1.05658370E+02
1.25678737E+01 3.80161511E-08 2.10002201E-03 0.00000000E+00 0.00210002 0.9979 0.00000000E+00 -1.10536035E+01 1.23469035E+01 -1.05658370E+02
1.25684054E+01 3.61464647E-08 2.10002092E-03 0.00000000E+00 0.00210002 0.9979 0.00000000E+00 -1.10019119E+01 1.22952119E+01 -1.05658370E+02
1.25689277E+01 3.43686579E-08 2.10001989E-03 0.00000000E+00 0.00210002 0.9979 0.00000000E+00 -1.09504352E+01 1.22437353E+01 -1.05658370E+02
1.25694409E+01 3.26782184E-08 2.10001891E-03 0.00000000E+00 0.00210002 0.9979 0.00000000E+00 -1.08991727E+01 1.21924727E+01 -1.05658370E+02
1.25699452E+01 3.10708558E-08 2.10001798E-03 0.00000000E+00 0.00210002 0.9979 0.00000000E+00 -1.08481232E+01 1.21414233E+01 -1.05658370E+02
1.25704405E+01 2.95424900E-08 2.10001709E-03 0.00000000E+00 0.00210002 0.9979 0.00000000E+00 -1.07972861E+01 1.20905861E+01 -1.05658370E+02
1.25709270E+01 2.80892413E-08 2.10001624E-03 0.00000000E+00 0.00210002 0.9979 0.00000000E+00 -1.07466603E+01 1.20399603E+01 -1.05658370E+02
1.25714048E+01 2.67074203E-08 2.10001544E-03 0.00000000E+00 0.00210002 0.9979 0.00000000E+00 -1.06962450E+01 1.19895451E+01 -1.05658370E+02
1.25718741E+01 2.53935188E-08 2.10001468E-03 0.00000000E+00 0.00210001 0.9979 0.00000000E+00 -1.06460393E+01 1.19393394E+01 -1.05658370E+02
1.25723350E+01 2.41441998E-08 2.10001395E-03 0.00000000E+00 0.00210001 0.9979 0.00000000E+00 -1.05960424E+01 1.18893424E+01 -1.05658370E+02
1.25727875E+01 2.29562931E-08 2.10001326E-03 0.00000000E+00 0.00210001 0.9979 0.00000000E+00 -1.05462533E+01 1.18395533E+01 -1.05658370E+02
1.25732318E+01 2.18267811E-08 2.10001261E-03 0.00000000E+00 0.00210001 0.9979 0.00000000E+00 -1.04966712E+01 1.17899712E+01 -1.05658370E+02
1.25736680E+01 2.07527954E-08 2.10001198E-03 0.00000000E+00 0.00210001 0.9979 0.00000000E+00 -1.04472952E+01 1.17405952E+01 -1.05658370E+02
1.25740962E+01 1.97316083E-08 2.10001139E-03 0.00000000E+00 0.00210001 0.9979 0.00000000E+00 -1.03981244E+01 1.16914245E+01 -1.05658370E+02
1.25745166E+01 1.87606262E-08 2.10001082E-03 0.00000000E+00 0.00210001 0.9979 0.00000000E+00 -1.03491581E+01 1.16424581E+01 -1.05658370E+02
1.25749291E+01 1.78373825E-08 2.10001029E-03 0.00000000E+00 0.00210001 0.9979 0.00000000E+00 -1.03003953E+01 1.15936953E+01 -1.05658370E+02
1.25753340E+01 1.69595321E-08 2.10000978E-03 0.00000000E+00 0.00210001 0.9979 0.00000000E+00 -1.02518352E+01 1.15451352E+01 -1.05658370E+02
1.25757313E+01 1.61248448E-08 2.10000929E-03 0.00000000E+00 0.00210001 0.9979 0.00000000E+00 -1.02034769E+01 1.14967769E+01 -1.05658370E+02
1.25761212E+01 1.53311999E-08 2.10000883E-03 0.00000000E+00 0.00210001 0.9979 0.00000000E+00 -1.01553196E+01 1.14486196E+01 -1.05658370E+02
1.25765037E+01 1.45765810E-08 2.10000839E-03 0.00000000E+00 0.00210001 0.9979 0.00000000E+00 -1.01073625E+01 1.14006625E+01 -1.05658370E+02
1.25768789E+01 1.38590705E-08 2.10000798E-03 0.00000000E+00 0.00210001 0.9979 0.00000000E+00 -1.00596047E+01 1.13529047E+01 -1.05658370E+02
1.25772471E+01 1.31768450E-08 2.10000758E-03 0.00000000E+00 0.00210001 0.9979 0.00000000E+00 -1.00120453E+01 1.13053454E+01 -1.05658370E+02
1.25776081E+01 1.25281707E-08 2.10000720E-03 0.00000000E+00 0.00210001 0.9979 0.00000000E+00 -9.96468366E+00 1.12579837E+01 -1.05658370E+02
1.25779622E+01 1.19113989E-08 2.10000685E-03 0.00000000E+00 0.00210001 0.9979 0.00000000E+00 -9.91751880E+00 1.12108188E+01 -1.05658370E+02
1.25783095E+01 1.13249620E-08 2.10000650E-03 0.00000000E+00 0.00210001 0.9979 0.00000000E+00 -9.87054994E+00 1.11638500E+01 -1.05658370E+02
1.25786500E+01 1.07673691E-08 2.10000618E-03 0.00000000E+00 0.00210001 0.9979 0.00000000E+00 -9.82377627E+00 1.11170763E+01 -1.05658370E+02
1.25789839E+01 1.02372028E-08 2.10000587E-03 0.00000000E+00 0.00210001 0.9979 0.00000000E+00 -9.77719696E+00 1.10704970E+01 -1.05658370E+02
1.25793112E+01 9.73311510E-09 2.10000558E-03 0.00000000E+00 0.00210001 0.9979 0.00000000E+00 -9.73081120E+00 1.10241112E+01 -1.05658370E+02
1.25796321E+01 9.25382432E-09 2.10000530E-03 0.00000000E+00 0.00210001 0.9979 0.00000000E+00 -9.68461818E+00 1.09779182E+01 -1.05658370E+02
1.25799466E+01 8.79811168E-09 2.10000504E-03 0.00000000E+00 0.00210001 0.9979 0.00000000E+00 -9.63861710E+00 1.09319171E+01 -1.05658370E+02
1.25802548E+01 8.36481829E-09 2.10000478E-03 0.00000000E+00 0.0021 0.9979 0.00000000E+00 -9.59280716E+00 1.08861072E+01 -1.05658370E+02
1.25805569E+01 7.95284216E-09 2.10000455E-03 0.00000000E+00 0.0021 0.9979 0.00000000E+00 -9.54718755E+00 1.08404876E+01 -1.05658370E+02
1.25808528E+01 7.56113543E-09 2.10000432E-03 0.00000000E+00 0.0021 0.9979 0.00000000E+00 -9.50175748E+00 1.07950575E+01 -1.05658370E+02
1.25811428E+01 7.18870171E-09 2.10000410E-03 0.00000000E+00 0.0021 0.9979 0.00000000E+00 -9.45651616E+00 1.07498162E+01 -1.05658370E+02
1.25814269E+01 6.83459356E-09 2.10000390E-03 0.00000000E+00 0.0021 0.9979 0.00000000E+00 -9.41146280E+00 1.07047628E+01 -1.05658370E+02
1.25817052E+01 6.49791008E-09 2.10000370E-03 0.00000000E+00 0.0021 0.9979 0.00000000E+00 -9.36659661E+00 1.06598966E+01 -1.05658370E+02
1.25819777E+01 6.17779462E-09 2.10000351E-03 0.00000000E+00 0.0021 0.9979 0.00000000E+00 -9.32191681E+00 1.06152168E+01 -1.05658370E+02
1.25822447E+01 5.87343262E-09 2.10000334E-03 0.00000000E+00 0.0021 0.9979 0.00000000E+00 -9.27742262E+00 1.05707227E+01 -1.05658370E+02
1.25825060E+01 5.58404952E-09 2.10000317E-03 0.00000000E+00 0.0021 0.9979 0.00000000E+00 -9.23311327E+00 1.05264133E+01 -1.05658370E+02
1.25827620E+01 5.30890884E-09 2.10000301E-03 0.00000000E+00 0.0021 0.9979 0.00000000E+00 -9.18898799E+00 1.04822880E+01 -1.05658370E+02
1.25830125E+01 5.04731027E-09 2.10000286E-03 0.00000000E+00 0.0021 0.9979 0.00000000E+00 -9.14504600E+00 1.04383460E+01 -1.05658370E+02
1.25832578E+01 4.79858791E-09 2.10000271E-03 0.00000000E+00 0.0021 0.9979 0.00000000E+00 -9.10128654E+00 1.03945866E+01 -1.05658370E+02
1.25834979E+01 4.56210856E-09 2.10000258E-03 0.00000000E+00 0.0021 0.9979 0.00000000E+00 -9.05770885E+00 1.03510089E+01 -1.05658370E+02
1.25837328E+01 4.33727016E-09 2.10000245E-03 0.00000000E+00 0.0021 0.9979 0.00000000E+00 -9.01431216E+00 1.03076122E+01 -1.05658370E+02
1.25839627E+01 4.12350023E-09 2.10000232E-03 0.00000000E+00 0.0021 0.9979 0.00000000E+00 -8.97109573E+00 1.02643958E+01 -1.05658370E+02
1.25841877E+01 3.92025440E-09 2.10000220E-03 0.00000000E+00 0.0021 0.9979 0.00000000E+00 -8.92805880E+00 1.02213588E+01 -1.05658370E+02
1.25844078E+01 3.72701506E-09 2.10000209E-03 0.00000000E+00 0.0021 0.9979 0.00000000E+00 -8.88520062E+00 1.01785007E+01 -1.05658370E+02
1.25846230E+01 3.54329005E-09 2.10000198E-03 0.00000000E+00 0.0021 0.9979 0.00000000E+00 -8.84252045E+00 1.01358205E+01 -1.05658370E+02
1.25848336E+01 3.36861139E-09 2.10000188E-03 0.00000000E+00 0.0021 0.9979 0.00000000E+00 -8.80001753E+00 1.00933176E+01 -1.05658370E+02
1.25850395E+01 3.20253409E-09 2.10000179E-03 0.00000000E+00 0.0021 0.9979 0.00000000E+00 -8.75769114E+00 1.00509912E+01 -1.05658370E+02
1.25852409E+01 3.04463503E-09 2.10000169E-03 0.00000000E+00 0.0021 0.9979 0.00000000E+00 -8.71554053E+00 1.00088406E+01 -1.05658370E+02
1.25854378E+01 2.89451190E-09 2.10000161E-03 0.00000000E+00 0.0021 0.9979 0.00000000E+00 -8.67356498E+00 9.96686501E+00 -1.05658370E+02
1.25856303E+01 2.75178216E-09 2.10000152E-03 0.00000000E+00 0.0021 0.9979 0.00000000E+00 -8.63176374E+00 9.92506377E+00 -1.05658370E+02
1.25858185E+01 2.61608207E-09 2.10000145E-03 0.00000000E+00 0.0021 0.9979 0.00000000E+00 -8.59013610E+00 9.88343613E+00 -1.05658370E+02
1.25860024E+01 2.48706575E-09 2.10000137E-03 0.00000000E+00 0.0021 0.9979 0.00000000E+00 -8.54868132E+00 9.84198136E+00 -1.05658370E+02
1.25861821E+01 2.36440436E-09 2.10000130E-03 0.00000000E+00 0.0021 0.9979 0.00000000E+00 -8.50739870E+00 9.80069873E+00 -1.05658370E+02
1.25863577E+01 2.24778521E-09 2.10000123E-03 0.00000000E+00 0.0021 0.9979 0.00000000E+00 -8.46628750E+00 9.75958754E+00 -1.05658370E+02
1.25865293E+01 2.13691096E-09 2.10000117E-03 0.00000000E+00 0.0021 0.9979 0.00000000E+00 -8.42534702E+00 9.71864706E+00 -1.05658370E+02
1.25866969E+01 2.03149892E-09 2.10000111E-03 0.00000000E+00 0.0021 0.9979 0.00000000E+00 -8.38457655E+00 9.67787658E+00 -1.05658370E+02
1.25868606E+01 1.93128028E-09 2.10000105E-03 0.00000000E+00 0.0021 0.9979 0.00000000E+00 -8.34397536E+00 9.63727540E+00 -1.05658370E+02
1.25870205E+01 1.83599946E-09 2.10000099E-03 0.00000000E+00 0.0021 0.9979 0.00000000E+00 -8.30354277E+00 9.59684280E+00 -1.05658370E+02
1.25871766E+01 1.74541343E-09 2.10000094E-03 0.00000000E+00 0.0021 0.9979 0.00000000E+00 -8.26327806E+00 9.55657809E+00 -1.05658370E+02
1.25873290E+01 1.65929111E-09 2.10000089E-03 0.00000000E+00 0.0021 0.9979 0.00000000E+00 -8.22318054E+00 9.51648057E+00 -1.05658370E+02
1.25874779E+01 1.57741281E-09 2.10000084E-03 0.00000000E+00 0.0021 0.9979 0.00000000E+00 -8.18324951E+00 9.47654954E+00 -1.05658370E+02
1.25876231E+01 1.49956961E-09 2.10000080E-03 0.00000000E+00 0.0021 0.9979 0.00000000E+00 -8.14348427E+00 9.43678430E+00 -1.05658370E+02
1.25877649E+01 1.42556288E-09 2.10000075E-03 0.00000000E+00 0.0021 0.9979 0.00000000E+00 -8.10388414E+00 9.39718417E+00 -1.05658370E+02
1.25879032E+01 1.35520375E-09 2.10000071E-03 0.00000000E+00 0.0021 0.9979 0.00000000E+00 -8.06444843E+00 9.35774846E+00 -1.05658370E+02
1.25880382E+01 1.28831266E-09 2.10000067E-03 0.00000000E+00 0.0021 0.9979 0.00000000E+00 -8.02517644E+00 9.31847648E+00 -1.05658370E+02
1.25881699E+01 1.22471885E-09 2.10000064E-03 0.00000000E+00 0.0021 0.9979 0.00000000E+00 -7.98606751E+00 9.27936755E+00 -1.05658370E+02
1.25882983E+01 1.16425999E-09 2.10000060E-03 0.00000000E+00 0.0021 0.9979 0.00000000E+00 -7.94712095E+00 9.24042099E+00 -1.05658370E+02
1.25884236E+01 1.10678171E-09 2.10000057E-03 0.00000000E+00 0.0021 0.9979 0.00000000E+00 -7.90833609E+00 9.20163612E+00 -1.05658370E+02
1.25885458E+01 1.05213724E-09 2.10000054E-03 0.00000000E+00 0.0021 0.9979 0.00000000E+00 -7.86971225E+00 9.16301228E+00 -1.05658370E+02
1.25886649E+01 1.00018704E-09 2.10000051E-03 0.00000000E+00 0.0021 0.9979 0.00000000E+00 -7.83124876E+00 9.12454879E+00 -1.05658370E+02
1.25887810E+01 9.50798418E-10 2.10000048E-03 0.00000000E+00 0.0021 0.9979 0.00000000E+00 -7.79294496E+00 9.08624499E+00 -1.05658370E+02
1.25888942E+01 9.03845227E-10 2.10000045E-03 0.00000000E+00 0.0021 0.9979 0.00000000E+00 -7.75480018E+00 9.04810021E+00 -1.05658370E+02
1.25890045E+01 8.59207515E-10 2.10000042E-03 0.00000000E+00 0.0021 0.9979 0.00000000E+00 -7.71681376E+00 9.01011379E+00 -1.05658370E+02
1.25891120E+01 8.16771234E-10 2.10000040E-03 0.00000000E+00 0.0021 0.9979 0.00000000E+00 -7.67898504E+00 8.97228508E+00 -1.05658370E+02
1.25892167E+01 7.76427948E-10 2.10000038E-03 0.00000000E+00 0.0021 0.9979 0.00000000E+00 -7.64131337E+00 8.93461340E+00 -1.05658370E+02
1.25893187E+01 7.38074558E-10 2.10000035E-03 0.00000000E+00 0.0021 0.9979 0.00000000E+00 -7.60379809E+00 8.89709813E+00 -1.05658370E+02
1.25894181E+01 7.01613036E-10 2.10000033E-03 0.00000000E+00 0.0021 0.9979 0.00000000E+00 -7.56643856E+00 8.85973859E+00 -1.05658370E+02
1.25895149E+01 6.66950178E-10 2.10000031E-03 0.00000000E+00 0.0021 0.9979 0.00000000E+00 -7.52923412E+00 8.82253416E+00 -1.05658370E+02
1.25896091E+01 6.33997369E-10 2.10000029E-03 0.00000000E+00 0.0021 0.9979 0.00000000E+00 -7.49218414E+00 8.78548417E+00 -1.05658370E+02
1.25897008E+01 6.02670353E-10 2.10000028E-03 0.00000000E+00 0.0021 0.9979 0.00000000E+00 -7.45528797E+00 8.74858800E+00 -1.05658370E+02
1.25897902E+01 5.72889021E-10 2.10000026E-03 0.00000000E+00 0.0021 0.9979 0.00000000E+00 -7.41854497E+00 8.71184500E+00 -1.05658370E+02
1.25898771E+01 5.44577207E-10 2.10000024E-03 0.00000000E+00 0.0021 0.9979 0.00000000E+00 -7.38195451E+00 8.67525454E+00 -1.05658370E+02
1.25899617E+01 5.17662495E-10 2.10000023E-03 0.00000000E+00 0.0021 0.9979 0.00000000E+00 -7.34551596E+00 8.63881599E+00 -1.05658370E+02
1.25900440E+01 4.92076033E-10 2.10000021E-03 0.00000000E+00 0.0021 0.9979 0.00000000E+00 -7.30922868E+00 8.60252871E+00 -1.05658370E+02
1.25901240E+01 4.67752358E-10 2.10000020E-03 0.00000000E+00 0.0021 0.9979 0.00000000E+00 -7.27309205E+00 8.56639209E+00 -1.05658370E+02
1.25902019E+01 4.44629229E-10 2.10000018E-03 0.00000000E+00 0.0021 0.9979 0.00000000E+00 -7.23710545E+00 8.53040548E+00 -1.05658370E+02
1.25902776E+01 4.22647471E-10 2.10000017E-03 0.00000000E+00 0.0021 0.9979 0.00000000E+00 -7.20126825E+00 8.49456828E+00 -1.05658370E+02
1.25903513E+01 4.01750821E-10 2.10000016E-03 0.00000000E+00 0.0021 0.9979 0.00000000E+00 -7.16557984E+00 8.45887987E+00 -1.05658370E+02
1.25904228E+01 3.81885786E-10 2.10000015E-03 0.00000000E+00 0.0021 0.9979 0.00000000E+00 -7.13003960E+00 8.42333963E+00 -1.05658370E+02
1.25904924E+01 3.63001509E-10 2.10000014E-03 0.00000000E+00 0.0021 0.9979 0.00000000E+00 -7.09464691E+00 8.38794695E+00 -1.05658370E+02
1.25905601E+01 3.45049635E-10 2.10000013E-03 0.00000000E+00 0.0021 0.9979 0.00000000E+00 -7.05940118E+00 8.35270121E+00 -1.05658370E+02
1.25906258E+01 3.27984191E-10 2.10000012E-03 0.00000000E+00 0.0021 0.9979 0.00000000E+00 -7.02430178E+00 8.31760181E+00 -1.05658370E+02
1.25906897E+01 3.11761469E-10 2.10000011E-03 0.00000000E+00 0.0021 0.9979 0.00000000E+00 -6.98934812E+00 8.28264815E+00 -1.05658370E+02
1.25907517E+01 2.96339911E-10 2.10000010E-03 0.00000000E+00 0.0021 0.9979 0.00000000E+00 -6.95453960E+00 8.24783963E+00 -1.05658370E+02
1.25908119E+01 2.81680008E-10 2.10000009E-03 0.00000000E+00 0.0021 0.9979 0.00000000E+00 -6.91987561E+00 8.21317564E+00 -1.05658370E+02
1.25908704E+01 2.67744197E-10 2.10000008E-03 0.00000000E+00 0.0021 0.9979 0.00000000E+00 -6.88535557E+00 8.17865560E+00 -1.05658370E+02
1.25909272E+01 2.54496764E-10 2.10000007E-03 0.00000000E+00 0.0021 0.9979 0.00000000E+00 -6.85097887E+00 8.14427890E+00 -1.05658370E+02
1.25909824E+01 2.41903756E-10 2.10000007E-03 0.00000000E+00 0.0021 0.9979 0.00000000E+00 -6.81674493E+00 8.11004497E+00 -1.05658370E+02
1.25910359E+01 2.29932890E-10 2.10000006E-03 0.00000000E+00 0.0021 0.9979 0.00000000E+00 -6.78265317E+00 8.07595320E+00 -1.05658370E+02
1.25910878E+01 2.18553477E-10 2.10000005E-03 0.00000000E+00 0.0021 0.9979 0.00000000E+00 -6.74870299E+00 8.04200302E+00 -1.05658370E+02
1.25911382E+01 2.07736336E-10 2.10000005E-03 0.00000000E+00 0.0021 0.9979 0.00000000E+00 -6.71489382E+00 8.00819385E+00 -1.05658370E+02
1.25911871E+01 1.97453727E-10 2.10000004E-03 0.00000000E+00 0.0021 0.9979 0.00000000E+00 -6.68122508E+00 7.97452511E+00 -1.05658370E+02
1.25912346E+01 1.87679276E-10 2.10000003E-03 0.00000000E+00 0.0021 0.9979 0.00000000E+00 -6.64769619E+00 7.94099623E+00 -1.05658370E+02
1.25912805E+01 1.78387907E-10 2.10000003E-03 0.00000000E+00 0.0021 0.9979 0.00000000E+00 -6.61430659E+00 7.90760662E+00 -1.05658370E+02
1.25913251E+01 1.69555782E-10 2.10000002E-03 0.00000000E+00 0.0021 0.9979 0.00000000E+00 -6.58105569E+00 7.87435572E+00 -1.05658370E+02
1.25913684E+01 1.61160237E-10 2.10000002E-03 0.00000000E+00 0.0021 0.9979 0.00000000E+00 -6.54794294E+00 7.84124297E+00 -1.05658370E+02
1.25914103E+01 1.53179724E-10 2.10000001E-03 0.00000000E+00 0.0021 0.9979 0.00000000E+00 -6.51496777E+00 7.80826780E+00 -1.05658370E+02
1.25914509E+01 1.45593758E-10 2.10000001E-03 0.00000000E+00 0.0021 0.9979 0.00000000E+00 -6.48212962E+00 7.77542965E+00 -1.05658370E+02
1.25914902E+01 1.38382864E-10 2.10000001E-03 0.00000000E+00 0.0021 0.9979 0.00000000E+00 -6.44942793E+00 7.74272796E+00 -1.05658370E+02
1.25915283E+01 1.31528526E-10 2.10000000E-03 0.00000000E+00 0.0021 0.9979 0.00000000E+00 -6.41686215E+00 7.71016218E+00 -1.05658370E+02
1.25915653E+01 1.25013143E-10 2.10000000E-03 0.00000000E+00 0.0021 0.9979 0.00000000E+00 -6.38443173E+00 7.67773176E+00 -1.05658370E+02
1.25916010E+01 1.18819979E-10 2.09999999E-03 0.00000000E+00 0.0021 0.9979 0.00000000E+00 -6.35213611E+00 7.64543614E+00 -1.05658370E+02
1.25916356E+01 1.12933124E-10 2.09999999E-03 0.00000000E+00 0.0021 0.9979 0.00000000E+00 -6.31997476E+00 7.61327479E+00 -1.05658370E+02
1.25916691E+01 1.07337453E-10 2.09999999E-03 0.00000000E+00 0.0021 0.9979 0.00000000E+00 -6.28794712E+00 7.58124716E+00 -1.05658370E+02
1.25917016E+01 1.02018587E-10 2.09999998E-03 0.00000000E+00 0.0021 0.9979 0.00000000E+00 -6.25605267E+00 7.54935270E+00 -1.05658370E+02
1.25917330E+01 9.69628553E-11 2.09999998E-03 0.00000000E+00 0.0021 0.9979 0.00000000E+00 -6.22429086E+00 7.51759090E+00 -1.05658370E+02
1.25917634E+01 9.21572619E-11 2.09999998E-03 0.00000000E+00 0.0021 0.9979 0.00000000E+00 -6.19266117E+00 7.48596120E+00 -1.05658370E+02
1.25917927E+01 8.75894516E-11 2.09999998E-03 0.00000000E+00 0.0021 0.9979 0.00000000E+00 -6.16116305E+00 7.45446308E+00 -1.05658370E+02
1.25918212E+01 8.32476783E-11 2.09999997E-03 0.00000000E+00 0.0021 0.9979 0.00000000E+00 -6.12979599E+00 7.42309602E+00 -1.05658370E+02
1.25918487E+01 7.91207758E-11 2.09999997E-03 0.00000000E+00 0.0021 0.9979 0.00000000E+00 -6.09855946E+00 7.39185950E+00 -1.05658370E+02
1.25918752E+01 7.51981283E-11 2.09999997E-03 0.00000000E+00 0.0021 0.9979 0.00000000E+00 -6.06745295E+00 7.36075298E+00 -1.05658370E+02
1.25919009E+01 7.14696439E-11 2.09999997E-03 0.00000000E+00 0.0021 0.9979 0.00000000E+00 -6.03647593E+00 7.32977596E+00 -1.05658370E+02
1.25919258E+01 6.79257284E-11 2.09999996E-03 0.00000000E+00 0.0021 0.9979 0.00000000E+00 -6.00562789E+00 7.29892793E+00 -1.05658370E+02
1.25919498E+01 6.45572613E-11 2.09999996E-03 0.00000000E+00 0.0021 0.9979 0.00000000E+00 -5.97490833E+00 7.26820836E+00 -1.05658370E+02
1.25919730E+01 6.13555718E-11 2.09999996E-03 0.00000000E+00 0.0021 0.9979 0.00000000E+00 -5.94431674E+00 7.23761677E+00 -1.05658370E+02
1.25919954E+01 5.83124171E-11 2.09999996E-03 0.00000000E+00 0.0021 0.9979 0.00000000E+00 -5.91385260E+00 7.20715264E+00 -1.05658370E+02
1.25920170E+01 5.54199611E-11 2.09999996E-03 0.00000000E+00 0.0021 0.9979 0.00000000E+00 -5.88351544E+00 7.17681547E+00 -1.05658370E+02
1.25920379E+01 5.26707546E-11 2.09999996E-03 0.00000000E+00 0.0021 0.9979 0.00000000E+00 -5.85330474E+00 7.14660478E+00 -1.05658370E+02
1.25920581E+01 5.00577157E-11 2.09999995E-03 0.00000000E+00 0.0021 0.9979 0.00000000E+00 -5.82322003E+00 7.11652006E+00 -1.05658370E+02
1.25920776E+01 4.75741124E-11 2.09999995E-03 0.00000000E+00 0.0021 0.9979 0.00000000E+00 -5.79326080E+00 7.08656083E+00 -1.05658370E+02
1.25920964E+01 4.52135450E-11 2.09999995E-03 0.00000000E+00 0.0021 0.9979 0.00000000E+00 -5.76342658E+00 7.05672662E+00 -1.05658370E+02
1.25921146E+01 4.29699293E-11 2.09999995E-03 0.00000000E+00 0.0021 0.9979 0.00000000E+00 -5.73371689E+00 7.02701692E+00 -1.05658370E+02
1.25921321E+01 4.08374821E-11 2.09999995E-03 0.00000000E+00 0.0021 0.9979 0.00000000E+00 -5.70413125E+00 6.99743128E+00 -1.05658370E+02
1.25921490E+01 3.88107052E-11 2.09999995E-03 0.00000000E+00 0.0021 0.9979 0.00000000E+00 -5.67466919E+00 6.96796922E+00 -1.05658370E+02
1.25921653E+01 3.68843722E-11 2.09999995E-03 0.00000000E+00 0.0021 0.9979 0.00000000E+00 -5.64533024E+00 6.93863027E+00 -1.05658370E+02
1.25921810E+01 3.50535145E-11 2.09999995E-03 0.00000000E+00 0.0021 0.9979 0.00000000E+00 -5.61611394E+00 6.90941397E+00 -1.05658370E+02
1.25921962E+01 3.33134092E-11 2.09999994E-03 0.00000000E+00 0.0021 0.9979 0.00000000E+00 -5.58701982E+00 6.88031985E+00 -1.05658370E+02
1.25922108E+01 3.16595664E-11 2.09999994E-03 0.00000000E+00 0.0021 0.9979 0.00000000E+00 -5.55804744E+00 6.85134747E+00 -1.05658370E+02
1.25922249E+01 3.00877180E-11 2.09999994E-03 0.00000000E+00 0.0021 0.9979 0.00000000E+00 -5.52919634E+00 6.82249637E+00 -1.05658370E+02
1.25922385E+01 2.85938069E-11 2.09999994E-03 0.00000000E+00 0.0021 0.9979 0.00000000E+00 -5.50046607E+00 6.79376610E+00 -1.05658370E+02
1.25922516E+01 2.71739760E-11 2.09999994E-03 0.00000000E+00 0.0021 0.9979 0.00000000E+00 -5.47185620E+00 6.76515623E+00 -1.05658370E+02
1.25922642E+01 2.58245592E-11 2.09999994E-03 0.00000000E+00 0.0021 0.9979 0.00000000E+00 -5.44336629E+00 6.73666632E+00 -1.05658370E+02
1.25922763E+01 2.45420713E-11 2.09999994E-03 0.00000000E+00 0.0021 0.9979 0.00000000E+00 -5.41499590E+00 6.70829594E+00 -1.05658370E+02
1.25922880E+01 2.33231993E-11 2.09999994E-03 0.00000000E+00 0.0021 0.9979 0.00000000E+00 -5.38674462E+00 6.68004465E+00 -1.05658370E+02
1.25922993E+01 2.21647939E-11 2.09999994E-03 0.00000000E+00 0.0021 0.9979 0.00000000E+00 -5.35861201E+00 6.65191204E+00 -1.05658370E+02
1.25923102E+01 2.10638615E-11 2.09999994E-03 0.00000000E+00 0.0021 0.9979 0.00000000E+00 -5.33059766E+00 6.62389769E+00 -1.05658370E+02
1.25923207E+01 2.00175564E-11 2.09999994E-03 0.00000000E+00 0.0021 0.9979 0.00000000E+00 -5.30270116E+00 6.59600119E+00 -1.05658370E+02
1.25923307E+01 1.90231734E-11 2.09999994E-03 0.00000000E+00 0.0021 0.9979 0.00000000E+00 -5.27492211E+00 6.56822214E+00 -1.05658370E+02
1.25923404E+01 1.80781413E-11 2.09999994E-03 0.00000000E+00 0.0021 0.9979 0.00000000E+00 -5.24726009E+00 6.54056012E+00 -1.05658370E+02
1.25923498E+01 1.71800158E-11 2.09999994E-03 0.00000000E+00 0.0021 0.9979 0.00000000E+00 -5.21971472E+00 6.51301476E+00 -1.05658370E+02
1.25923588E+01 1.63264735E-11 2.09999993E-03 0.00000000E+00 0.0021 0.9979 0.00000000E+00 -5.19228561E+00 6.48558564E+00 -1.05658370E+02
1.25923674E+01 1.55153058E-11 2.09999993E-03 0.00000000E+00 0.0021 0.9979 0.00000000E+00 -5.16497237E+00 6.45827241E+00 -1.05658370E+02
1.25923758E+01 1.47444133E-11 2.09999993E-03 0.00000000E+00 0.0021 0.9979 0.00000000E+00 -5.13777463E+00 6.43107466E+00 -1.05658370E+02
1.25923838E+01 1.40118005E-11 2.09999993E-03 0.00000000E+00 0.0021 0.9979 0.00000000E+00 -5.11069201E+00 6.40399204E+00 -1.05658370E+02
1.25923915E+01 1.33155704E-11 2.09999993E-03 0.00000000E+00 0.0021 0.9979 0.00000000E+00 -5.08372414E+00 6.37702418E+00 -1.05658370E+02
1.25923989E+01 1.26539201E-11 2.09999993E-03 0.00000000E+00 0.0021 0.9979 0.00000000E+00 -5.05687068E+00 6.35017071E+00 -1.05658370E+02
1.25924061E+01 1.20251356E-11 2.09999993E-03 0.00000000E+00 0.0021 0.9979 0.00000000E+00 -5.03013125E+00 6.32343128E+00 -1.05658370E+02
1.25924130E+01 1.14275877E-11 2.09999993E-03 0.00000000E+00 0.0021 0.9979 0.00000000E+00 -5.00350552E+00 6.29680555E+00 -1.05658370E+02
1.25924196E+01 1.08597279E-11 2.09999993E-03 0.00000000E+00 0.0021 0.9979 0.00000000E+00 -4.97699314E+00 6.27029317E+00 -1.05658370E+02
1.25924260E+01 1.03200842E-11 2.09999993E-03 0.00000000E+00 0.0021 0.9979 0.00000000E+00 -4.95059378E+00 6.24389381E+00 -1.05658370E+02
1.25924321E+01 9.80725761E-12 2.09999993E-03 0.00000000E+00 0.0021 0.9979 0.00000000E+00 -4.92430710E+00 6.21760714E+00 -1.05658370E+02
1.25924380E+01 9.31991805E-12 2.09999993E-03 0.00000000E+00 0.0021 0.9979 0.00000000E+00 -4.89813280E+00 6.19143283E+00 -1.05658370E+02
1.25924436E+01 8.85680146E-12 2.09999993E-03 0.00000000E+00 0.0021 0.9979 0.00000000E+00 -4.87207054E+00 6.16537057E+00 -1.05658370E+02
1.25924491E+01 8.41670627E-12 2.09999993E-03 0.00000000E+00 0.0021 0.9979 0.00000000E+00 -4.84612002E+00 6.13942005E+00 -1.05658370E+02
1.25924544E+01 7.99849037E-12 2.09999993E-03 0.00000000E+00 0.0021 0.9979 0.00000000E+00 -4.82028094E+00 6.11358097E+00 -1.05658370E+02
1.25924594E+01 7.60106816E-12 2.09999993E-03 0.00000000E+00 0.0021 0.9979 0.00000000E+00 -4.79455300E+00 6.08785303E+00 -1.05658370E+02
1.25924643E+01 7.22340777E-12 2.09999993E-03 0.00000000E+00 0.0021 0.9979 0.00000000E+00 -4.76893590E+00 6.06223593E+00 -1.05658370E+02
1.25924690E+01 6.86452842E-12 2.09999993E-03 0.00000000E+00 0.0021 0.9979 0.00000000E+00 -4.74342936E+00 6.03672939E+00 -1.05658370E+02
1.25924735E+01 6.52349786E-12 2.09999993E-03 0.00000000E+00 0.0021 0.9979 0.00000000E+00 -4.71803311E+00 6.01133314E+00 -1.05658370E+02
1.25924778E+01 6.19942998E-12 2.09999993E-03 0.00000000E+00 0.0021 0.9979 0.00000000E+00 -4.69274686E+00 5.98604689E+00 -1.05658370E+02
1.25924820E+01 5.89148254E-12 2.09999993E-03 0.00000000E+00 0.0021 0.9979 0.00000000E+00 -4.66757035E+00 5.96087038E+00 -1.05658370E+02
1.25924860E+01 5.59885501E-12 2.09999993E-03 0.00000000E+00 0.0021 0.9979 0.00000000E+00 -4.64250331E+00 5.93580334E+00 -1.05658370E+02
1.25924899E+01 5.32078647E-12 2.09999993E-03 0.00000000E+00 0.0021 0.9979 0.00000000E+00 -4.61754549E+00 5.91084552E+00 -1.05658370E+02
1.25924936E+01 5.05655370E-12 2.09999993E-03 0.00000000E+00 0.0021 0.9979 0.00000000E+00 -4.59269662E+00 5.88599665E+00 -1.05658370E+02
1.25924972E+01 4.80546928E-12 2.09999993E-03 0.00000000E+00 0.0021 0.9979 0.00000000E+00 -4.56795647E+00 5.86125650E+00 -1.05658370E+02
1.25925007E+01 4.56687983E-12 2.09999993E-03 0.00000000E+00 0.0021 0.9979 0.00000000E+00 -4.54332477E+00 5.83662481E+00 -1.05658370E+02
1.25925040E+01 4.34016434E-12 2.09999993E-03 0.00000000E+00 0.0021 0.9979 0.00000000E+00 -4.51880129E+00 5.81210133E+00 -1.05658370E+02
1.25925072E+01 4.12473253E-12 2.09999993E-03 0.00000000E+00 0.0021 0.9979 0.00000000E+00 -4.49438579E+00 5.78768582E+00 -1.05658370E+02
1.25925104E+01 3.92002340E-12 2.09999993E-03 0.00000000E+00 0.0021 0.9979 0.00000000E+00 -4.47007802E+00 5.76337806E+00 -1.05658370E+02
1.25925134E+01 3.72550371E-12 2.09999993E-03 0.00000000E+00 0.0021 0.9979 0.00000000E+00 -4.44587775E+00 5.73917778E+00 -1.05658370E+02
1.25925162E+01 3.54066664E-12 2.09999993E-03 0.00000000E+00 0.0021 0.9979 0.00000000E+00 -4.42178473E+00 5.71508477E+00 -1.05658370E+02
1.25925190E+01 3.36503050E-12 2.09999993E-03 0.00000000E+00 0.0021 0.9979 0.00000000E+00 -4.39779874E+00 5.69109877E+00 -1.05658370E+02
1.25925217E+01 3.19813745E-12 2.09999993E-03 0.00000000E+00 0.0021 0.9979 0.00000000E+00 -4.37391952E+00 5.66721955E+00 -1.05658370E+02
1.25925243E+01 3.03955237E-12 2.09999993E-03 0.00000000E+00 0.0021 0.9979 0.00000000E+00 -4.35014684E+00 5.64344687E+00 -1.05658370E+02
1.25925269E+01 2.88886167E-12 2.09999993E-03 0.00000000E+00 0.0021 0.9979 0.00000000E+00 -4.32648046E+00 5.61978049E+00 -1.05658370E+02
1.25925293E+01 2.74567229E-12 2.09999993E-03 0.00000000E+00 0.0021 0.9979 0.00000000E+00 -4.30292012E+00 5.59622015E+00 -1.05658370E+02
1.25925317E+01 2.60961065E-12 2.09999993E-03 0.00000000E+00 0.0021 0.9979 0.00000000E+00 -4.27946557E+00 5.57276561E+00 -1.05658370E+02
1.25925339E+01 2.48032171E-12 2.09999993E-03 0.00000000E+00 0.0021 0.9979 0.00000000E+00 -4.25611657E+00 5.54941660E+00 -1.05658370E+02
1.25925361E+01 2.35746802E-12 2.09999993E-03 0.00000000E+00 0.0021 0.9979 0.00000000E+00 -4.23287284E+00 5.52617287E+00 -1.05658370E+02
1.25925383E+01 2.24072891E-12 2.09999993E-03 0.00000000E+00 0.0021 0.9979 0.00000000E+00 -4.20973412E+00 5.50303415E+00 -1.05658370E+02
1.25925403E+01 2.12979958E-12 2.09999993E-03 0.00000000E+00 0.0021 0.9979 0.00000000E+00 -4.18670012E+00 5.48000015E+00 -1.05658370E+02
1.25925424E+01 2.02439039E-12 2.09999993E-03 0.00000000E+00 0.0021 0.9979 0.00000000E+00 -4.16377056E+00 5.45707059E+00 -1.05658370E+02
1.25925443E+01 1.92422608E-12 2.09999993E-03 0.00000000E+00 0.0021 0.9979 0.00000000E+00 -4.14094515E+00 5.43424518E+00 -1.05658370E+02
1.25925462E+01 1.82904507E-12 2.09999993E-03 0.00000000E+00 0.0021 0.9979 0.00000000E+00 -4.11822357E+00 5.41152360E+00 -1.05658370E+02
1.25925480E+01 1.73859875E-12 2.09999993E-03 0.00000000E+00 0.0021 0.9979 0.00000000E+00 -4.09560551E+00 5.38890554E+00 -1.05658370E+02
1.25925498E+01 1.65265091E-12 2.09999993E-03 0.00000000E+00 0.0021 0.9979 0.00000000E+00 -4.07309064E+00 5.36639067E+00 -1.05658370E+02
1.25925516E+01 1.57097706E-12 2.09999993E-03 0.00000000E+00 0.0021 0.9979 0.00000000E+00 -4.05067861E+00 5.34397864E+00 -1.05658370E+02
1.25925533E+01 1.49336388E-12 2.09999993E-03 0.00000000E+00 0.0021 0.9979 0.00000000E+00 -4.02836907E+00 5.32166911E+00 -1.05658370E+02
1.25925549E+01 1.41960869E-12 2.09999993E-03 0.00000000E+00 0.0021 0.9979 0.00000000E+00 -4.00616165E+00 5.29946169E+00 -1.05658370E+02
1.25925565E+01 1.34951887E-12 2.09999993E-03 0.00000000E+00 0.0021 0.9979 0.00000000E+00 -3.98405597E+00 5.27735600E+00 -1.05658370E+02
1.25925581E+01 1.28291144E-12 2.09999993E-03 0.00000000E+00 0.0021 0.9979 0.00000000E+00 -3.96205163E+00 5.25535166E+00 -1.05658370E+02
1.25925596E+01 1.21961249E-12 2.09999993E-03 0.00000000E+00 0.0021 0.9979 0.00000000E+00 -3.94014821E+00 5.23344824E+00 -1.05658370E+02
1.25925611E+01 1.15945684E-12 2.09999993E-03 0.00000000E+00 0.0021 0.9979 0.00000000E+00 -3.91834530E+00 5.21164533E+00 -1.05658370E+02
1.25925626E+01 1.10228751E-12 2.09999993E-03 0.00000000E+00 0.0021 0.9979 0.00000000E+00 -3.89664244E+00 5.18994248E+00 -1.05658370E+02
1.25925640E+01 1.04795538E-12 2.09999993E-03 0.00000000E+00 0.0021 0.9979 0.00000000E+00 -3.87503920E+00 5.16833923E+00 -1.05658370E+02
1.25925654E+01 9.96318765E-13 2.09999993E-03 0.00000000E+00 0.0021 0.9979 0.00000000E+00 -3.85353509E+00 5.14683512E+00 -1.05658370E+02
1.25925668E+01 9.47243079E-13 2.09999993E-03 0.00000000E+00 0.0021 0.9979 0.00000000E+00 -3.83212964E+00 5.12542967E+00 -1.05658370E+02
1.25925681E+01 9.00600455E-13 2.09999993E-03 0.00000000E+00 0.0021 0.9979 0.00000000E+00 -3.81082235E+00 5.10412238E+00 -1.05658370E+02
1.25925694E+01 8.56269427E-13 2.09999993E-03 0.00000000E+00 0.0021 0.9979 0.00000000E+00 -3.78961272E+00 5.08291275E+00 -1.05658370E+02
1.25925707E+01 8.14134608E-13 2.09999993E-03 0.00000000E+00 0.0021 0.9979 0.00000000E+00 -3.76850023E+00 5.06180026E+00 -1.05658370E+02
1.25925720E+01 7.74086392E-13 2.09999993E-03 0.00000000E+00 0.0021 0.9979 0.00000000E+00 -3.74748435E+00 5.04078439E+00 -1.05658370E+02
1.25925732E+01 7.36020662E-13 2.09999993E-03 0.00000000E+00 0.0021 0.9979 0.00000000E+00 -3.72656455E+00 5.01986458E+00 -1.05658370E+02
1.25925744E+01 6.99838522E-13 2.09999993E-03 0.00000000E+00 0.0021 0.9979 0.00000000E+00 -3.70574027E+00 4.99904030E+00 -1.05658370E+02
1.25925756E+01 6.65446033E-13 2.09999993E-03 0.00000000E+00 0.0021 0.9979 0.00000000E+00 -3.68501096E+00 4.97831099E+00 -1.05658370E+02
1.25925768E+01 6.32753968E-13 2.09999993E-03 0.00000000E+00 0.0021 0.9979 0.00000000E+00 -3.66437605E+00 4.95767609E+00 -1.05658370E+02
1.25925780E+01 6.01677576E-13 2.09999993E-03 0.00000000E+00 0.0021 0.9979 0.00000000E+00 -3.64383499E+00 4.93713502E+00 -1.05658370E+02
1.25925791E+01 5.72136360E-13 2.09999993E-03 0.00000000E+00 0.0021 0.9979 0.00000000E+00 -3.62338718E+00 4.91668722E+00 -1.05658370E+02
1.25925803E+01 5.44053862E-13 2.09999993E-03 0.00000000E+00 0.0021 0.9979 0.00000000E+00 -3.60303207E+00 4.89633210E+00 -1.05658370E+02
1.25925814E+01 5.17357460E-13 2.09999993E-03 0.00000000E+00 0.0021 0.9979 0.00000000E+00 -3.58276906E+00 4.87606909E+00 -1.05658370E+02
1.25925825E+01 4.91978179E-13 2.09999993E-03 0.00000000E+00 0.0021 0.9979 0.00000000E+00 -3.56259757E+00 4.85589760E+00 -1.05658370E+02
1.25925836E+01 4.67850506E-13 2.09999993E-03 0.00000000E+00 0.0021 0.9979 0.00000000E+00 -3.54251702E+00 4.83581705E+00 -1.05658370E+02
1.25925847E+01 4.44912215E-13 2.09999993E-03 0.00000000E+00 0.0021 0.9979 0.00000000E+00 -3.52252683E+00 4.81582686E+00 -1.05658370E+02
1.25925858E+01 4.23104203E-13 2.09999993E-03 0.00000000E+00 0.0021 0.9979 0.00000000E+00 -3.50262640E+00 4.79592644E+00 -1.05658370E+02
1.25925868E+01 4.02370332E-13 2.09999993E-03 0.00000000E+00 0.0021 0.9979 0.00000000E+00 -3.48281517E+00 4.77611520E+00 -1.05658370E+02
1.25925879E+01 3.82657279E-13 2.09999993E-03 0.00000000E+00 0.0021 0.9979 0.00000000E+00 -3.46309255E+00 4.75639258E+00 -1.05658370E+02
1.25925889E+01 3.63914396E-13 2.09999993E-03 0.00000000E+00 0.0021 0.9979 0.00000000E+00 -3.44345796E+00 4.73675799E+00 -1.05658370E+02
1.25925899E+01 3.46093574E-13 2.09999993E-03 0.00000000E+00 0.0021 0.9979 0.00000000E+00 -3.42391083E+00 4.71721087E+00 -1.05658370E+02
1.25925909E+01 3.29149114E-13 2.09999993E-03 0.00000000E+00 0.0021 0.9979 0.00000000E+00 -3.40445061E+00 4.69775064E+00 -1.05658370E+02
1.25925920E+01 3.13037604E-13 2.09999993E-03 0.00000000E+00 0.0021 0.9979 0.00000000E+00 -3.38507671E+00 4.67837675E+00 -1.05658370E+02
1.25925930E+01 2.97717807E-13 2.09999993E-03 0.00000000E+00 0.0021 0.9979 0.00000000E+00 -3.36578860E+00 4.65908863E+00 -1.05658370E+02
1.25925940E+01 2.83150549E-13 2.09999993E-03 0.00000000E+00 0.0021 0.9979 0.00000000E+00 -3.34658571E+00 4.63988574E+00 -1.05658370E+02
1.25925950E+01 2.69298615E-13 2.09999993E-03 0.00000000E+00 0.0021 0.9979 0.00000000E+00 -3.32746751E+00 4.62076754E+00 -1.05658370E+02
1.25925959E+01 2.56126647E-13 2.09999993E-03 0.00000000E+00 0.0021 0.9979 0.00000000E+00 -3.30843345E+00 4.60173349E+00 -1.05658370E+02
1.25925969E+01 2.43601057E-13 2.09999993E-03 0.00000000E+00 0.0021 0.9979 0.00000000E+00 -3.28948302E+00 4.58278305E+00 -1.05658370E+02
1.25925979E+01 2.31689930E-13 2.09999993E-03 0.00000000E+00 0.0021 0.9979 0.00000000E+00 -3.27061568E+00 4.56391571E+00 -1.05658370E+02
1.25925989E+01 2.20362943E-13 2.09999993E-03 0.00000000E+00 0.0021 0.9979 0.00000000E+00 -3.25183093E+00 4.54513096E+00 -1.05658370E+02
1.25925998E+01 2.09591287E-13 2.09999993E-03 0.00000000E+00 0.0021 0.9979 0.00000000E+00 -3.23312825E+00 4.52642828E+00 -1.05658370E+02
1.25926008E+01 1.99347584E-13 2.09999993E-03 0.00000000E+00 0.0021 0.9979 0.00000000E+00 -3.21450715E+00 4.50780718E+00 -1.05658370E+02
1.25926018E+01 1.89605821E-13 2.09999993E-03 0.00000000E+00 0.0021 0.9979 0.00000000E+00 -3.19596714E+00 4.48926717E+00 -1.05658370E+02
1.25926027E+01 1.80341279E-13 2.09999993E-03 0.00000000E+00 0.0021 0.9979 0.00000000E+00 -3.17750774E+00 4.47080777E+00 -1.05658370E+02
1.25926037E+01 1.71530465E-13 2.09999993E-03 0.00000000E+00 0.0021 0.9979 0.00000000E+00 -3.15912847E+00 4.45242850E+00 -1.05658370E+02
1.25926046E+01 1.63151055E-13 2.09999993E-03 0.00000000E+00 0.0021 0.9979 0.00000000E+00 -3.14082886E+00 4.43412889E+00 -1.05658370E+02
1.25926055E+01 1.55181833E-13 2.09999993E-03 0.00000000E+00 0.0021 0.9979 0.00000000E+00 -3.12260846E+00 4.41590849E+00 -1.05658370E+02
1.25926065E+01 1.47602633E-13 2.09999993E-03 0.00000000E+00 0.0021 0.9979 0.00000000E+00 -3.10446682E+00 4.39776685E+00 -1.05658370E+02
1.25926074E+01 1.40394289E-13 2.09999993E-03 0.00000000E+00 0.0021 0.9979 0.00000000E+00 -3.08640349E+00 4.37970352E+00 -1.05658370E+02
1.25926084E+01 1.33538586E-13 2.09999993E-03 0.00000000E+00 0.0021 0.9979 0.00000000E+00 -3.06841803E+00 4.36171806E+00 -1.05658370E+02
1.25926093E+01 1.27018209E-13 2.09999993E-03 0.00000000E+00 0.0021 0.9979 0.00000000E+00 -3.05051003E+00 4.34381006E+00 -1.05658370E+02
1.25926102E+01 1.20816698E-13 2.09999993E-03 0.00000000E+00 0.0021 0.9979 0.00000000E+00 -3.03267905E+00 4.32597908E+00 -1.05658370E+02
1.25926111E+01 1.14918409E-13 2.09999993E-03 0.00000000E+00 0.0021 0.9979 0.00000000E+00 -3.01492469E+00 4.30822472E+00 -1.05658370E+02
1.25926121E+01 1.09308469E-13 2.09999993E-03 0.00000000E+00 0.0021 0.9979 0.00000000E+00 -2.99724653E+00 4.29054656E+00 -1.05658370E+02
1.25926130E+01 1.03972740E-13 2.09999993E-03 0.00000000E+00 0.0021 0.9979 0.00000000E+00 -2.97964418E+00 4.27294421E+00 -1.05658370E+02
1.25926139E+01 9.88977803E-14 2.09999993E-03 0.00000000E+00 0.0021 0.9979 0.00000000E+00 -2.96211724E+00 4.25541727E+00 -1.05658370E+02
1.25926148E+01 9.40708121E-14 2.09999993E-03 0.00000000E+00 0.0021 0.9979 0.00000000E+00 -2.94466533E+00 4.23796536E+00 -1.05658370E+02
1.25926158E+01 8.94796866E-14 2.09999993E-03 0.00000000E+00 0.0021 0.9979 0.00000000E+00 -2.92728805E+00 4.22058809E+00 -1.05658370E+02
1.25926167E+01 8.51128534E-14 2.09999993E-03 0.00000000E+00 0.0021 0.9979 0.00000000E+00 -2.90998505E+00 4.20328508E+00 -1.05658370E+02
1.25926176E+01 8.09593305E-14 2.09999993E-03 0.00000000E+00 0.0021 0.9979 0.00000000E+00 -2.89275594E+00 4.18605597E+00 -1.05658370E+02
1.25926185E+01 7.70086762E-14 2.09999993E-03 0.00000000E+00 0.0021 0.9979 0.00000000E+00 -2.87560036E+00 4.16890039E+00 -1.05658370E+02
1.25926194E+01 7.32509625E-14 2.09999993E-03 0.00000000E+00 0.0021 0.9979 0.00000000E+00 -2.85851795E+00 4.15181798E+00 -1.05658370E+02
1.25926203E+01 6.96767489E-14 2.09999993E-03 0.00000000E+00 0.0021 0.9979 0.00000000E+00 -2.84150836E+00 4.13480839E+00 -1.05658370E+02
1.25926213E+01 6.62770590E-14 2.09999993E-03 0.00000000E+00 0.0021 0.9979 0.00000000E+00 -2.82457124E+00 4.11787127E+00 -1.05658370E+02
1.25926222E+01 6.30433571E-14 2.09999993E-03 0.00000000E+00 0.0021 0.9979 0.00000000E+00 -2.80770624E+00 4.10100627E+00 -1.05658370E+02
1.25926231E+01 5.99675264E-14 2.09999993E-03 0.00000000E+00 0.0021 0.9979 0.00000000E+00 -2.79091302E+00 4.08421305E+00 -1.05658370E+02
1.25926240E+01 5.70418486E-14 2.09999993E-03 0.00000000E+00 0.0021 0.9979 0.00000000E+00 -2.77419124E+00 4.06749128E+00 -1.05658370E+02
1.25926249E+01 5.42589836E-14 2.09999993E-03 0.00000000E+00 0.0021 0.9979 0.00000000E+00 -2.75754058E+00 4.05084062E+00 -1.05658370E+02
1.25926258E+01 5.16119516E-14 2.09999993E-03 0.00000000E+00 0.0021 0.9979 0.00000000E+00 -2.74096071E+00 4.03426074E+00 -1.05658370E+02
1.25926267E+01 4.90941146E-14 2.09999993E-03 0.00000000E+00 0.0021 0.9979 0.00000000E+00 -2.72445130E+00 4.01775133E+00 -1.05658370E+02
1.25926276E+01 4.66991599E-14 2.09999993E-03 0.00000000E+00 0.0021 0.9979 0.00000000E+00 -2.70801202E+00 4.00131206E+00 -1.05658370E+02
1.25926285E+01 4.44210843E-14 2.09999993E-03 0.00000000E+00 0.0021 0.9979 0.00000000E+00 -2.69164258E+00 3.98494261E+00 -1.05658370E+02
1.25926294E+01 4.22541783E-14 2.09999993E-03 0.00000000E+00 0.0021 0.9979 0.00000000E+00 -2.67534264E+00 3.96864267E+00 -1.05658370E+02
1.25926303E+01 4.01930120E-14 2.09999993E-03 0.00000000E+00 0.0021 0.9979 0.00000000E+00 -2.65911190E+00 3.95241193E+00 -1.05658370E+02
1.25926313E+01 3.82324213E-14 2.09999993E-03 0.00000000E+00 0.0021 0.9979 0.00000000E+00 -2.64295006E+00 3.93625009E+00 -1.05658370E+02
1.25926322E+01 3.63674947E-14 2.09999993E-03 0.00000000E+00 0.0021 0.9979 0.00000000E+00 -2.62685680E+00 3.92015683E+00 -1.05658370E+02
1.25926331E+01 3.45935611E-14 2.09999993E-03 0.00000000E+00 0.0021 0.9979 0.00000000E+00 -2.61083183E+00 3.90413186E+00 -1.05658370E+02
1.25926340E+01 3.29061779E-14 2.09999993E-03 0.00000000E+00 0.0021 0.9979 0.00000000E+00 -2.59487485E+00 3.88817488E+00 -1.05658370E+02
1.25926349E+01 3.13011196E-14 2.09999993E-03 0.00000000E+00 0.0021 0.9979 0.00000000E+00 -2.57898556E+00 3.87228559E+00 -1.05658370E+02
1.25926358E+01 2.97743674E-14 2.09999993E-03 0.00000000E+00 0.0021 0.9979 0.00000000E+00 -2.56316367E+00 3.85646371E+00 -1.05658370E+02
1.25926367E+01 2.83220989E-14 2.09999993E-03 0.00000000E+00 0.0021 0.9979 0.00000000E+00 -2.54740889E+00 3.84070893E+00 -1.05658370E+02
1.25926376E+01 2.69406787E-14 2.09999993E-03 0.00000000E+00 0.0021 0.9979 0.00000000E+00 -2.53172093E+00 3.82502097E+00 -1.05658370E+02
1.25926385E+01 2.56266488E-14 2.09999993E-03 0.00000000E+00 0.0021 0.9979 0.00000000E+00 -2.51609951E+00 3.80939954E+00 -1.05658370E+02
1.25926394E+01 2.43767203E-14 2.09999993E-03 0.00000000E+00 0.0021 0.9979 0.00000000E+00 -2.50054433E+00 3.79384436E+00 -1.05658370E+02
1.25926403E+01 2.31877650E-14 2.09999993E-03 0.00000000E+00 0.0021 0.9979 0.00000000E+00 -2.48505512E+00 3.77835515E+00 -1.05658370E+02
1.25926412E+01 2.20568074E-14 2.09999993E-03 0.00000000E+00 0.0021 0.9979 0.00000000E+00 -2.46963160E+00 3.76293163E+00 -1.05658370E+02
1.25926421E+01 2.09810175E-14 2.09999993E-03 0.00000000E+00 0.0021 0.9979 0.00000000E+00 -2.45427349E+00 3.74757352E+00 -1.05658370E+02
1.25926430E+01 1.99577034E-14 2.09999993E-03 0.00000000E+00 0.0021 0.9979 0.00000000E+00 -2.43898051E+00 3.73228054E+00 -1.05658370E+02
1.25926439E+01 1.89843046E-14 2.09999993E-03 0.00000000E+00 0.0021 0.9979 0.00000000E+00 -2.42375239E+00 3.71705243E+00 -1.05658370E+02
1.25926448E+01 1.80583858E-14 2.09999993E-03 0.00000000E+00 0.0021 0.9979 0.00000000E+00 -2.40858886E+00 3.70188890E+00 -1.05658370E+02
1.25926457E+01 1.71776304E-14 2.09999993E-03 0.00000000E+00 0.0021 0.9979 0.00000000E+00 -2.39348965E+00 3.68678968E+00 -1.05658370E+02
1.25926466E+01 1.63398350E-14 2.09999993E-03 0.00000000E+00 0.0021 0.9979 0.00000000E+00 -2.37845449E+00 3.67175452E+00 -1.05658370E+02
1.25926475E+01 1.55429037E-14 2.09999993E-03 0.00000000E+00 0.0021 0.9979 0.00000000E+00 -2.36348310E+00 3.65678314E+00 -1.05658370E+02
1.25926484E+01 1.47848431E-14 2.09999993E-03 0.00000000E+00 0.0021 0.9979 0.00000000E+00 -2.34857523E+00 3.64187527E+00 -1.05658370E+02
1.25926493E+01 1.40637568E-14 2.09999993E-03 0.00000000E+00 0.0021 0.9979 0.00000000E+00 -2.33373062E+00 3.62703065E+00 -1.05658370E+02
1.25926503E+01 1.33778412E-14 2.09999993E-03 0.00000000E+00 0.0021 0.9979 0.00000000E+00 -2.31894899E+00 3.61224902E+00 -1.05658370E+02
1.25926512E+01 1.27253806E-14 2.09999993E-03 0.00000000E+00 0.0021 0.9979 0.00000000E+00 -2.30423009E+00 3.59753012E+00 -1.05658370E+02
1.25926521E+01 1.21047429E-14 2.09999993E-03 0.00000000E+00 0.0021 0.9979 0.00000000E+00 -2.28957366E+00 3.58287369E+00 -1.05658370E+02
1.25926530E+01 1.15143760E-14 2.09999993E-03 0.00000000E+00 0.0021 0.9979 0.00000000E+00 -2.27497944E+00 3.56827947E+00 -1.05658370E+02
1.25926539E+01 1.09528032E-14 2.09999993E-03 0.00000000E+00 0.0021 0.9979 0.00000000E+00 -2.26044717E+00 3.55374720E+00 -1.05658370E+02
1.25926548E+01 1.04186200E-14 2.09999993E-03 0.00000000E+00 0.0021 0.9979 0.00000000E+00 -2.24597659E+00 3.53927663E+00 -1.05658370E+02
1.25926557E+01 9.91049040E-15 2.09999993E-03 0.00000000E+00 0.0021 0.9979 0.00000000E+00 -2.23156747E+00 3.52486750E+00 -1.05658370E+02
1.25926566E+01 9.42714361E-15 2.09999993E-03 0.00000000E+00 0.0021 0.9979 0.00000000E+00 -2.21721953E+00 3.51051956E+00 -1.05658370E+02
1.25926575E+01 8.96737081E-15 2.09999993E-03 0.00000000E+00 0.0021 0.9979 0.00000000E+00 -2.20293253E+00 3.49623256E+00 -1.05658370E+02
1.25926584E+01 8.53002216E-15 2.09999993E-03 0.00000000E+00 0.0021 0.9979 0.00000000E+00 -2.18870622E+00 3.48200625E+00 -1.05658370E+02
1.25926593E+01 8.11400390E-15 2.09999993E-03 0.00000000E+00 0.0021 0.9979 0.00000000E+00 -2.17454035E+00 3.46784038E+00 -1.05658370E+02
1.25926602E+01 7.71827567E-15 2.09999993E-03 0.00000000E+00 0.0021 0.9979 0.00000000E+00 -2.16043467E+00 3.45373470E+00 -1.05658370E+02
1.25926611E+01 7.34184781E-15 2.09999993E-03 0.00000000E+00 0.0021 0.9979 0.00000000E+00 -2.14638894E+00 3.43968897E+00 -1.05658370E+02
1.25926620E+01 6.98377897E-15 2.09999993E-03 0.00000000E+00 0.0021 0.9979 0.00000000E+00 -2.13240290E+00 3.42570294E+00 -1.05658370E+02
1.25926629E+01 6.64317371E-15 2.09999993E-03 0.00000000E+00 0.0021 0.9979 0.00000000E+00 -2.11847632E+00 3.41177636E+00 -1.05658370E+02
1.25926638E+01 6.31918028E-15 2.09999993E-03 0.00000000E+00 0.0021 0.9979 0.00000000E+00 -2.10460896E+00 3.39790899E+00 -1.05658370E+02
1.25926647E+01 6.01098846E-15 2.09999993E-03 0.00000000E+00 0.0021 0.9979 0.00000000E+00 -2.09080056E+00 3.38410059E+00 -1.05658370E+02
1.25926656E+01 5.71782757E-15 2.09999993E-03 0.00000000E+00 0.0021 0.9979 0.00000000E+00 -2.07705089E+00 3.37035092E+00 -1.05658370E+02
1.25926665E+01 5.43896449E-15 2.09999993E-03 0.00000000E+00 0.0021 0.9979 0.00000000E+00 -2.06335971E+00 3.35665974E+00 -1.05658370E+02
1.25926674E+01 5.17370190E-15 2.09999993E-03 0.00000000E+00 0.0021 0.9979 0.00000000E+00 -2.04972678E+00 3.34302681E+00 -1.05658370E+02
1.25926683E+01 4.92137646E-15 2.09999993E-03 0.00000000E+00 0.0021 0.9979 0.00000000E+00 -2.03615186E+00 3.32945190E+00 -1.05658370E+02
1.25926692E+01 4.68135720E-15 2.09999993E-03 0.00000000E+00 0.0021 0.9979 0.00000000E+00 -2.02263472E+00 3.31593476E+00 -1.05658370E+02
