4.5726037539E-03	9.5540679588E+04
1.6568031150E-02	3.4461801933E+05
2.8563458546E-02	5.9698432371E+05
4.0558885943E-02	8.4745350337E+05
5.2554313339E-02	1.0980509172E+06
6.4549740735E-02	1.3487074831E+06
7.6545168131E-02	1.5993352885E+06
8.8540595528E-02	1.8499579263E+06
1.0053602292E-01	2.1005818254E+06
1.1253145032E-01	2.3512037119E+06
1.2452687772E-01	2.6018221199E+06
1.3652230511E-01	2.8524366567E+06
1.4851773251E-01	3.1030474172E+06
1.6051315991E-01	3.3536542844E+06
1.7250858730E-01	3.6042566093E+06
1.8450401470E-01	3.8548541691E+06
1.9649944209E-01	4.1054467953E+06
2.0849486949E-01	4.3560338619E+06
2.2049029689E-01	4.6066150550E+06
2.3248572428E-01	4.8571903284E+06
2.4448115168E-01	5.1077592466E+06
2.5647657908E-01	5.3583212387E+06
2.6847200647E-01	5.6088760723E+06
2.8046743387E-01	5.8594236962E+06
2.9246286126E-01	6.1099636371E+06
3.0445828866E-01	6.3604953231E+06
3.1645371606E-01	6.6110184775E+06
3.2844914345E-01	6.8615330305E+06
3.4044457085E-01	7.1120387109E+06
3.5243999825E-01	7.3625348771E+06
3.6443542564E-01	7.6130211166E+06
3.7643085304E-01	7.8634972361E+06
3.8842628043E-01	8.1139631790E+06
4.0042170783E-01	8.3644185454E+06
4.1241713523E-01	8.6148627163E+06
4.2441256262E-01	8.8652952966E+06
4.3640799002E-01	9.1157160782E+06
4.4840341742E-01	9.3661249916E+06
4.6039884481E-01	9.6165217527E+06
4.7239427221E-01	9.8669057256E+06
4.8438969960E-01	1.0117276445E+07
4.9638512700E-01	1.0367633622E+07
5.0838055440E-01	1.0617977113E+07
5.2037598179E-01	1.0868306842E+07
5.3237140919E-01	1.1118622347E+07
5.4436683658E-01	1.1368923024E+07
5.5636226398E-01	1.1619208448E+07
5.6835769138E-01	1.1869478345E+07
5.8035311877E-01	1.2119732563E+07
5.9234854617E-01	1.2369971024E+07
6.0434397357E-01	1.2620193326E+07
6.1633940096E-01	1.2870398854E+07
6.2833482836E-01	1.3120587146E+07
6.4033025575E-01	1.3370757879E+07
6.5232568315E-01	1.3620910846E+07
6.6432111055E-01	1.3871045940E+07
6.7631653794E-01	1.4121163009E+07
6.8831196534E-01	1.4371261484E+07
7.0030739274E-01	1.4621340807E+07
7.1230282013E-01	1.4871400557E+07
7.2429824753E-01	1.5121440434E+07
7.3629367492E-01	1.5371460236E+07
7.4828910232E-01	1.5621459849E+07
7.6028452972E-01	1.5871439129E+07
7.7227995711E-01	1.6121397527E+07
7.8427538451E-01	1.6371334476E+07
7.9627081191E-01	1.6621249536E+07
8.0826623930E-01	1.6871142375E+07
8.2026166670E-01	1.7121012753E+07
8.3225709409E-01	1.7370860515E+07
8.4425252149E-01	1.7620685568E+07
8.5624794889E-01	1.7870487583E+07
8.6824337628E-01	1.8120265955E+07
8.8023880368E-01	1.8370020172E+07
8.9223423108E-01	1.8619749830E+07
9.0422965847E-01	1.8869454618E+07
9.1622508587E-01	1.9119134306E+07
9.2822051326E-01	1.9368788739E+07
9.4021594066E-01	1.9618417818E+07
9.5221136806E-01	1.9868021219E+07
9.6420679545E-01	2.0117598345E+07
9.7620222285E-01	2.0367148678E+07
9.8819765025E-01	2.0616671800E+07
1.0001930776E+00	2.0866167375E+07
1.0121885050E+00	2.1115635147E+07
1.0241839324E+00	2.1365074928E+07
1.0361793598E+00	2.1614486590E+07
1.0481747872E+00	2.1863869985E+07
1.0601702146E+00	2.2113224598E+07
1.0721656420E+00	2.2362549862E+07
1.0841610694E+00	2.2611845304E+07
1.0961564968E+00	2.2861110530E+07
1.1081519242E+00	2.3110345225E+07
1.1201473516E+00	2.3359549140E+07
1.1321427790E+00	2.3608722089E+07
1.1441382064E+00	2.3857863941E+07
1.1561336338E+00	2.4106974544E+07
1.1681290612E+00	2.4356053394E+07
1.1801244886E+00	2.4605099925E+07
1.1921199160E+00	2.4854113657E+07
1.2041153434E+00	2.5103094185E+07
1.2161107708E+00	2.5352041173E+07
1.2281061982E+00	2.5600954349E+07
1.2401016256E+00	2.5849833501E+07
1.2520970530E+00	2.6098678467E+07
1.2640924804E+00	2.6347489133E+07
1.2760879078E+00	2.6596265191E+07
1.2880833352E+00	2.6845006067E+07
1.3000787625E+00	2.7093711234E+07
1.3120741899E+00	2.7342380243E+07
1.3240696173E+00	2.7591012709E+07
1.3360650447E+00	2.7839608311E+07
1.3480604721E+00	2.8088166784E+07
1.3600558995E+00	2.8336687916E+07
1.3720513269E+00	2.8585171542E+07
1.3840467543E+00	2.8833617542E+07
1.3960421817E+00	2.9082025623E+07
1.4080376091E+00	2.9330395217E+07
1.4200330365E+00	2.9578725799E+07
1.4320284639E+00	2.9827016907E+07
1.4440238913E+00	3.0075268147E+07
1.4560193187E+00	3.0323479177E+07
1.4680147461E+00	3.0571649713E+07
1.4800101735E+00	3.0819779518E+07
1.4920056009E+00	3.1067868403E+07
1.5040010283E+00	3.1315916220E+07
1.5159964557E+00	3.1563922821E+07
1.5279918831E+00	3.1811887754E+07
1.5399873105E+00	3.2059810458E+07
1.5519827379E+00	3.2307690436E+07
1.5639781653E+00	3.2555527250E+07
1.5759735927E+00	3.2803320518E+07
1.5879690201E+00	3.3051069909E+07
1.5999644475E+00	3.3298775143E+07
1.6119598749E+00	3.3546435982E+07
1.6239553022E+00	3.3794052233E+07
1.6359507296E+00	3.4041623743E+07
1.6479461570E+00	3.4289150365E+07
1.6599415844E+00	3.4536631683E+07
1.6719370118E+00	3.4784067136E+07
1.6839324392E+00	3.5031456221E+07
1.6959278666E+00	3.5278798490E+07
1.7079232940E+00	3.5526093546E+07
1.7199187214E+00	3.5773341043E+07
1.7319141488E+00	3.6020540678E+07
1.7439095762E+00	3.6267692194E+07
1.7559050036E+00	3.6514795372E+07
1.7679004310E+00	3.6761850033E+07
1.7798958584E+00	3.7008856030E+07
1.7918912858E+00	3.7255813154E+07
1.8038867132E+00	3.7502720886E+07
1.8158821406E+00	3.7749578690E+07
1.8278775680E+00	3.7996386082E+07
1.8398729954E+00	3.8243142628E+07
1.8518684228E+00	3.8489847942E+07
1.8638638502E+00	3.8736501681E+07
1.8758592776E+00	3.8983103546E+07
1.8878547050E+00	3.9229653276E+07
1.8998501324E+00	3.9476150649E+07
1.9118455598E+00	3.9722595476E+07
1.9238409872E+00	3.9968987603E+07
1.9358364145E+00	4.0215326848E+07
1.9478318419E+00	4.0461612735E+07
1.9598272693E+00	4.0707844723E+07
1.9718226967E+00	4.0954022318E+07
1.9838181241E+00	4.1200145075E+07
1.9958135515E+00	4.1446212593E+07
2.0078089789E+00	4.1692224511E+07
2.0198044063E+00	4.1938180510E+07
2.0317998337E+00	4.2184080307E+07
2.0437952611E+00	4.2429923658E+07
2.0557906885E+00	4.2675710349E+07
2.0677861159E+00	4.2921440199E+07
2.0797815433E+00	4.3167113059E+07
2.0917769707E+00	4.3412728675E+07
2.1037723981E+00	4.3658286520E+07
2.1157678255E+00	4.3903786071E+07
2.1277632529E+00	4.4149226847E+07
2.1397586803E+00	4.4394608411E+07
2.1517541077E+00	4.4639930367E+07
2.1637495351E+00	4.4885192357E+07
2.1757449625E+00	4.5130394060E+07
2.1877403899E+00	4.5375535192E+07
2.1997358173E+00	4.5620615498E+07
2.2117312447E+00	4.5865634759E+07
2.2237266721E+00	4.6110592783E+07
2.2357220995E+00	4.6355489409E+07
2.2477175269E+00	4.6600324439E+07
2.2597129542E+00	4.6845097397E+07
2.2717083816E+00	4.7089807748E+07
2.2837038090E+00	4.7334455003E+07
2.2956992364E+00	4.7579038709E+07
2.3076946638E+00	4.7823558455E+07
2.3196900912E+00	4.8068013865E+07
2.3316855186E+00	4.8312404599E+07
2.3436809460E+00	4.8556730348E+07
2.3556763734E+00	4.8800990839E+07
2.3676718008E+00	4.9045185825E+07
2.3796672282E+00	4.9289315092E+07
2.3916626556E+00	4.9533378451E+07
2.4036580830E+00	4.9777375741E+07
2.4156535104E+00	5.0021306719E+07
2.4276489378E+00	5.0265170877E+07
2.4396443652E+00	5.0508967692E+07
2.4516397926E+00	5.0752696680E+07
2.4636352200E+00	5.0996357396E+07
2.4756306474E+00	5.1239949429E+07
2.4876260748E+00	5.1483472401E+07
2.4996215022E+00	5.1726925969E+07
2.5116169296E+00	5.1970309820E+07
2.5236123570E+00	5.2213623671E+07
2.5356077844E+00	5.2456867268E+07
2.5476032118E+00	5.2700040384E+07
2.5595986392E+00	5.2943142819E+07
2.5715940666E+00	5.3186174396E+07
2.5835894939E+00	5.3429134935E+07
2.5955849213E+00	5.3672024006E+07
2.6075803487E+00	5.3914841077E+07
2.6195757761E+00	5.4157585652E+07
2.6315712035E+00	5.4400257269E+07
2.6435666309E+00	5.4642855500E+07
2.6555620583E+00	5.4885379949E+07
2.6675574857E+00	5.5127830254E+07
2.6795529131E+00	5.5370206078E+07
2.6915483405E+00	5.5612507118E+07
2.7035437679E+00	5.5854733094E+07
2.7155391953E+00	5.6096883756E+07
2.7275346227E+00	5.6338958878E+07
2.7395300501E+00	5.6580958257E+07
2.7515254775E+00	5.6822881717E+07
2.7635209049E+00	5.7064729061E+07
2.7755163323E+00	5.7306499843E+07
2.7875117597E+00	5.7548193537E+07
2.7995071871E+00	5.7789809648E+07
2.8115026145E+00	5.8031347716E+07
2.8234980419E+00	5.8272807311E+07
2.8354934693E+00	5.8514188035E+07
2.8474888967E+00	5.8755489517E+07
2.8594843241E+00	5.8996711416E+07
2.8714797515E+00	5.9237853418E+07
2.8834751789E+00	5.9478915235E+07
2.8954706062E+00	5.9719896602E+07
2.9074660336E+00	5.9960797281E+07
2.9194614610E+00	6.0201617057E+07
2.9314568884E+00	6.0442355735E+07
2.9434523158E+00	6.0683013142E+07
2.9554477432E+00	6.0923588969E+07
2.9674431706E+00	6.1164082695E+07
2.9794385980E+00	6.1404493812E+07
2.9914340254E+00	6.1644821842E+07
3.0034294528E+00	6.1885066338E+07
3.0154248802E+00	6.2125226882E+07
3.0274203076E+00	6.2365303084E+07
3.0394157350E+00	6.2605294579E+07
3.0514111624E+00	6.2845201032E+07
3.0634065898E+00	6.3085022129E+07
3.0754020172E+00	6.3324757584E+07
3.0873974446E+00	6.3564407132E+07
3.0993928720E+00	6.3803970532E+07
3.1113882994E+00	6.4043447563E+07
3.1233837268E+00	6.4282838028E+07
3.1353791542E+00	6.4522141746E+07
3.1473745816E+00	6.4761358421E+07
3.1593700090E+00	6.5000487539E+07
3.1713654364E+00	6.5239528592E+07
3.1833608638E+00	6.5478481099E+07
3.1953562912E+00	6.5717344609E+07
3.2073517186E+00	6.5956118697E+07
3.2193471459E+00	6.6194802967E+07
3.2313425733E+00	6.6433397045E+07
3.2433380007E+00	6.6671900585E+07
3.2553334281E+00	6.6910313262E+07
3.2673288555E+00	6.7148634776E+07
3.2793242829E+00	6.7386864849E+07
3.2913197103E+00	6.7625003225E+07
3.3033151377E+00	6.7863049667E+07
3.3153105651E+00	6.8101003962E+07
3.3273059925E+00	6.8338865912E+07
3.3393014199E+00	6.8576635322E+07
3.3512968473E+00	6.8814311792E+07
3.3632922747E+00	6.9051894800E+07
3.3752877021E+00	6.9289383846E+07
3.3872831295E+00	6.9526778462E+07
3.3992785569E+00	6.9764078202E+07
3.4112739843E+00	7.0001282647E+07
3.4232694117E+00	7.0238391404E+07
3.4352648391E+00	7.0475404101E+07
3.4472602665E+00	7.0712320391E+07
3.4592556939E+00	7.0949139949E+07
3.4712511213E+00	7.1185862472E+07
3.4832465487E+00	7.1422487677E+07
3.4952419761E+00	7.1659015303E+07
3.5072374035E+00	7.1895445107E+07
3.5192328309E+00	7.2131776867E+07
3.5312282583E+00	7.2368010378E+07
3.5432236856E+00	7.2604145447E+07
3.5552191130E+00	7.2840181726E+07
3.5672145404E+00	7.3076118694E+07
3.5792099678E+00	7.3311955851E+07
3.5912053952E+00	7.3547692718E+07
3.6032008226E+00	7.3783328842E+07
3.6151962500E+00	7.4018863797E+07
3.6271916774E+00	7.4254297175E+07
3.6391871048E+00	7.4489628595E+07
3.6511825322E+00	7.4724857697E+07
3.6631779596E+00	7.4959984142E+07
3.6751733870E+00	7.5195007610E+07
3.6871688144E+00	7.5429927806E+07
3.6991642418E+00	7.5664744449E+07
3.7111596692E+00	7.5899457280E+07
3.7231550966E+00	7.6134066059E+07
3.7351505240E+00	7.6368570563E+07
3.7471459514E+00	7.6602970585E+07
3.7591413788E+00	7.6837265916E+07
3.7711368062E+00	7.7071456147E+07
3.7831322336E+00	7.7305540758E+07
3.7951276610E+00	7.7539519250E+07
3.8071230884E+00	7.7773391150E+07
3.8191185158E+00	7.8007156008E+07
3.8311139432E+00	7.8240813395E+07
3.8431093706E+00	7.8474362906E+07
3.8551047979E+00	7.8707804155E+07
3.8671002253E+00	7.8941136779E+07
3.8790956527E+00	7.9174360435E+07
3.8910910801E+00	7.9407474797E+07
3.9030865075E+00	7.9640479561E+07
3.9150819349E+00	7.9873374439E+07
3.9270773623E+00	8.0106159165E+07
3.9390727897E+00	8.0338833487E+07
3.9510682171E+00	8.0571397170E+07
3.9630636445E+00	8.0803849999E+07
3.9750590719E+00	8.1036191768E+07
3.9870544993E+00	8.1268422156E+07
3.9990499267E+00	8.1500540650E+07
4.0110453541E+00	8.1732546744E+07
4.0230407815E+00	8.1964439952E+07
4.0350362089E+00	8.2196219814E+07
4.0470316363E+00	8.2427885889E+07
4.0590270637E+00	8.2659437757E+07
4.0710224911E+00	8.2890875018E+07
4.0830179185E+00	8.3122197294E+07
4.0950133459E+00	8.3353404224E+07
4.1070087733E+00	8.3584495467E+07
4.1190042007E+00	8.3815470701E+07
4.1309996281E+00	8.4046329620E+07
4.1429950555E+00	8.4277071937E+07
4.1549904829E+00	8.4507697381E+07
4.1669859103E+00	8.4738205699E+07
4.1789813376E+00	8.4968596653E+07
4.1909767650E+00	8.5198870020E+07
4.2029721924E+00	8.5429025590E+07
4.2149676198E+00	8.5659063020E+07
4.2269630472E+00	8.5888981793E+07
4.2389584746E+00	8.6118781403E+07
4.2509539020E+00	8.6348461365E+07
4.2629493294E+00	8.6578021214E+07
4.2749447568E+00	8.6807460505E+07
4.2869401842E+00	8.7036778813E+07
4.2989356116E+00	8.7265975733E+07
4.3109310390E+00	8.7495050880E+07
4.3229264664E+00	8.7724003883E+07
4.3349218938E+00	8.7952834394E+07
4.3469173212E+00	8.8181542079E+07
4.3589127486E+00	8.8410126622E+07
4.3709081760E+00	8.8638587726E+07
4.3829036034E+00	8.8866925106E+07
4.3948990308E+00	8.9095138495E+07
4.4068944582E+00	8.9323227643E+07
4.4188898856E+00	8.9551192312E+07
4.4308853130E+00	8.9779032282E+07
4.4428807404E+00	9.0006747304E+07
4.4548761678E+00	9.0234336923E+07
4.4668715952E+00	9.0461800617E+07
4.4788670226E+00	9.0689137888E+07
4.4908624499E+00	9.0916348254E+07
4.5028578773E+00	9.1143431257E+07
4.5148533047E+00	9.1370386454E+07
4.5268487321E+00	9.1597213423E+07
4.5388441595E+00	9.1823911760E+07
4.5508395869E+00	9.2050481076E+07
4.5628350143E+00	9.2276921002E+07
4.5748304417E+00	9.2503231186E+07
4.5868258691E+00	9.2729411291E+07
4.5988212965E+00	9.2955460997E+07
4.6108167239E+00	9.3181379999E+07
4.6228121513E+00	9.3407168008E+07
4.6348075787E+00	9.3632824751E+07
4.6468030061E+00	9.3858349968E+07
4.6587984335E+00	9.4083743413E+07
4.6707938609E+00	9.4309004856E+07
4.6827892883E+00	9.4534134054E+07
4.6947847157E+00	9.4759130573E+07
4.7067801431E+00	9.4983993886E+07
4.7187755705E+00	9.5208723488E+07
4.7307709979E+00	9.5433318891E+07
4.7427664253E+00	9.5657779628E+07
4.7547618527E+00	9.5882105246E+07
4.7667572801E+00	9.6106295313E+07
4.7787527075E+00	9.6330349414E+07
4.7907481349E+00	9.6554267148E+07
4.8027435623E+00	9.6778048135E+07
4.8147389896E+00	9.7001692007E+07
4.8267344170E+00	9.7225198414E+07
4.8387298444E+00	9.7448567022E+07
4.8507252718E+00	9.7671797510E+07
4.8627206992E+00	9.7894889574E+07
4.8747161266E+00	9.8117842923E+07
4.8867115540E+00	9.8340657280E+07
4.8987069814E+00	9.8563332383E+07
4.9107024088E+00	9.8785867983E+07
4.9226978362E+00	9.9008263844E+07
4.9346932636E+00	9.9230519683E+07
4.9466886910E+00	9.9452635008E+07
4.9586841184E+00	9.9674609295E+07
4.9706795458E+00	9.9896442038E+07
4.9826749732E+00	1.0011813275E+08
4.9946704006E+00	1.0033968095E+08
5.0066658280E+00	1.0056108620E+08
5.0186612554E+00	1.0078234804E+08
5.0306566828E+00	1.0100346607E+08
5.0426521102E+00	1.0122443988E+08
5.0546475376E+00	1.0144526908E+08
5.0666429650E+00	1.0166595328E+08
5.0786383924E+00	1.0188649215E+08
5.0906338198E+00	1.0210688532E+08
5.1026292472E+00	1.0232713247E+08
5.1146246746E+00	1.0254723328E+08
5.1266201020E+00	1.0276718746E+08
5.1386155293E+00	1.0298699471E+08
5.1506109567E+00	1.0320665476E+08
5.1626063841E+00	1.0342616734E+08
5.1746018115E+00	1.0364553221E+08
5.1865972389E+00	1.0386474911E+08
5.1985926663E+00	1.0408381761E+08
5.2105880937E+00	1.0430273717E+08
5.2225835211E+00	1.0452150727E+08
5.2345789485E+00	1.0474012742E+08
5.2465743759E+00	1.0495859712E+08
5.2585698033E+00	1.0517691590E+08
5.2705652307E+00	1.0539508332E+08
5.2825606581E+00	1.0561309893E+08
5.2945560855E+00	1.0583096231E+08
5.3065515129E+00	1.0604867305E+08
5.3185469403E+00	1.0626623076E+08
5.3305423677E+00	1.0648363507E+08
5.3425377951E+00	1.0670088560E+08
5.3545332225E+00	1.0691798202E+08
5.3665286499E+00	1.0713492397E+08
5.3785240773E+00	1.0735171115E+08
5.3905195047E+00	1.0756834323E+08
5.4025149321E+00	1.0778481993E+08
5.4145103595E+00	1.0800114095E+08
5.4265057869E+00	1.0821730604E+08
5.4385012143E+00	1.0843331491E+08
5.4504966416E+00	1.0864916732E+08
5.4624920690E+00	1.0886486281E+08
5.4744874964E+00	1.0908040084E+08
5.4864829238E+00	1.0929578089E+08
5.4984783512E+00	1.0951100243E+08
5.5104737786E+00	1.0972606497E+08
5.5224692060E+00	1.0994096804E+08
5.5344646334E+00	1.1015571116E+08
5.5464600608E+00	1.1037029388E+08
5.5584554882E+00	1.1058471578E+08
5.5704509156E+00	1.1079897643E+08
5.5824463430E+00	1.1101307541E+08
5.5944417704E+00	1.1122701235E+08
5.6064371978E+00	1.1144078685E+08
5.6184326252E+00	1.1165439856E+08
5.6304280526E+00	1.1186784712E+08
5.6424234800E+00	1.1208113218E+08
5.6544189074E+00	1.1229425343E+08
5.6664143348E+00	1.1250721054E+08
5.6784097622E+00	1.1272000322E+08
5.6904051896E+00	1.1293263117E+08
5.7024006170E+00	1.1314509411E+08
5.7143960444E+00	1.1335739178E+08
5.7263914718E+00	1.1356952386E+08
5.7383868992E+00	1.1378148981E+08
5.7503823266E+00	1.1399328910E+08
5.7623777540E+00	1.1420492119E+08
5.7743731813E+00	1.1441638555E+08
5.7863686087E+00	1.1462768169E+08
5.7983640361E+00	1.1483880911E+08
5.8103594635E+00	1.1504976735E+08
5.8223548909E+00	1.1526055593E+08
5.8343503183E+00	1.1547117442E+08
5.8463457457E+00	1.1568162237E+08
5.8583411731E+00	1.1589189938E+08
5.8703366005E+00	1.1610200504E+08
5.8823320279E+00	1.1631193894E+08
5.8943274553E+00	1.1652170072E+08
5.9063228827E+00	1.1673129001E+08
5.9183183101E+00	1.1694070644E+08
5.9303137375E+00	1.1714994968E+08
5.9423091649E+00	1.1735901940E+08
5.9543045923E+00	1.1756791527E+08
5.9663000197E+00	1.1777663700E+08
5.9782954471E+00	1.1798518427E+08
5.9902908745E+00	1.1819355681E+08
6.0022863019E+00	1.1840175432E+08
6.0142817293E+00	1.1860977633E+08
6.0262771567E+00	1.1881762225E+08
6.0382725841E+00	1.1902529154E+08
6.0502680115E+00	1.1923278366E+08
6.0622634389E+00	1.1944009808E+08
6.0742588663E+00	1.1964723429E+08
6.0862542937E+00	1.1985419179E+08
6.0982497210E+00	1.2006097010E+08
6.1102451484E+00	1.2026756875E+08
6.1222405758E+00	1.2047398728E+08
6.1342360032E+00	1.2068022525E+08
6.1462314306E+00	1.2088628223E+08
6.1582268580E+00	1.2109215780E+08
6.1702222854E+00	1.2129785156E+08
6.1822177128E+00	1.2150336310E+08
6.1942131402E+00	1.2170869206E+08
6.2062085676E+00	1.2191383806E+08
6.2182039950E+00	1.2211880074E+08
6.2301994224E+00	1.2232357976E+08
6.2421948498E+00	1.2252817478E+08
6.2541902772E+00	1.2273258548E+08
6.2661857046E+00	1.2293681154E+08
6.2781811320E+00	1.2314085266E+08
6.2901765594E+00	1.2334470853E+08
6.3021719868E+00	1.2354837868E+08
6.3141674142E+00	1.2375186250E+08
6.3261628416E+00	1.2395515943E+08
6.3381582690E+00	1.2415826890E+08
6.3501536964E+00	1.2436119038E+08
6.3621491238E+00	1.2456392331E+08
6.3741445512E+00	1.2476646719E+08
6.3861399786E+00	1.2496882150E+08
6.3981354060E+00	1.2517098576E+08
6.4101308333E+00	1.2537295949E+08
6.4221262607E+00	1.2557474221E+08
6.4341216881E+00	1.2577633347E+08
6.4461171155E+00	1.2597773283E+08
6.4581125429E+00	1.2617893985E+08
6.4701079703E+00	1.2637995412E+08
6.4821033977E+00	1.2658077523E+08
6.4940988251E+00	1.2678140278E+08
6.5060942525E+00	1.2698183640E+08
6.5180896799E+00	1.2718207569E+08
6.5300851073E+00	1.2738212031E+08
6.5420805347E+00	1.2758196990E+08
6.5540759621E+00	1.2778162412E+08
6.5660713895E+00	1.2798108264E+08
6.5780668169E+00	1.2818034513E+08
6.5900622443E+00	1.2837941126E+08
6.6020576717E+00	1.2857828050E+08
6.6140530991E+00	1.2877695222E+08
6.6260485265E+00	1.2897542582E+08
6.6380439539E+00	1.2917370073E+08
6.6500393813E+00	1.2937177637E+08
6.6620348087E+00	1.2956965218E+08
6.6740302361E+00	1.2976732762E+08
6.6860256635E+00	1.2996480214E+08
6.6980210909E+00	1.3016207523E+08
6.7100165183E+00	1.3035914639E+08
6.7220119457E+00	1.3055601511E+08
6.7340073730E+00	1.3075268091E+08
6.7460028004E+00	1.3094914332E+08
6.7579982278E+00	1.3114540188E+08
6.7699936552E+00	1.3134145614E+08
6.7819890826E+00	1.3153730566E+08
6.7939845100E+00	1.3173295002E+08
6.8059799374E+00	1.3192838880E+08
6.8179753648E+00	1.3212362160E+08
6.8299707922E+00	1.3231864802E+08
6.8419662196E+00	1.3251346768E+08
6.8539616470E+00	1.3270808021E+08
6.8659570744E+00	1.3290248524E+08
6.8779525018E+00	1.3309668242E+08
6.8899479292E+00	1.3329067141E+08
6.9019433566E+00	1.3348445181E+08
6.9139387840E+00	1.3367802302E+08
6.9259342114E+00	1.3387138440E+08
6.9379296388E+00	1.3406453531E+08
6.9499250662E+00	1.3425747515E+08
6.9619204936E+00	1.3445020331E+08
6.9739159210E+00	1.3464271920E+08
6.9859113484E+00	1.3483502224E+08
6.9979067758E+00	1.3502711187E+08
7.0099022032E+00	1.3521898754E+08
7.0218976306E+00	1.3541064871E+08
7.0338930580E+00	1.3560209486E+08
7.0458884854E+00	1.3579332545E+08
7.0578839127E+00	1.3598434000E+08
7.0698793401E+00	1.3617513800E+08
7.0818747675E+00	1.3636571898E+08
7.0938701949E+00	1.3655608247E+08
7.1058656223E+00	1.3674622800E+08
7.1178610497E+00	1.3693615512E+08
7.1298564771E+00	1.3712586340E+08
7.1418519045E+00	1.3731535241E+08
7.1538473319E+00	1.3750462172E+08
7.1658427593E+00	1.3769367094E+08
7.1778381867E+00	1.3788249967E+08
7.1898336141E+00	1.3807110751E+08
7.2018290415E+00	1.3825949408E+08
7.2138244689E+00	1.3844765899E+08
7.2258198963E+00	1.3863560162E+08
7.2378153237E+00	1.3882332129E+08
7.2498107511E+00	1.3901081733E+08
7.2618061785E+00	1.3919808910E+08
7.2738016059E+00	1.3938513594E+08
7.2857970333E+00	1.3957195723E+08
7.2977924607E+00	1.3975855236E+08
7.3097878881E+00	1.3994492072E+08
7.3217833155E+00	1.4013106172E+08
7.3337787429E+00	1.4031697478E+08
7.3457741703E+00	1.4050265933E+08
7.3577695977E+00	1.4068811481E+08
7.3697650250E+00	1.4087334068E+08
7.3817604524E+00	1.4105833640E+08
7.3937558798E+00	1.4124310145E+08
7.4057513072E+00	1.4142763532E+08
7.4177467346E+00	1.4161193750E+08
7.4297421620E+00	1.4179600751E+08
7.4417375894E+00	1.4197984486E+08
7.4537330168E+00	1.4216344908E+08
7.4657284442E+00	1.4234681972E+08
7.4777238716E+00	1.4252995631E+08
7.4897192990E+00	1.4271285843E+08
7.5017147264E+00	1.4289552563E+08
7.5137101538E+00	1.4307795750E+08
7.5257055812E+00	1.4326015357E+08
7.5377010086E+00	1.4344211317E+08
7.5496964360E+00	1.4362383557E+08
7.5616918634E+00	1.4380532007E+08
7.5736872908E+00	1.4398656598E+08
7.5856827182E+00	1.4416757261E+08
7.5976781456E+00	1.4434833928E+08
7.6096735730E+00	1.4452886535E+08
7.6216690004E+00	1.4470915016E+08
7.6336644278E+00	1.4488919307E+08
7.6456598552E+00	1.4506899347E+08
7.6576552826E+00	1.4524855075E+08
7.6696507100E+00	1.4542786429E+08
7.6816461374E+00	1.4560693351E+08
7.6936415647E+00	1.4578575784E+08
7.7056369921E+00	1.4596433670E+08
7.7176324195E+00	1.4614266954E+08
7.7296278469E+00	1.4632075581E+08
7.7416232743E+00	1.4649859497E+08
7.7536187017E+00	1.4667618650E+08
7.7656141291E+00	1.4685352987E+08
7.7776095565E+00	1.4703062460E+08
7.7896049839E+00	1.4720747017E+08
7.8016004113E+00	1.4738406610E+08
7.8135958387E+00	1.4756041191E+08
7.8255912661E+00	1.4773650714E+08
7.8375866935E+00	1.4791235116E+08
7.8495821209E+00	1.4808794320E+08
7.8615775483E+00	1.4826328248E+08
7.8735729757E+00	1.4843836822E+08
7.8855684031E+00	1.4861319968E+08
7.8975638305E+00	1.4878777610E+08
7.9095592579E+00	1.4896209676E+08
7.9215546853E+00	1.4913616095E+08
7.9335501127E+00	1.4930996794E+08
7.9455455401E+00	1.4948351705E+08
7.9575409675E+00	1.4965680759E+08
7.9695363949E+00	1.4982983890E+08
7.9815318223E+00	1.5000261030E+08
7.9935272497E+00	1.5017512114E+08
8.0055226771E+00	1.5034737080E+08
8.0175181044E+00	1.5051935863E+08
8.0295135318E+00	1.5069108403E+08
8.0415089592E+00	1.5086254638E+08
8.0535043866E+00	1.5103374508E+08
8.0654998140E+00	1.5120467955E+08
8.0774952414E+00	1.5137534921E+08
8.0894906688E+00	1.5154575350E+08
8.1014860962E+00	1.5171589185E+08
8.1134815236E+00	1.5188576372E+08
8.1254769510E+00	1.5205536857E+08
8.1374723784E+00	1.5222470576E+08
8.1494678058E+00	1.5239377447E+08
8.1614632332E+00	1.5256257386E+08
8.1734586606E+00	1.5273110311E+08
8.1854540880E+00	1.5289936142E+08
8.1974495154E+00	1.5306734798E+08
8.2094449428E+00	1.5323506202E+08
8.2214403702E+00	1.5340250276E+08
8.2334357976E+00	1.5356966943E+08
8.2454312250E+00	1.5373656130E+08
8.2574266524E+00	1.5390317762E+08
8.2694220798E+00	1.5406951765E+08
8.2814175072E+00	1.5423558070E+08
8.2934129346E+00	1.5440136604E+08
8.3054083620E+00	1.5456687300E+08
8.3174037894E+00	1.5473210087E+08
8.3293992167E+00	1.5489704900E+08
8.3413946441E+00	1.5506171671E+08
8.3533900715E+00	1.5522610335E+08
8.3653854989E+00	1.5539020829E+08
8.3773809263E+00	1.5555403088E+08
8.3893763537E+00	1.5571757050E+08
8.4013717811E+00	1.5588082655E+08
8.4133672085E+00	1.5604379841E+08
8.4253626359E+00	1.5620648549E+08
8.4373580633E+00	1.5636888694E+08
8.4493534907E+00	1.5653100176E+08
8.4613489181E+00	1.5669282895E+08
8.4733443455E+00	1.5685436751E+08
8.4853397729E+00	1.5701561647E+08
8.4973352003E+00	1.5717657486E+08
8.5093306277E+00	1.5733724174E+08
8.5213260551E+00	1.5749761616E+08
8.5333214825E+00	1.5765769721E+08
8.5453169099E+00	1.5781748395E+08
8.5573123373E+00	1.5797697550E+08
8.5693077647E+00	1.5813617096E+08
8.5813031921E+00	1.5829506946E+08
8.5932986195E+00	1.5845367013E+08
8.6052940469E+00	1.5861197212E+08
8.6172894743E+00	1.5876997458E+08
8.6292849017E+00	1.5892767668E+08
8.6412803291E+00	1.5908507760E+08
8.6532757564E+00	1.5924217654E+08
8.6652711838E+00	1.5939897268E+08
8.6772666112E+00	1.5955546526E+08
8.6892620386E+00	1.5971165348E+08
8.7012574660E+00	1.5986753658E+08
8.7132528934E+00	1.6002311381E+08
8.7252483208E+00	1.6017838442E+08
8.7372437482E+00	1.6033334768E+08
8.7492391756E+00	1.6048800285E+08
8.7612346030E+00	1.6064234922E+08
8.7732300304E+00	1.6079638609E+08
8.7852254578E+00	1.6095011276E+08
8.7972208852E+00	1.6110352854E+08
8.8092163126E+00	1.6125663267E+08
8.8212117400E+00	1.6140942405E+08
8.8332071674E+00	1.6156190149E+08
8.8452025948E+00	1.6171406380E+08
8.8571980222E+00	1.6186590984E+08
8.8691934496E+00	1.6201743845E+08
8.8811888770E+00	1.6216864850E+08
8.8931843044E+00	1.6231953886E+08
8.9051797318E+00	1.6247010844E+08
8.9171751592E+00	1.6262035614E+08
8.9291705866E+00	1.6277028086E+08
8.9411660140E+00	1.6291988156E+08
8.9531614414E+00	1.6306915716E+08
8.9651568687E+00	1.6321810662E+08
8.9771522961E+00	1.6336672891E+08
8.9891477235E+00	1.6351502302E+08
9.0011431509E+00	1.6366298793E+08
9.0131385783E+00	1.6381062264E+08
9.0251340057E+00	1.6395792618E+08
9.0371294331E+00	1.6410489756E+08
9.0491248605E+00	1.6425153583E+08
9.0611202879E+00	1.6439784004E+08
9.0731157153E+00	1.6454380924E+08
9.0851111427E+00	1.6468944251E+08
9.0971065701E+00	1.6483473892E+08
9.1091019975E+00	1.6497969758E+08
9.1210974249E+00	1.6512431758E+08
9.1330928523E+00	1.6526859804E+08
9.1450882797E+00	1.6541253804E+08
9.1570837071E+00	1.6555613633E+08
9.1690791345E+00	1.6569939150E+08
9.1810745619E+00	1.6584230218E+08
9.1930699893E+00	1.6598486700E+08
9.2050654167E+00	1.6612708460E+08
9.2170608441E+00	1.6626895365E+08
9.2290562715E+00	1.6641047281E+08
9.2410516989E+00	1.6655164079E+08
9.2530471263E+00	1.6669245627E+08
9.2650425537E+00	1.6683291798E+08
9.2770379811E+00	1.6697302464E+08
9.2890334084E+00	1.6711277499E+08
9.3010288358E+00	1.6725216779E+08
9.3130242632E+00	1.6739120181E+08
9.3250196906E+00	1.6752987583E+08
9.3370151180E+00	1.6766818864E+08
9.3490105454E+00	1.6780613904E+08
9.3610059728E+00	1.6794372586E+08
9.3730014002E+00	1.6808094792E+08
9.3849968276E+00	1.6821780406E+08
9.3969922550E+00	1.6835429315E+08
9.4089876824E+00	1.6849041403E+08
9.4209831098E+00	1.6862616560E+08
9.4329785372E+00	1.6876154674E+08
9.4449739646E+00	1.6889655632E+08
9.4569693920E+00	1.6903119291E+08
9.4689648194E+00	1.6916545485E+08
9.4809602468E+00	1.6929934046E+08
9.4929556742E+00	1.6943284810E+08
9.5049511016E+00	1.6956597613E+08
9.5169465290E+00	1.6969872295E+08
9.5289419564E+00	1.6983108694E+08
9.5409373838E+00	1.6996306653E+08
9.5529328112E+00	1.7009466014E+08
9.5649282386E+00	1.7022586621E+08
9.5769236660E+00	1.7035668321E+08
9.5889190934E+00	1.7048710959E+08
9.6009145208E+00	1.7061714386E+08
9.6129099481E+00	1.7074678450E+08
9.6249053755E+00	1.7087603003E+08
9.6369008029E+00	1.7100487898E+08
9.6488962303E+00	1.7113332990E+08
9.6608916577E+00	1.7126138132E+08
9.6728870851E+00	1.7138903182E+08
9.6848825125E+00	1.7151627999E+08
9.6968779399E+00	1.7164312440E+08
9.7088733673E+00	1.7176956367E+08
9.7208687947E+00	1.7189559628E+08
9.7328642221E+00	1.7202122028E+08
9.7448596495E+00	1.7214643362E+08
9.7568550769E+00	1.7227123430E+08
9.7688505043E+00	1.7239562034E+08
9.7808459317E+00	1.7251958974E+08
9.7928413591E+00	1.7264314055E+08
9.8048367865E+00	1.7276627083E+08
9.8168322139E+00	1.7288897864E+08
9.8288276413E+00	1.7301126208E+08
9.8408230687E+00	1.7313311924E+08
9.8528184961E+00	1.7325454826E+08
9.8648139235E+00	1.7337554726E+08
9.8768093509E+00	1.7349611440E+08
9.8888047783E+00	1.7361624785E+08
9.9008002057E+00	1.7373594577E+08
9.9127956331E+00	1.7385520638E+08
9.9247910604E+00	1.7397402789E+08
9.9367864878E+00	1.7409240851E+08
9.9487819152E+00	1.7421034649E+08
9.9607773426E+00	1.7432783997E+08
9.9727727700E+00	1.7444488661E+08
9.9847681974E+00	1.7456148390E+08
9.9967636248E+00	1.7467762939E+08
1.0008759052E+01	1.7479332060E+08
1.0020754480E+01	1.7490855512E+08
1.0032749907E+01	1.7502333053E+08
1.0044745334E+01	1.7513764442E+08
1.0056740762E+01	1.7525149442E+08
1.0068736189E+01	1.7536487817E+08
1.0080731617E+01	1.7547779332E+08
1.0092727044E+01	1.7559023756E+08
1.0104722471E+01	1.7570220857E+08
1.0116717899E+01	1.7581370407E+08
1.0128713326E+01	1.7592472178E+08
1.0140708754E+01	1.7603525944E+08
1.0152704181E+01	1.7614531483E+08
1.0164699608E+01	1.7625488570E+08
1.0176695036E+01	1.7636396973E+08
1.0188690463E+01	1.7647256398E+08
1.0200685891E+01	1.7658066537E+08
1.0212681318E+01	1.7668827084E+08
1.0224676745E+01	1.7679537736E+08
1.0236672173E+01	1.7690198191E+08
1.0248667600E+01	1.7700808149E+08
1.0260663028E+01	1.7711367314E+08
1.0272658455E+01	1.7721875390E+08
1.0284653882E+01	1.7732332083E+08
1.0296649310E+01	1.7742737104E+08
1.0308644737E+01	1.7753090163E+08
1.0320640165E+01	1.7763390972E+08
1.0332635592E+01	1.7773639247E+08
1.0344631019E+01	1.7783834705E+08
1.0356626447E+01	1.7793977063E+08
1.0368621874E+01	1.7804066029E+08
1.0380617302E+01	1.7814101236E+08
1.0392612729E+01	1.7824082303E+08
1.0404608156E+01	1.7834008849E+08
1.0416603584E+01	1.7843880494E+08
1.0428599011E+01	1.7853696864E+08
1.0440594438E+01	1.7863457586E+08
1.0452589866E+01	1.7873162287E+08
1.0464585293E+01	1.7882810601E+08
1.0476580721E+01	1.7892402161E+08
1.0488576148E+01	1.7901936603E+08
1.0500571575E+01	1.7911413565E+08
1.0512567003E+01	1.7920832690E+08
1.0524562430E+01	1.7930193619E+08
1.0536557858E+01	1.7939495991E+08
1.0548553285E+01	1.7948739369E+08
1.0560548712E+01	1.7957923277E+08
1.0572544140E+01	1.7967047236E+08
1.0584539567E+01	1.7976110773E+08
1.0596534995E+01	1.7985113418E+08
1.0608530422E+01	1.7994054703E+08
1.0620525849E+01	1.8002934163E+08
1.0632521277E+01	1.8011751336E+08
1.0644516704E+01	1.8020505763E+08
1.0656512132E+01	1.8029196986E+08
1.0668507559E+01	1.8037824552E+08
1.0680502986E+01	1.8046388010E+08
1.0692498414E+01	1.8054886881E+08
1.0704493841E+01	1.8063320584E+08
1.0716489269E+01	1.8071688521E+08
1.0728484696E+01	1.8079990097E+08
1.0740480123E+01	1.8088224719E+08
1.0752475551E+01	1.8096391799E+08
1.0764470978E+01	1.8104490752E+08
1.0776466406E+01	1.8112520996E+08
1.0788461833E+01	1.8120481952E+08
1.0800457260E+01	1.8128373046E+08
1.0812452688E+01	1.8136193704E+08
1.0824448115E+01	1.8143943337E+08
1.0836443543E+01	1.8151621238E+08
1.0848438970E+01	1.8159226655E+08
1.0860434397E+01	1.8166758842E+08
1.0872429825E+01	1.8174217056E+08
1.0884425252E+01	1.8181600560E+08
1.0896420680E+01	1.8188908618E+08
1.0908416107E+01	1.8196140501E+08
1.0920411534E+01	1.8203295480E+08
1.0932406962E+01	1.8210372834E+08
1.0944402389E+01	1.8217371807E+08
1.0956397817E+01	1.8224291497E+08
1.0968393244E+01	1.8231130967E+08
1.0980388671E+01	1.8237889283E+08
1.0992384099E+01	1.8244565519E+08
1.1004379526E+01	1.8251158750E+08
1.1016374954E+01	1.8257668058E+08
1.1028370381E+01	1.8264092528E+08
1.1040365808E+01	1.8270431251E+08
1.1052361236E+01	1.8276683231E+08
1.1064356663E+01	1.8282847315E+08
1.1076352090E+01	1.8288922338E+08
1.1088347518E+01	1.8294907139E+08
1.1100342945E+01	1.8300800565E+08
1.1112338373E+01	1.8306601467E+08
1.1124333800E+01	1.8312308701E+08
1.1136329227E+01	1.8317921118E+08
1.1148324655E+01	1.8323437401E+08
1.1160320082E+01	1.8328856109E+08
1.1172315510E+01	1.8334175802E+08
1.1184310937E+01	1.8339395049E+08
1.1196306364E+01	1.8344512424E+08
1.1208301792E+01	1.8349526510E+08
1.1220297219E+01	1.8354435852E+08
1.1232292647E+01	1.8359238767E+08
1.1244288074E+01	1.8363933490E+08
1.1256283501E+01	1.8368518263E+08
1.1268278929E+01	1.8372991337E+08
1.1280274356E+01	1.8377350969E+08
1.1292269784E+01	1.8381595367E+08
1.1304265211E+01	1.8385722472E+08
1.1316260638E+01	1.8389730159E+08
1.1328256066E+01	1.8393616308E+08
1.1340251493E+01	1.8397378810E+08
1.1352246921E+01	1.8401015534E+08
1.1364242348E+01	1.8404524090E+08
1.1376237775E+01	1.8407901964E+08
1.1388233203E+01	1.8411146648E+08
1.1400228630E+01	1.8414255645E+08
1.1412224058E+01	1.8417226345E+08
1.1424219485E+01	1.8420055849E+08
1.1436214912E+01	1.8422741227E+08
1.1448210340E+01	1.8425279557E+08
1.1460205767E+01	1.8427667825E+08
1.1472201195E+01	1.8429902735E+08
1.1484196622E+01	1.8431980942E+08
1.1496192049E+01	1.8433898910E+08
1.1508187477E+01	1.8435652937E+08
1.1520182904E+01	1.8437239060E+08
1.1532178332E+01	1.8438653017E+08
1.1544173759E+01	1.8439890069E+08
1.1556169186E+01	1.8440944914E+08
1.1568164614E+01	1.8441811345E+08
1.1580160041E+01	1.8442481782E+08
1.1592155469E+01	1.8442946809E+08
1.1604150896E+01	1.8443193874E+08
1.1616146323E+01	1.8443205562E+08
1.1628141751E+01	1.8442957225E+08
1.1640137178E+01	1.8442411850E+08
1.1652132606E+01	1.8441514876E+08
1.1664128033E+01	1.8440195848E+08
1.1676123460E+01	1.8438396284E+08
1.1688118888E+01	1.8436102552E+08
1.1700114315E+01	1.8433332244E+08
1.1712109742E+01	1.8430106938E+08
1.1724105170E+01	1.8426443624E+08
1.1736100597E+01	1.8422355757E+08
1.1748096025E+01	1.8417856102E+08
1.1760091452E+01	1.8412959068E+08
1.1772086879E+01	1.8407682177E+08
1.1784082307E+01	1.8402046503E+08
1.1796077734E+01	1.8396076192E+08
1.1808073162E+01	1.8389797378E+08
1.1820068589E+01	1.8383236872E+08
1.1832064016E+01	1.8376420975E+08
1.1844059444E+01	1.8369374608E+08
1.1856054871E+01	1.8362120804E+08
1.1868050299E+01	1.8354680488E+08
1.1880045726E+01	1.8347072469E+08
1.1892041153E+01	1.8339313551E+08
1.1904036581E+01	1.8331418714E+08
1.1916032008E+01	1.8323401313E+08
1.1928027436E+01	1.8315273277E+08
1.1940022863E+01	1.8307045295E+08
1.1952018290E+01	1.8298726978E+08
1.1964013718E+01	1.8290327016E+08
1.1976009145E+01	1.8281853295E+08
1.1988004573E+01	1.8273313015E+08
1.2000000000E+01	1.8264712782E+08
