4.5726037539E-03	4.2952598698E-01
1.7160700380E-02	4.2952547055E-01
2.9748797006E-02	4.2952433545E-01
4.2336893633E-02	4.2952260677E-01
5.4924990259E-02	4.2952027138E-01
6.7513086885E-02	4.2951733009E-01
8.0101183511E-02	4.2951378532E-01
9.2689280138E-02	4.2950963604E-01
1.0527737676E-01	4.2950488188E-01
1.1786547339E-01	4.2949952308E-01
1.3045357002E-01	4.2949355976E-01
1.4304166664E-01	4.2948699188E-01
1.5562976327E-01	4.2947981939E-01
1.6821785990E-01	4.2947204228E-01
1.8080595652E-01	4.2946366056E-01
1.9339405315E-01	4.2945467423E-01
2.0598214977E-01	4.2944508329E-01
2.1857024640E-01	4.2943488774E-01
2.3115834303E-01	4.2942408758E-01
2.4374643965E-01	4.2941268279E-01
2.5633453628E-01	4.2940067337E-01
2.6892263291E-01	4.2938805932E-01
2.8151072953E-01	4.2937484064E-01
2.9409882616E-01	4.2936101732E-01
3.0668692278E-01	4.2934658936E-01
3.1927501941E-01	4.2933155675E-01
3.3186311604E-01	4.2931591949E-01
3.4445121266E-01	4.2929967757E-01
3.5703930929E-01	4.2928283099E-01
3.6962740592E-01	4.2926537975E-01
3.8221550254E-01	4.2924732383E-01
3.9480359917E-01	4.2922866323E-01
4.0739169579E-01	4.2920939795E-01
4.1997979242E-01	4.2918952798E-01
4.3256788905E-01	4.2916905331E-01
4.4515598567E-01	4.2914797393E-01
4.5774408230E-01	4.2912628985E-01
4.7033217893E-01	4.2910400105E-01
4.8292027555E-01	4.2908110752E-01
4.9550837218E-01	4.2905760926E-01
5.0809646880E-01	4.2903350626E-01
5.2068456543E-01	4.2900879852E-01
5.3327266206E-01	4.2898348602E-01
5.4586075868E-01	4.2895756876E-01
5.5844885531E-01	4.2893104673E-01
5.7103695193E-01	4.2890391991E-01
5.8362504856E-01	4.2887618831E-01
5.9621314519E-01	4.2884785191E-01
6.0880124181E-01	4.2881891070E-01
6.2138933844E-01	4.2878936468E-01
6.3397743507E-01	4.2875921383E-01
6.4656553169E-01	4.2872845815E-01
6.5915362832E-01	4.2869709761E-01
6.7174172494E-01	4.2866513223E-01
6.8432982157E-01	4.2863256197E-01
6.9691791820E-01	4.2859938684E-01
7.0950601482E-01	4.2856560682E-01
7.2209411145E-01	4.2853122191E-01
7.3468220808E-01	4.2849623208E-01
7.4727030470E-01	4.2846063733E-01
7.5985840133E-01	4.2842443764E-01
7.7244649795E-01	4.2838763301E-01
7.8503459458E-01	4.2835022343E-01
7.9762269121E-01	4.2831220887E-01
8.1021078783E-01	4.2827358933E-01
8.2279888446E-01	4.2823436479E-01
8.3538698109E-01	4.2819453525E-01
8.4797507771E-01	4.2815410068E-01
8.6056317434E-01	4.2811306108E-01
8.7315127096E-01	4.2807141643E-01
8.8573936759E-01	4.2802916672E-01
8.9832746422E-01	4.2798631192E-01
9.1091556084E-01	4.2794285204E-01
9.2350365747E-01	4.2789878705E-01
9.3609175410E-01	4.2785411694E-01
9.4867985072E-01	4.2780884169E-01
9.6126794735E-01	4.2776296129E-01
9.7385604397E-01	4.2771647573E-01
9.8644414060E-01	4.2766938498E-01
9.9903223723E-01	4.2762168903E-01
1.0116203339E+00	4.2757338787E-01
1.0242084305E+00	4.2752448147E-01
1.0367965271E+00	4.2747496982E-01
1.0493846237E+00	4.2742485291E-01
1.0619727204E+00	4.2737413071E-01
1.0745608170E+00	4.2732280322E-01
1.0871489136E+00	4.2727087040E-01
1.0997370102E+00	4.2721833225E-01
1.1123251069E+00	4.2716518873E-01
1.1249132035E+00	4.2711143985E-01
1.1375013001E+00	4.2705708557E-01
1.1500893967E+00	4.2700212588E-01
1.1626774934E+00	4.2694656076E-01
1.1752655900E+00	4.2689039019E-01
1.1878536866E+00	4.2683361415E-01
1.2004417832E+00	4.2677623261E-01
1.2130298799E+00	4.2671824557E-01
1.2256179765E+00	4.2665965299E-01
1.2382060731E+00	4.2660045486E-01
1.2507941698E+00	4.2654065115E-01
1.2633822664E+00	4.2648024185E-01
1.2759703630E+00	4.2641922693E-01
1.2885584596E+00	4.2635760638E-01
1.3011465563E+00	4.2629538016E-01
1.3137346529E+00	4.2623254826E-01
1.3263227495E+00	4.2616911065E-01
1.3389108461E+00	4.2610506730E-01
1.3514989428E+00	4.2604041820E-01
1.3640870394E+00	4.2597516333E-01
1.3766751360E+00	4.2590930265E-01
1.3892632326E+00	4.2584283615E-01
1.4018513293E+00	4.2577576379E-01
1.4144394259E+00	4.2570808556E-01
1.4270275225E+00	4.2563980143E-01
1.4396156191E+00	4.2557091137E-01
1.4522037158E+00	4.2550141536E-01
1.4647918124E+00	4.2543131337E-01
1.4773799090E+00	4.2536060537E-01
1.4899680057E+00	4.2528929134E-01
1.5025561023E+00	4.2521737125E-01
1.5151441989E+00	4.2514484508E-01
1.5277322955E+00	4.2507171279E-01
1.5403203922E+00	4.2499797436E-01
1.5529084888E+00	4.2492362977E-01
1.5654965854E+00	4.2484867897E-01
1.5780846820E+00	4.2477312194E-01
1.5906727787E+00	4.2469695865E-01
1.6032608753E+00	4.2462018908E-01
1.6158489719E+00	4.2454281318E-01
1.6284370685E+00	4.2446483094E-01
1.6410251652E+00	4.2438624233E-01
1.6536132618E+00	4.2430704730E-01
1.6662013584E+00	4.2422724584E-01
1.6787894550E+00	4.2414683790E-01
1.6913775517E+00	4.2406582346E-01
1.7039656483E+00	4.2398420248E-01
1.7165537449E+00	4.2390197493E-01
1.7291418415E+00	4.2381914077E-01
1.7417299382E+00	4.2373569998E-01
1.7543180348E+00	4.2365165252E-01
1.7669061314E+00	4.2356699835E-01
1.7794942281E+00	4.2348173745E-01
1.7920823247E+00	4.2339586978E-01
1.8046704213E+00	4.2330939530E-01
1.8172585179E+00	4.2322231397E-01
1.8298466146E+00	4.2313462577E-01
1.8424347112E+00	4.2304633065E-01
1.8550228078E+00	4.2295742857E-01
1.8676109044E+00	4.2286791950E-01
1.8801990011E+00	4.2277780339E-01
1.8927870977E+00	4.2268708022E-01
1.9053751943E+00	4.2259574995E-01
1.9179632909E+00	4.2250381253E-01
1.9305513876E+00	4.2241126794E-01
1.9431394842E+00	4.2231811612E-01
1.9557275808E+00	4.2222435705E-01
1.9683156774E+00	4.2212999067E-01
1.9809037741E+00	4.2203501695E-01
1.9934918707E+00	4.2193943584E-01
2.0060799673E+00	4.2184324730E-01
2.0186680640E+00	4.2174645129E-01
2.0312561606E+00	4.2164904777E-01
2.0438442572E+00	4.2155103669E-01
2.0564323538E+00	4.2145241802E-01
2.0690204505E+00	4.2135319171E-01
2.0816085471E+00	4.2125335772E-01
2.0941966437E+00	4.2115291600E-01
2.1067847403E+00	4.2105186651E-01
2.1193728370E+00	4.2095020920E-01
2.1319609336E+00	4.2084794402E-01
2.1445490302E+00	4.2074507093E-01
2.1571371268E+00	4.2064158987E-01
2.1697252235E+00	4.2053750081E-01
2.1823133201E+00	4.2043280369E-01
2.1949014167E+00	4.2032749846E-01
2.2074895133E+00	4.2022158508E-01
2.2200776100E+00	4.2011506350E-01
2.2326657066E+00	4.2000793367E-01
2.2452538032E+00	4.1990019555E-01
2.2578418999E+00	4.1979184908E-01
2.2704299965E+00	4.1968289421E-01
2.2830180931E+00	4.1957333088E-01
2.2956061897E+00	4.1946315905E-01
2.3081942864E+00	4.1935237865E-01
2.3207823830E+00	4.1924098964E-01
2.3333704796E+00	4.1912899195E-01
2.3459585762E+00	4.1901638555E-01
2.3585466729E+00	4.1890317036E-01
2.3711347695E+00	4.1878934634E-01
2.3837228661E+00	4.1867491344E-01
2.3963109627E+00	4.1855987160E-01
2.4088990594E+00	4.1844422076E-01
2.4214871560E+00	4.1832796088E-01
2.4340752526E+00	4.1821109188E-01
2.4466633492E+00	4.1809361371E-01
2.4592514459E+00	4.1797552630E-01
2.4718395425E+00	4.1785682960E-01
2.4844276391E+00	4.1773752354E-01
2.4970157358E+00	4.1761760807E-01
2.5096038324E+00	4.1749708311E-01
2.5221919290E+00	4.1737594862E-01
2.5347800256E+00	4.1725420452E-01
2.5473681223E+00	4.1713185076E-01
2.5599562189E+00	4.1700888728E-01
2.5725443155E+00	4.1688531401E-01
2.5851324121E+00	4.1676113090E-01
2.5977205088E+00	4.1663633787E-01
2.6103086054E+00	4.1651093486E-01
2.6228967020E+00	4.1638492180E-01
2.6354847986E+00	4.1625829861E-01
2.6480728953E+00	4.1613106523E-01
2.6606609919E+00	4.1600322159E-01
2.6732490885E+00	4.1587476762E-01
2.6858371851E+00	4.1574570325E-01
2.6984252818E+00	4.1561602840E-01
2.7110133784E+00	4.1548574302E-01
2.7236014750E+00	4.1535484703E-01
2.7361895716E+00	4.1522334035E-01
2.7487776683E+00	4.1509122293E-01
2.7613657649E+00	4.1495849469E-01
2.7739538615E+00	4.1482515556E-01
2.7865419582E+00	4.1469120546E-01
2.7991300548E+00	4.1455664430E-01
2.8117181514E+00	4.1442147201E-01
2.8243062480E+00	4.1428568851E-01
2.8368943447E+00	4.1414929371E-01
2.8494824413E+00	4.1401228755E-01
2.8620705379E+00	4.1387466994E-01
2.8746586345E+00	4.1373644080E-01
2.8872467312E+00	4.1359760006E-01
2.8998348278E+00	4.1345814762E-01
2.9124229244E+00	4.1331808342E-01
2.9250110210E+00	4.1317740737E-01
2.9375991177E+00	4.1303611940E-01
2.9501872143E+00	4.1289421942E-01
2.9627753109E+00	4.1275170735E-01
2.9753634075E+00	4.1260858310E-01
2.9879515042E+00	4.1246484657E-01
3.0005396008E+00	4.1232049767E-01
3.0131276974E+00	4.1217553632E-01
3.0257157941E+00	4.1202996242E-01
3.0383038907E+00	4.1188377588E-01
3.0508919873E+00	4.1173697661E-01
3.0634800839E+00	4.1158956452E-01
3.0760681806E+00	4.1144153953E-01
3.0886562772E+00	4.1129290153E-01
3.1012443738E+00	4.1114365044E-01
3.1138324704E+00	4.1099378617E-01
3.1264205671E+00	4.1084330863E-01
3.1390086637E+00	4.1069221772E-01
3.1515967603E+00	4.1054051335E-01
3.1641848569E+00	4.1038819542E-01
3.1767729536E+00	4.1023526381E-01
3.1893610502E+00	4.1008171843E-01
3.2019491468E+00	4.0992755918E-01
3.2145372434E+00	4.0977278594E-01
3.2271253401E+00	4.0961739861E-01
3.2397134367E+00	4.0946139710E-01
3.2523015333E+00	4.0930478129E-01
3.2648896300E+00	4.0914755108E-01
3.2774777266E+00	4.0898970637E-01
3.2900658232E+00	4.0883124706E-01
3.3026539198E+00	4.0867217303E-01
3.3152420165E+00	4.0851248419E-01
3.3278301131E+00	4.0835218044E-01
3.3404182097E+00	4.0819126165E-01
3.3530063063E+00	4.0802972774E-01
3.3655944030E+00	4.0786757856E-01
3.3781824996E+00	4.0770481401E-01
3.3907705962E+00	4.0754143396E-01
3.4033586928E+00	4.0737743829E-01
3.4159467895E+00	4.0721282689E-01
3.4285348861E+00	4.0704759964E-01
3.4411229827E+00	4.0688175641E-01
3.4537110793E+00	4.0671529709E-01
3.4662991760E+00	4.0654822155E-01
3.4788872726E+00	4.0638052968E-01
3.4914753692E+00	4.0621222135E-01
3.5040634659E+00	4.0604329645E-01
3.5166515625E+00	4.0587375487E-01
3.5292396591E+00	4.0570359647E-01
3.5418277557E+00	4.0553282113E-01
3.5544158524E+00	4.0536142874E-01
3.5670039490E+00	4.0518941916E-01
3.5795920456E+00	4.0501679224E-01
3.5921801422E+00	4.0484354785E-01
3.6047682389E+00	4.0466968585E-01
3.6173563355E+00	4.0449520611E-01
3.6299444321E+00	4.0432010848E-01
3.6425325287E+00	4.0414439283E-01
3.6551206254E+00	4.0396805902E-01
3.6677087220E+00	4.0379110691E-01
3.6802968186E+00	4.0361353636E-01
3.6928849152E+00	4.0343534724E-01
3.7054730119E+00	4.0325653940E-01
3.7180611085E+00	4.0307711272E-01
3.7306492051E+00	4.0289706705E-01
3.7432373017E+00	4.0271640225E-01
3.7558253984E+00	4.0253511819E-01
3.7684134950E+00	4.0235321471E-01
3.7810015916E+00	4.0217069167E-01
3.7935896883E+00	4.0198754890E-01
3.8061777849E+00	4.0180378624E-01
3.8187658815E+00	4.0161940352E-01
3.8313539781E+00	4.0143440060E-01
3.8439420748E+00	4.0124877732E-01
3.8565301714E+00	4.0106253350E-01
3.8691182680E+00	4.0087566900E-01
3.8817063646E+00	4.0068818365E-01
3.8942944613E+00	4.0050007730E-01
3.9068825579E+00	4.0031134978E-01
3.9194706545E+00	4.0012200093E-01
3.9320587511E+00	3.9993203060E-01
3.9446468478E+00	3.9974143862E-01
3.9572349444E+00	3.9955022485E-01
3.9698230410E+00	3.9935838910E-01
3.9824111376E+00	3.9916593123E-01
3.9949992343E+00	3.9897285106E-01
4.0075873309E+00	3.9877914839E-01
4.0201754275E+00	3.9858482305E-01
4.0327635242E+00	3.9838987485E-01
4.0453516208E+00	3.9819430360E-01
4.0579397174E+00	3.9799810911E-01
4.0705278140E+00	3.9780129121E-01
4.0831159107E+00	3.9760384971E-01
4.0957040073E+00	3.9740578442E-01
4.1082921039E+00	3.9720709516E-01
4.1208802005E+00	3.9700778174E-01
4.1334682972E+00	3.9680784397E-01
4.1460563938E+00	3.9660728168E-01
4.1586444904E+00	3.9640609467E-01
4.1712325870E+00	3.9620428277E-01
4.1838206837E+00	3.9600184578E-01
4.1964087803E+00	3.9579878352E-01
4.2089968769E+00	3.9559509580E-01
4.2215849735E+00	3.9539078242E-01
4.2341730702E+00	3.9518584316E-01
4.2467611668E+00	3.9498027780E-01
4.2593492634E+00	3.9477408612E-01
4.2719373601E+00	3.9456726792E-01
4.2845254567E+00	3.9435982297E-01
4.2971135533E+00	3.9415175106E-01
4.3097016499E+00	3.9394305198E-01
4.3222897466E+00	3.9373372550E-01
4.3348778432E+00	3.9352377141E-01
4.3474659398E+00	3.9331318951E-01
4.3600540364E+00	3.9310197956E-01
4.3726421331E+00	3.9289014136E-01
4.3852302297E+00	3.9267767469E-01
4.3978183263E+00	3.9246457933E-01
4.4104064229E+00	3.9225085507E-01
4.4229945196E+00	3.9203650169E-01
4.4355826162E+00	3.9182151898E-01
4.4481707128E+00	3.9160590671E-01
4.4607588094E+00	3.9138966463E-01
4.4733469061E+00	3.9117279248E-01
4.4859350027E+00	3.9095529002E-01
4.4985230993E+00	3.9073715699E-01
4.5111111960E+00	3.9051839314E-01
4.5236992926E+00	3.9029899822E-01
4.5362873892E+00	3.9007897198E-01
4.5488754858E+00	3.8985831416E-01
4.5614635825E+00	3.8963702451E-01
4.5740516791E+00	3.8941510278E-01
4.5866397757E+00	3.8919254872E-01
4.5992278723E+00	3.8896936207E-01
4.6118159690E+00	3.8874554258E-01
4.6244040656E+00	3.8852109000E-01
4.6369921622E+00	3.8829600408E-01
4.6495802588E+00	3.8807028457E-01
4.6621683555E+00	3.8784393121E-01
4.6747564521E+00	3.8761694375E-01
4.6873445487E+00	3.8738932193E-01
4.6999326453E+00	3.8716106545E-01
4.7125207420E+00	3.8693217404E-01
4.7251088386E+00	3.8670264737E-01
4.7376969352E+00	3.8647248517E-01
4.7502850318E+00	3.8624168713E-01
4.7628731285E+00	3.8601025296E-01
4.7754612251E+00	3.8577818236E-01
4.7880493217E+00	3.8554547504E-01
4.8006374184E+00	3.8531213069E-01
4.8132255150E+00	3.8507814903E-01
4.8258136116E+00	3.8484352976E-01
4.8384017082E+00	3.8460827257E-01
4.8509898049E+00	3.8437237718E-01
4.8635779015E+00	3.8413584329E-01
4.8761659981E+00	3.8389867060E-01
4.8887540947E+00	3.8366085882E-01
4.9013421914E+00	3.8342240764E-01
4.9139302880E+00	3.8318331678E-01
4.9265183846E+00	3.8294358593E-01
4.9391064812E+00	3.8270321479E-01
4.9516945779E+00	3.8246220300E-01
4.9642826745E+00	3.8222055021E-01
4.9768707711E+00	3.8197825608E-01
4.9894588677E+00	3.8173532026E-01
5.0020469644E+00	3.8149174239E-01
5.0146350610E+00	3.8124752213E-01
5.0272231576E+00	3.8100265912E-01
5.0398112543E+00	3.8075715303E-01
5.0523993509E+00	3.8051100349E-01
5.0649874475E+00	3.8026421016E-01
5.0775755441E+00	3.8001677269E-01
5.0901636408E+00	3.7976869072E-01
5.1027517374E+00	3.7951996392E-01
5.1153398340E+00	3.7927059194E-01
5.1279279306E+00	3.7902057441E-01
5.1405160273E+00	3.7876991099E-01
5.1531041239E+00	3.7851860134E-01
5.1656922205E+00	3.7826664510E-01
5.1782803171E+00	3.7801404193E-01
5.1908684138E+00	3.7776079145E-01
5.2034565104E+00	3.7750689328E-01
5.2160446070E+00	3.7725234700E-01
5.2286327036E+00	3.7699715219E-01
5.2412208003E+00	3.7674130843E-01
5.2538088969E+00	3.7648481532E-01
5.2663969935E+00	3.7622767243E-01
5.2789850902E+00	3.7596987936E-01
5.2915731868E+00	3.7571143569E-01
5.3041612834E+00	3.7545234101E-01
5.3167493800E+00	3.7519259489E-01
5.3293374767E+00	3.7493219694E-01
5.3419255733E+00	3.7467114672E-01
5.3545136699E+00	3.7440944383E-01
5.3671017665E+00	3.7414708786E-01
5.3796898632E+00	3.7388407838E-01
5.3922779598E+00	3.7362041499E-01
5.4048660564E+00	3.7335609727E-01
5.4174541530E+00	3.7309112480E-01
5.4300422497E+00	3.7282549718E-01
5.4426303463E+00	3.7255921398E-01
5.4552184429E+00	3.7229227477E-01
5.4678065395E+00	3.7202467909E-01
5.4803946362E+00	3.7175642642E-01
5.4929827328E+00	3.7148751627E-01
5.5055708294E+00	3.7121794816E-01
5.5181589260E+00	3.7094772159E-01
5.5307470227E+00	3.7067683605E-01
5.5433351193E+00	3.7040529107E-01
5.5559232159E+00	3.7013308613E-01
5.5685113126E+00	3.6986022076E-01
5.5810994092E+00	3.6958669445E-01
5.5936875058E+00	3.6931250671E-01
5.6062756024E+00	3.6903765704E-01
5.6188636991E+00	3.6876214496E-01
5.6314517957E+00	3.6848596996E-01
5.6440398923E+00	3.6820913155E-01
5.6566279889E+00	3.6793162924E-01
5.6692160856E+00	3.6765346254E-01
5.6818041822E+00	3.6737463094E-01
5.6943922788E+00	3.6709513396E-01
5.7069803754E+00	3.6681497110E-01
5.7195684721E+00	3.6653414186E-01
5.7321565687E+00	3.6625264570E-01
5.7447446653E+00	3.6597048203E-01
5.7573327619E+00	3.6568765026E-01
5.7699208586E+00	3.6540414979E-01
5.7825089552E+00	3.6511998002E-01
5.7950970518E+00	3.6483514037E-01
5.8076851485E+00	3.6454963024E-01
5.8202732451E+00	3.6426344904E-01
5.8328613417E+00	3.6397659617E-01
5.8454494383E+00	3.6368907103E-01
5.8580375350E+00	3.6340087304E-01
5.8706256316E+00	3.6311200160E-01
5.8832137282E+00	3.6282245612E-01
5.8958018248E+00	3.6253223600E-01
5.9083899215E+00	3.6224134064E-01
5.9209780181E+00	3.6194976946E-01
5.9335661147E+00	3.6165752186E-01
5.9461542113E+00	3.6136459725E-01
5.9587423080E+00	3.6107099502E-01
5.9713304046E+00	3.6077671460E-01
5.9839185012E+00	3.6048175538E-01
5.9965065978E+00	3.6018611677E-01
6.0090946945E+00	3.5988979813E-01
6.0216827911E+00	3.5959279876E-01
6.0342708877E+00	3.5929511794E-01
6.0468589844E+00	3.5899675495E-01
6.0594470810E+00	3.5869770906E-01
6.0720351776E+00	3.5839797956E-01
6.0846232742E+00	3.5809756573E-01
6.0972113709E+00	3.5779646684E-01
6.1097994675E+00	3.5749468219E-01
6.1223875641E+00	3.5719221105E-01
6.1349756607E+00	3.5688905270E-01
6.1475637574E+00	3.5658520642E-01
6.1601518540E+00	3.5628067149E-01
6.1727399506E+00	3.5597544720E-01
6.1853280472E+00	3.5566953281E-01
6.1979161439E+00	3.5536292762E-01
6.2105042405E+00	3.5505563091E-01
6.2230923371E+00	3.5474764195E-01
6.2356804337E+00	3.5443896003E-01
6.2482685304E+00	3.5412958442E-01
6.2608566270E+00	3.5381951440E-01
6.2734447236E+00	3.5350874927E-01
6.2860328203E+00	3.5319728829E-01
6.2986209169E+00	3.5288513069E-01
6.3112090135E+00	3.5257227560E-01
6.3237971101E+00	3.5225872213E-01
6.3363852068E+00	3.5194446942E-01
6.3489733034E+00	3.5162951657E-01
6.3615614000E+00	3.5131386271E-01
6.3741494966E+00	3.5099750697E-01
6.3867375933E+00	3.5068044845E-01
6.3993256899E+00	3.5036268628E-01
6.4119137865E+00	3.5004421958E-01
6.4245018831E+00	3.4972504747E-01
6.4370899798E+00	3.4940516908E-01
6.4496780764E+00	3.4908458351E-01
6.4622661730E+00	3.4876328990E-01
6.4748542696E+00	3.4844128736E-01
6.4874423663E+00	3.4811857501E-01
6.5000304629E+00	3.4779515197E-01
6.5126185595E+00	3.4747101737E-01
6.5252066561E+00	3.4714617032E-01
6.5377947528E+00	3.4682060994E-01
6.5503828494E+00	3.4649433535E-01
6.5629709460E+00	3.4616734568E-01
6.5755590427E+00	3.4583964005E-01
6.5881471393E+00	3.4551121756E-01
6.6007352359E+00	3.4518207721E-01
6.6133233325E+00	3.4485221792E-01
6.6259114292E+00	3.4452163860E-01
6.6384995258E+00	3.4419033816E-01
6.6510876224E+00	3.4385831550E-01
6.6636757190E+00	3.4352556954E-01
6.6762638157E+00	3.4319209919E-01
6.6888519123E+00	3.4285790337E-01
6.7014400089E+00	3.4252298097E-01
6.7140281055E+00	3.4218733092E-01
6.7266162022E+00	3.4185095212E-01
6.7392042988E+00	3.4151384348E-01
6.7517923954E+00	3.4117600392E-01
6.7643804920E+00	3.4083743235E-01
6.7769685887E+00	3.4049812767E-01
6.7895566853E+00	3.4015808880E-01
6.8021447819E+00	3.3981731465E-01
6.8147328786E+00	3.3947580412E-01
6.8273209752E+00	3.3913355614E-01
6.8399090718E+00	3.3879056960E-01
6.8524971684E+00	3.3844684343E-01
6.8650852651E+00	3.3810237653E-01
6.8776733617E+00	3.3775716781E-01
6.8902614583E+00	3.3741121619E-01
6.9028495549E+00	3.3706452051E-01
6.9154376516E+00	3.3671707946E-01
6.9280257482E+00	3.3636889167E-01
6.9406138448E+00	3.3601995576E-01
6.9532019414E+00	3.3567027038E-01
6.9657900381E+00	3.3531983415E-01
6.9783781347E+00	3.3496864572E-01
6.9909662313E+00	3.3461670372E-01
7.0035543279E+00	3.3426400678E-01
7.0161424246E+00	3.3391055353E-01
7.0287305212E+00	3.3355634262E-01
7.0413186178E+00	3.3320137267E-01
7.0539067145E+00	3.3284564231E-01
7.0664948111E+00	3.3248915019E-01
7.0790829077E+00	3.3213189494E-01
7.0916710043E+00	3.3177387519E-01
7.1042591010E+00	3.3141508957E-01
7.1168471976E+00	3.3105553672E-01
7.1294352942E+00	3.3069521528E-01
7.1420233908E+00	3.3033412387E-01
7.1546114875E+00	3.2997226114E-01
7.1671995841E+00	3.2960962571E-01
7.1797876807E+00	3.2924621622E-01
7.1923757773E+00	3.2888203131E-01
7.2049638740E+00	3.2851706961E-01
7.2175519706E+00	3.2815132966E-01
7.2301400672E+00	3.2778480979E-01
7.2427281638E+00	3.2741750826E-01
7.2553162605E+00	3.2704942334E-01
7.2679043571E+00	3.2668055330E-01
7.2804924537E+00	3.2631089642E-01
7.2930805504E+00	3.2594045096E-01
7.3056686470E+00	3.2556921520E-01
7.3182567436E+00	3.2519718741E-01
7.3308448402E+00	3.2482436586E-01
7.3434329369E+00	3.2445074883E-01
7.3560210335E+00	3.2407633457E-01
7.3686091301E+00	3.2370112137E-01
7.3811972267E+00	3.2332510750E-01
7.3937853234E+00	3.2294829122E-01
7.4063734200E+00	3.2257067081E-01
7.4189615166E+00	3.2219224453E-01
7.4315496132E+00	3.2181301067E-01
7.4441377099E+00	3.2143296749E-01
7.4567258065E+00	3.2105211327E-01
7.4693139031E+00	3.2067044626E-01
7.4819019997E+00	3.2028796476E-01
7.4944900964E+00	3.1990466702E-01
7.5070781930E+00	3.1952055132E-01
7.5196662896E+00	3.1913561592E-01
7.5322543862E+00	3.1874985887E-01
7.5448424829E+00	3.1836327800E-01
7.5574305795E+00	3.1797587110E-01
7.5700186761E+00	3.1758763599E-01
7.5826067728E+00	3.1719857046E-01
7.5951948694E+00	3.1680867232E-01
7.6077829660E+00	3.1641793937E-01
7.6203710626E+00	3.1602636942E-01
7.6329591593E+00	3.1563396028E-01
7.6455472559E+00	3.1524070973E-01
7.6581353525E+00	3.1484661560E-01
7.6707234491E+00	3.1445167568E-01
7.6833115458E+00	3.1405588778E-01
7.6958996424E+00	3.1365924970E-01
7.7084877390E+00	3.1326175924E-01
7.7210758356E+00	3.1286341422E-01
7.7336639323E+00	3.1246421243E-01
7.7462520289E+00	3.1206415168E-01
7.7588401255E+00	3.1166322977E-01
7.7714282221E+00	3.1126144451E-01
7.7840163188E+00	3.1085879370E-01
7.7966044154E+00	3.1045527514E-01
7.8091925120E+00	3.1005088664E-01
7.8217806087E+00	3.0964562601E-01
7.8343687053E+00	3.0923949089E-01
7.8469568019E+00	3.0883247854E-01
7.8595448985E+00	3.0842458610E-01
7.8721329952E+00	3.0801581073E-01
7.8847210918E+00	3.0760614960E-01
7.8973091884E+00	3.0719559986E-01
7.9098972850E+00	3.0678415867E-01
7.9224853817E+00	3.0637182318E-01
7.9350734783E+00	3.0595859056E-01
7.9476615749E+00	3.0554445796E-01
7.9602496715E+00	3.0512942255E-01
7.9728377682E+00	3.0471348148E-01
7.9854258648E+00	3.0429663191E-01
7.9980139614E+00	3.0387887099E-01
8.0106020580E+00	3.0346019590E-01
8.0231901547E+00	3.0304060377E-01
8.0357782513E+00	3.0262009178E-01
8.0483663479E+00	3.0219865708E-01
8.0609544446E+00	3.0177629683E-01
8.0735425412E+00	3.0135300819E-01
8.0861306378E+00	3.0092878832E-01
8.0987187344E+00	3.0050363437E-01
8.1113068311E+00	3.0007754351E-01
8.1238949277E+00	2.9965051288E-01
8.1364830243E+00	2.9922253947E-01
8.1490711209E+00	2.9879361976E-01
8.1616592176E+00	2.9836375012E-01
8.1742473142E+00	2.9793292697E-01
8.1868354108E+00	2.9750114669E-01
8.1994235074E+00	2.9706840567E-01
8.2120116041E+00	2.9663470031E-01
8.2245997007E+00	2.9620002700E-01
8.2371877973E+00	2.9576438214E-01
8.2497758939E+00	2.9532776211E-01
8.2623639906E+00	2.9489016332E-01
8.2749520872E+00	2.9445158214E-01
8.2875401838E+00	2.9401201499E-01
8.3001282805E+00	2.9357145824E-01
8.3127163771E+00	2.9312990830E-01
8.3253044737E+00	2.9268736155E-01
8.3378925703E+00	2.9224381439E-01
8.3504806670E+00	2.9179926322E-01
8.3630687636E+00	2.9135370442E-01
8.3756568602E+00	2.9090713439E-01
8.3882449568E+00	2.9045954953E-01
8.4008330535E+00	2.9001094622E-01
8.4134211501E+00	2.8956132085E-01
8.4260092467E+00	2.8911066978E-01
8.4385973433E+00	2.8865898860E-01
8.4511854400E+00	2.8820627232E-01
8.4637735366E+00	2.8775251593E-01
8.4763616332E+00	2.8729771443E-01
8.4889497298E+00	2.8684186282E-01
8.5015378265E+00	2.8638495608E-01
8.5141259231E+00	2.8592698922E-01
8.5267140197E+00	2.8546795723E-01
8.5393021163E+00	2.8500785511E-01
8.5518902130E+00	2.8454667784E-01
8.5644783096E+00	2.8408442043E-01
8.5770664062E+00	2.8362107788E-01
8.5896545029E+00	2.8315664517E-01
8.6022425995E+00	2.8269111730E-01
8.6148306961E+00	2.8222448926E-01
8.6274187927E+00	2.8175675606E-01
8.6400068894E+00	2.8128791269E-01
8.6525949860E+00	2.8081795413E-01
8.6651830826E+00	2.8034687540E-01
8.6777711792E+00	2.7987467148E-01
8.6903592759E+00	2.7940133736E-01
8.7029473725E+00	2.7892686805E-01
8.7155354691E+00	2.7845125854E-01
8.7281235657E+00	2.7797450382E-01
8.7407116624E+00	2.7749659889E-01
8.7532997590E+00	2.7701753874E-01
8.7658878556E+00	2.7653731837E-01
8.7784759522E+00	2.7605593278E-01
8.7910640489E+00	2.7557337695E-01
8.8036521455E+00	2.7508964585E-01
8.8162402421E+00	2.7460473335E-01
8.8288283388E+00	2.7411863222E-01
8.8414164354E+00	2.7363133520E-01
8.8540045320E+00	2.7314283500E-01
8.8665926286E+00	2.7265312436E-01
8.8791807253E+00	2.7216219599E-01
8.8917688219E+00	2.7167004263E-01
8.9043569185E+00	2.7117665699E-01
8.9169450151E+00	2.7068203180E-01
8.9295331118E+00	2.7018615979E-01
8.9421212084E+00	2.6968903368E-01
8.9547093050E+00	2.6919064619E-01
8.9672974016E+00	2.6869099006E-01
8.9798854983E+00	2.6819005800E-01
8.9924735949E+00	2.6768784275E-01
9.0050616915E+00	2.6718433702E-01
9.0176497881E+00	2.6667953354E-01
9.0302378848E+00	2.6617342503E-01
9.0428259814E+00	2.6566600423E-01
9.0554140780E+00	2.6515726385E-01
9.0680021747E+00	2.6464719662E-01
9.0805902713E+00	2.6413579526E-01
9.0931783679E+00	2.6362305251E-01
9.1057664645E+00	2.6310896108E-01
9.1183545612E+00	2.6259351370E-01
9.1309426578E+00	2.6207670309E-01
9.1435307544E+00	2.6155852186E-01
9.1561188510E+00	2.6103896084E-01
9.1687069477E+00	2.6051800965E-01
9.1812950443E+00	2.5999565787E-01
9.1938831409E+00	2.5947189508E-01
9.2064712375E+00	2.5894671086E-01
9.2190593342E+00	2.5842009479E-01
9.2316474308E+00	2.5789203645E-01
9.2442355274E+00	2.5736252543E-01
9.2568236240E+00	2.5683155130E-01
9.2694117207E+00	2.5629910365E-01
9.2819998173E+00	2.5576517205E-01
9.2945879139E+00	2.5522974609E-01
9.3071760105E+00	2.5469281535E-01
9.3197641072E+00	2.5415436940E-01
9.3323522038E+00	2.5361439784E-01
9.3449403004E+00	2.5307289024E-01
9.3575283971E+00	2.5252983617E-01
9.3701164937E+00	2.5198522523E-01
9.3827045903E+00	2.5143904700E-01
9.3952926869E+00	2.5089129105E-01
9.4078807836E+00	2.5034194696E-01
9.4204688802E+00	2.4979100432E-01
9.4330569768E+00	2.4923845271E-01
9.4456450734E+00	2.4868428152E-01
9.4582331701E+00	2.4812847768E-01
9.4708212667E+00	2.4757102630E-01
9.4834093633E+00	2.4701191246E-01
9.4959974599E+00	2.4645112126E-01
9.5085855566E+00	2.4588863776E-01
9.5211736532E+00	2.4532444704E-01
9.5337617498E+00	2.4475853419E-01
9.5463498464E+00	2.4419088429E-01
9.5589379431E+00	2.4362148242E-01
9.5715260397E+00	2.4305031366E-01
9.5841141363E+00	2.4247736309E-01
9.5967022330E+00	2.4190261579E-01
9.6092903296E+00	2.4132605683E-01
9.6218784262E+00	2.4074767131E-01
9.6344665228E+00	2.4016744431E-01
9.6470546195E+00	2.3958536089E-01
9.6596427161E+00	2.3900140615E-01
9.6722308127E+00	2.3841556516E-01
9.6848189093E+00	2.3782782300E-01
9.6974070060E+00	2.3723816476E-01
9.7099951026E+00	2.3664657551E-01
9.7225831992E+00	2.3605303870E-01
9.7351712958E+00	2.3545753362E-01
9.7477593925E+00	2.3486003896E-01
9.7603474891E+00	2.3426053339E-01
9.7729355857E+00	2.3365899557E-01
9.7855236823E+00	2.3305540417E-01
9.7981117790E+00	2.3244973788E-01
9.8106998756E+00	2.3184197535E-01
9.8232879722E+00	2.3123209527E-01
9.8358760689E+00	2.3062007629E-01
9.8484641655E+00	2.3000589710E-01
9.8610522621E+00	2.2938953636E-01
9.8736403587E+00	2.2877097274E-01
9.8862284554E+00	2.2815018492E-01
9.8988165520E+00	2.2752715157E-01
9.9114046486E+00	2.2690185135E-01
9.9239927452E+00	2.2627426293E-01
9.9365808419E+00	2.2564436500E-01
9.9491689385E+00	2.2501213622E-01
9.9617570351E+00	2.2437755387E-01
9.9743451317E+00	2.2374058913E-01
9.9869332284E+00	2.2310121154E-01
9.9995213250E+00	2.2245939059E-01
1.0012109422E+01	2.2181509582E-01
1.0024697518E+01	2.2116829673E-01
1.0037285615E+01	2.2051896285E-01
1.0049873711E+01	2.1986706369E-01
1.0062461808E+01	2.1921256877E-01
1.0075049905E+01	2.1855544761E-01
1.0087638001E+01	2.1789566971E-01
1.0100226098E+01	2.1723320461E-01
1.0112814195E+01	2.1656802182E-01
1.0125402291E+01	2.1590009085E-01
1.0137990388E+01	2.1522938123E-01
1.0150578485E+01	2.1455586246E-01
1.0163166581E+01	2.1387950407E-01
1.0175754678E+01	2.1320027429E-01
1.0188342774E+01	2.1251813293E-01
1.0200930871E+01	2.1183303645E-01
1.0213518968E+01	2.1114494130E-01
1.0226107064E+01	2.1045380393E-01
1.0238695161E+01	2.0975958080E-01
1.0251283258E+01	2.0906222833E-01
1.0263871354E+01	2.0836170300E-01
1.0276459451E+01	2.0765796123E-01
1.0289047547E+01	2.0695095949E-01
1.0301635644E+01	2.0624065422E-01
1.0314223741E+01	2.0552700186E-01
1.0326811837E+01	2.0480995888E-01
1.0339399934E+01	2.0408948171E-01
1.0351988031E+01	2.0336552680E-01
1.0364576127E+01	2.0263805001E-01
1.0377164224E+01	2.0190699746E-01
1.0389752320E+01	2.0117230719E-01
1.0402340417E+01	2.0043391702E-01
1.0414928514E+01	1.9969176479E-01
1.0427516610E+01	1.9894578831E-01
1.0440104707E+01	1.9819592540E-01
1.0452692804E+01	1.9744211388E-01
1.0465280900E+01	1.9668429157E-01
1.0477868997E+01	1.9592239631E-01
1.0490457093E+01	1.9515636590E-01
1.0503045190E+01	1.9438613816E-01
1.0515633287E+01	1.9361165093E-01
1.0528221383E+01	1.9283284202E-01
1.0540809480E+01	1.9204964488E-01
1.0553397577E+01	1.9126197531E-01
1.0565985673E+01	1.9046974470E-01
1.0578573770E+01	1.8967286444E-01
1.0591161866E+01	1.8887124590E-01
1.0603749963E+01	1.8806480047E-01
1.0616338060E+01	1.8725343952E-01
1.0628926156E+01	1.8643707444E-01
1.0641514253E+01	1.8561561661E-01
1.0654102350E+01	1.8478897740E-01
1.0666690446E+01	1.8395706821E-01
1.0679278543E+01	1.8311980041E-01
1.0691866639E+01	1.8227708003E-01
1.0704454736E+01	1.8142878836E-01
1.0717042833E+01	1.8057479953E-01
1.0729630929E+01	1.7971498769E-01
1.0742219026E+01	1.7884922696E-01
1.0754807123E+01	1.7797739149E-01
1.0767395219E+01	1.7709935541E-01
1.0779983316E+01	1.7621499287E-01
1.0792571412E+01	1.7532417799E-01
1.0805159509E+01	1.7442678492E-01
1.0817747606E+01	1.7352268758E-01
1.0830335702E+01	1.7261174225E-01
1.0842923799E+01	1.7169377436E-01
1.0855511896E+01	1.7076860619E-01
1.0868099992E+01	1.6983606007E-01
1.0880688089E+01	1.6889595830E-01
1.0893276185E+01	1.6794812319E-01
1.0905864282E+01	1.6699237705E-01
1.0918452379E+01	1.6602854218E-01
1.0931040475E+01	1.6505644089E-01
1.0943628572E+01	1.6407588770E-01
1.0956216669E+01	1.6308665108E-01
1.0968804765E+01	1.6208848267E-01
1.0981392862E+01	1.6108113406E-01
1.0993980958E+01	1.6006435687E-01
1.1006569055E+01	1.5903790269E-01
1.1019157152E+01	1.5800152314E-01
1.1031745248E+01	1.5695496981E-01
1.1044333345E+01	1.5589799141E-01
1.1056921442E+01	1.5483028762E-01
1.1069509538E+01	1.5375151745E-01
1.1082097635E+01	1.5266133866E-01
1.1094685731E+01	1.5155940902E-01
1.1107273828E+01	1.5044538629E-01
1.1119861925E+01	1.4931892823E-01
1.1132450021E+01	1.4817969223E-01
1.1145038118E+01	1.4702729700E-01
1.1157626215E+01	1.4586128969E-01
1.1170214311E+01	1.4468120967E-01
1.1182802408E+01	1.4348659634E-01
1.1195390504E+01	1.4227698910E-01
1.1207978601E+01	1.4105192732E-01
1.1220566698E+01	1.3981093608E-01
1.1233154794E+01	1.3855344981E-01
1.1245742891E+01	1.3727886752E-01
1.1258330988E+01	1.3598658814E-01
1.1270919084E+01	1.3467601062E-01
1.1283507181E+01	1.3334653365E-01
1.1296095277E+01	1.3199751268E-01
1.1308683374E+01	1.3062820917E-01
1.1321271471E+01	1.2923787223E-01
1.1333859567E+01	1.2782575100E-01
1.1346447664E+01	1.2639109420E-01
1.1359035761E+01	1.2493310599E-01
1.1371623857E+01	1.2345090463E-01
1.1384211954E+01	1.2194359860E-01
1.1396800051E+01	1.2041029639E-01
1.1409388147E+01	1.1885008549E-01
1.1421976244E+01	1.1726193628E-01
1.1434564340E+01	1.1564477856E-01
1.1447152437E+01	1.1399754211E-01
1.1459740534E+01	1.1231908893E-01
1.1472328630E+01	1.1060804032E-01
1.1484916727E+01	1.0886293669E-01
1.1497504824E+01	1.0708192356E-01
1.1510092920E+01	1.0526278812E-01
1.1522681017E+01	1.0340248502E-01
1.1535269113E+01	1.0149700064E-01
1.1547857210E+01	9.9540398323E-02
1.1560445307E+01	9.7524097071E-02
1.1573033403E+01	9.5435220526E-02
1.1585621500E+01	9.3253828593E-02
1.1598209597E+01	9.0949655215E-02
1.1610797693E+01	8.8471231224E-02
1.1623385790E+01	8.5739176161E-02
1.1635973886E+01	8.2620107642E-02
1.1648561983E+01	7.8918922908E-02
1.1661150080E+01	7.4484981417E-02
1.1673738176E+01	6.9548926988E-02
1.1686326273E+01	6.4620202496E-02
1.1698914370E+01	5.9918788431E-02
1.1711502466E+01	5.5425921851E-02
1.1724090563E+01	5.1090725107E-02
1.1736678659E+01	4.6889991289E-02
1.1749266756E+01	4.2830597572E-02
1.1761854853E+01	3.8940384752E-02
1.1774442949E+01	3.5256464988E-02
1.1787031046E+01	3.1813779241E-02
1.1799619143E+01	2.8636552745E-02
1.1812207239E+01	2.5734489192E-02
1.1824795336E+01	2.3103545845E-02
1.1837383432E+01	2.0729459931E-02
1.1849971529E+01	1.8591949012E-02
1.1862559626E+01	1.6668257063E-02
1.1875147722E+01	1.4935596287E-02
1.1887735819E+01	1.3372568866E-02
1.1900323916E+01	1.1959842327E-02
1.1912912012E+01	1.0680357078E-02
1.1925500109E+01	9.5192722034E-03
1.1938088205E+01	8.4637842050E-03
1.1950676302E+01	7.5028972853E-03
1.1963264399E+01	6.6271877446E-03
1.1975852495E+01	5.8285865368E-03
1.1988440592E+01	5.1001847242E-03
1.2001028689E+01	4.4360678992E-03
1.2013616785E+01	3.8311760311E-03
1.2026204882E+01	3.2811888962E-03
1.2038792978E+01	2.7824347389E-03
1.2051381075E+01	2.3318236051E-03
1.2063969172E+01	1.9268096302E-03
1.2076557268E+01	1.5653962446E-03
1.2089145365E+01	1.2462072944E-03
1.2101733462E+01	9.6862693374E-04
1.2114321558E+01	7.3275905467E-04
1.2126909655E+01	5.3778978338E-04
1.2139497751E+01	3.7699954854E-04
1.2152085848E+01	2.8093718275E-04
1.2164673945E+01	2.4006048468E-04
1.2177262041E+01	2.1140910853E-04
1.2189850138E+01	1.8668795772E-04
1.2202438235E+01	1.6404914099E-04
1.2215026331E+01	1.4328016929E-04
1.2227614428E+01	1.2454083059E-04
1.2240202524E+01	1.0790153887E-04
1.2252790621E+01	9.3270943675E-05
1.2265378718E+01	8.0462069693E-05
1.2277966814E+01	6.9259908297E-05
1.2290554911E+01	5.9458826704E-05
1.2303143008E+01	5.0877130699E-05
1.2315731104E+01	4.3359790589E-05
1.2328319201E+01	3.6776250136E-05
1.2340907297E+01	3.1016683078E-05
1.2353495394E+01	2.5988160176E-05
1.2366083491E+01	2.1611247966E-05
1.2378671587E+01	1.7817178559E-05
1.2391259684E+01	1.4545572161E-05
1.2403847781E+01	1.1742639144E-05
1.2416435877E+01	9.3597912575E-06
1.2429023974E+01	7.3525845654E-06
1.2441612070E+01	5.6799375007E-06
1.2454200167E+01	4.3035731733E-06
1.2466788264E+01	3.1876441180E-06
1.2479376360E+01	2.2985028837E-06
1.2491964457E+01	1.6045874515E-06
1.2504552554E+01	1.0763937855E-06
1.2517140650E+01	6.8650918202E-07
1.2529728747E+01	4.0968432207E-07
1.2542316843E+01	2.2292312322E-07
1.2554904940E+01	1.0557208089E-07
1.2567493037E+01	3.9393091553E-08
1.2580081133E+01	8.6073426533E-09
1.2592669230E+01	4.6813526684E-15
