0.00001584893192461114	5.14584480085915	0.5145844800859151	0.2737151489818697	0.21089527872373565
0.000019952623149688786	6.4115802105316195	0.641158021053162	0.34104150056019256	0.2627696807594926
0.000025118864315095822	8.24720578496456	0.824720578496456	0.43868115877471064	0.33800023708871146
0.000031622776601683795	10.451162744483758	1.0451162744483757	0.5559129119406254	0.4283263419870392
0.000039810717055349776	13.15673641620606	1.315673641620606	0.6998264051173437	0.539210508860904
0.00005011872336272725	16.691395643452775	1.6691395643452775	0.8878401938006796	0.6840735919447858
0.00006309573444801943	20.851481792436783	2.0851481792436783	1.1091213719381268	0.8545689259195403
0.00007943282347242822	26.30890343756896	2.6308903437568962	1.3994097573174982	1.0782337474413508
0.0001	33.072095618362724	3.307209561836272	1.7591540222533364	1.355413754850931
0.00012589254117941674	41.63307965313221	4.163307965313221	2.214525513464479	1.70627375627591
0.00015848931924611142	52.45149499037767	5.245149499037766	2.7899731377860464	2.1496514340318713
0.0001995262314968881	66.10250676182278	6.610250676182278	3.51609078520334	2.7091191295829007
0.0002511886431509582	83.11420548556869	8.31142054855687	4.4209683768919525	3.4063198969495363
0.00031622776601683794	104.74019906474628	10.474019906474627	5.571287184295016	4.292631109210912
0.00039810717055349773	131.68725860139892	13.168725860139894	7.004641414968029	5.3970187951393
0.0005011872336272725	165.93874165630615	16.593874165630616	8.826528811505646	6.800768100668284
0.0006309573444801936	208.8486429669605	20.88486429669605	11.108970370583007	8.55937061340002
0.0007943282347242822	262.53632399919155	26.25363239991916	13.964698085063382	10.759685409802932
0.001	330.7513572630179	33.07513572630179	17.59315730122436	13.555383494385978
0.0012589254117941688	415.74065600839367	41.57406560083937	22.11386468129754	17.038551475753838
0.001584893192461114	525.3620453588408	52.536204535884075	27.944789646746848	21.531231367165603
0.0019952623149688807	660.7754947221017	66.07754947221017	35.147632697984136	27.08096289844679
0.002511886431509582	831.9169059838215	83.19169059838215	44.250899254458595	34.09495516327137
0.0031622776601683824	1046.350029593942	104.63500295939421	55.65691646776288	42.88319793417795
0.003981071705534978	1315.9295068282618	131.59295068282617	69.99625036320542	53.93153716509269
0.005011872336272725	1660.4040392917625	166.04040392917625	88.31936379211504	68.04934587261322
0.006309573444801936	2087.5260493048063	208.75260493048063	111.03861964387268	85.55434628298386
0.00794328234724282	2620.793384879369	262.0793384879369	139.4039034510303	107.4095649540725
0.01000000000000001	3287.133844689439	328.7133844689439	174.84754493028933	134.7186001921901
0.012589254117941687	4118.420534367049	411.84205343670493	219.06492204080052	168.7877268183217
0.01584893192461114	5163.0505359002	516.3050535900201	274.630347654266	211.60043179918853
0.01995262314968881	6442.91786282378	644.291786282378	342.7083969587117	264.0540107714664
0.025118864315095822	8106.720890279866	810.6720890279865	431.20855799360993	332.2426594376994
0.031622776601683826	10118.2856812934	1011.82856812934	538.206685175181	414.6838393972705
0.039810717055349776	12631.369437584879	1263.1369437584879	671.8813530630255	517.6790753108556
0.05011872336272725	15807.976977412349	1580.797697741235	840.8498392240612	647.8679089103422
0.06309573444801936	19676.949330282936	1967.6949330282937	1046.6462409724966	806.4323496017596
0.07943282347242822	24359.30015821103	2435.930015821103	1295.7074552239912	998.3319736971733
0.1000000000000001	30091.766445733392	3009.176644573339	1600.6258747730528	1233.2691166284176
0.12589254117941687	36935.25113642382	3693.525113642382	1964.6410178948843	1513.7398006731073
0.15848931924611143	44619.679444459165	4461.967944445917	2373.387204492509	1828.6753870679986
0.19952623149688828	54601.316067817505	5460.131606781751	2904.3253227562504	2237.7588552384223
0.25118864315095824	64912.73501072232	6491.273501072232	3452.8050537618255	2660.357992242718
0.31622776601683794	77770.30978527172	7777.030978527172	4136.71860559956	3187.307778084906
0.39810717055349776	91389.96129409077	9138.996129409077	4861.168153940999	3745.490216970933
0.5011872336272725	106428.04922441432	10642.804922441434	5661.066448107145	4361.805296082554
0.6309573444801942	119552.16813264572	11955.216813264573	6359.15787939605	4899.679021829743
0.7943282347242822	129861.4878341851	12986.14878341851	6907.525948626868	5322.192124351848
1.000000000000002	140095.24504834332	14009.524504834331	7451.874736614007	5741.608403620627
1.2589254117941688	148225.81304581184	14822.581304581185	7884.35175775595	6074.828403516878
1.584893192461114	154708.8871141658	15470.888711416581	8229.196123093927	6340.528160416631
1.9952623149688828	160542.50525358407	16054.250525358408	8539.494960297026	6579.610871048528
2.5118864315095824	164795.4391531116	16479.543915311162	8765.714848569767	6753.911440701295
3.1622776601683857	167750.72577462427	16775.07257746243	8922.91094545874	6875.02974486165
3.9810717055349776	169333.1699510963	16933.31699510963	9007.083508037038	6939.884014389192
5.011872336272725	169454.72649025716	16945.472649025716	9013.54928139666	6944.865839764638
6.309573444801943	168270.2082254427	16827.020822544273	8950.54299071504	6896.320009239455
7.943282347242821	165868.98239852895	16586.898239852893	8822.818212687711	6797.909114693809
10.000000000000021	162422.81282782965	16242.281282782966	8639.511320629237	6656.672656878264
12.589254117941687	158118.2619748356	15811.82619748356	8410.545849725298	6480.256638312934
15.848931924611142	153129.16046456672	15312.916046456674	8145.16810981738	6275.785264941259
19.95262314968883	147652.8317913478	14765.28317913478	7853.874031454671	6051.345565219172
25.11886431509582	141823.3387026458	14182.33387026458	7543.794611842862	5812.43191404286
31.622776601683857	135791.05568491344	13579.105568491344	7222.928493878375	5565.20720020137
39.81071705534978	129664.77721802559	12966.47772180256	6897.062617980085	5314.1302138535075
50.11872336272725	123545.16084883794	12354.516084883795	6571.551108980742	5063.326264296637
63.09573444801943	117506.43207472264	11750.643207472263	6250.342131634184	4815.837380111583
79.43282347242821	111603.44971233113	11160.344971233115	5936.353708102721	4573.9118734561935
100.0000000000002	105865.00953414207	10586.500953414206	5631.117528411813	4338.729898940248
125.89254117941688	100317.44528216726	10031.744528216726	5336.034323519536	4111.3707082855435
158.48931924611142	95002.85791440049	9500.28579144005	5053.343506085133	3893.5597505901837
199.5262314968883	89920.7960724086	8992.07960724086	4783.0210676813085	3685.278527557729
251.18864315095823	85048.73350040863	8504.873350040863	4523.868803213226	3485.6038319839604
316.2277660168386	80423.43826418693	8042.3438264186925	4277.842460861008	3296.0425518109396
398.1071705534977	76023.53445885418	7602.353445885418	4043.805024407138	3115.718625362876
501.18723362727246	71832.18757716057	7183.218757716058	3820.861041338329	2943.9421138180564
630.9573444801943	67860.80487313202	6786.080487313202	3609.617280485746	2781.1805275873776
794.3282347242822	64112.060243552514	6411.206024355251	3410.21597040173	2627.543452604611
1000.000000000002	60548.55969724447	6054.855969724447	3220.668069002366	2481.498348247724
1258.9254117941687	57168.610468458544	5716.861046845855	3040.883535556306	2342.9758388712517
1584.893192461114	53987.73078756147	5398.773078756148	2871.687807849015	2212.611917523011
1995.2623149688789	50964.7964288451	5096.47964288451	2710.893427066229	2088.721165116602
2511.8864315095875	48066.41181174872	4806.641181174873	2556.724032539826	1969.9349103175707
3162.277660168386	45165.97950523501	4516.597950523501	2402.4457183635645	1851.064733821107
3981.0717055349774	42281.70309420798	4228.170309420798	2249.026760330212	1732.8566841888514
5011.872336272725	39617.356651770235	3961.7356651770233	2107.3062048813954	1623.6621578594356
6309.57344480193	36608.210711778986	3660.821071177899	1947.245250626542	1500.3365045811058
7943.282347242838	34071.92462718089	3407.192462718089	1812.3364163394092	1396.3903535729871
10000.00000000002	30156.67736369388	3015.667736369388	1604.0785831752066	1235.9294001513886
12589.254117941688	28937.335907276974	2893.7335907276974	1539.2199950679244	1185.9563896424988
15848.93192461114	26246.73132495119	2624.6731324951193	1396.1027300505955	1075.6857100389832
19952.62314968879	25293.317325087322	2529.3317325087323	1345.3892194195384	1036.6113657822673
25118.864315095874	23004.723441995786	2300.4723441995784	1223.6555022338184	942.8165345080239
31622.776601683858	22230.193359427583	2223.0193359427585	1182.4570935865738	911.073498337196
39810.71705534977	19357.661620576237	1935.7661620576237	1029.6628521583107	793.3467877285343
50118.72336272725	18283.267252658447	1828.3267252658447	972.5142155669388	749.3142316663298
63095.73444801956	18797.54958469737	1879.7549584697374	999.8696587604986	770.3913764220234
79432.82347242838	16419.874348143614	1641.9874348143617	873.3975717097669	672.9456700058859
100000.0000000002	16215.325703686196	1621.5325703686196	862.5173246641594	664.5625288395981