0.00001584893192461114	80.75045626251497	8.075045626251496	4.295237035240158
0.000019952623149688786	94.9850212693886	9.49850212693886	5.052394748371734
0.000025118864315095822	115.34507278864555	11.534507278864554	6.135376212161997
0.000031622776601683795	137.99379619337756	13.799379619337754	7.340095542200934
0.000039810717055349776	164.0010306396617	16.40010306396617	8.72345907657775
0.00005011872336272725	196.4243802836029	19.64243802836029	10.448105334234196
0.00006309573444801943	231.65683857429292	23.16568385742929	12.322172264590048
0.00007943282347242822	275.9420111625696	27.594201116256958	14.677766551200511
0.0001	327.4805029001474	32.74805029001474	17.419175686178054
0.00012589254117941674	389.2003007964747	38.92003007964747	20.70214365938695
0.00015848931924611142	462.92029067003585	46.292029067003575	24.623419716491266
0.0001995262314968881	550.786822394351	55.07868223943509	29.297171403954838
0.0002511886431509582	653.8266267455217	65.38266267455217	34.77801206093201
0.00031622776601683794	777.9077466168947	77.79077466168945	41.378071628558224
0.00039810717055349773	923.4064210293506	92.34064210293505	49.117362820710134
0.0005011872336272725	1098.601686189461	109.86016861894608	58.436259903694726
0.0006309573444801936	1305.5053749306244	130.55053749306242	69.44177526226726
0.0007943282347242822	1549.5480080851212	154.9548008085121	82.42276638750644
0.001	1843.3322620906217	184.33322620906216	98.04958840907562
0.0012589254117941688	2187.9284967617637	218.79284967617636	116.37917535966828
0.001584893192461114	2610.994599622508	261.09945996225076	138.88269146928232
0.0019952623149688807	3101.5090898501094	310.1509089850109	164.97388775798453
0.002511886431509582	3688.2057089433147	368.8205708943314	196.18115473102736
0.0031622776601683824	4382.114444144969	438.2114444144968	233.0911938374983
0.003981071705534978	5206.91479823624	520.6914798236239	276.96355309767233
0.005011872336272725	6208.546377101576	620.8546377101575	330.2418285692327
0.006309573444801936	7378.115498283364	737.8115498283363	392.45295203634913
0.00794328234724282	8758.304433084491	875.830443308449	465.86725707896227
0.01000000000000001	10390.784425548265	1039.0784425548266	552.7012992312907
0.012589254117941687	12320.173089986358	1232.0173089986358	655.3283558503382
0.01584893192461114	14625.475116450401	1462.54751164504	777.9508040665107
0.01995262314968881	17295.290832258866	1729.5290832258866	919.9622783116419
0.025118864315095822	20641.01126753305	2064.1011267533045	1097.9261312517579
0.031622776601683826	24463.637825594047	2446.363782559404	1301.2573311486194
0.039810717055349776	29039.26666270036	2903.9266662700356	1544.6418437606574
0.05011872336272725	34613.603201802194	3461.360320180219	1841.14910647884
0.06309573444801936	41116.44217798182	4111.644217798182	2187.0447967011605
0.07943282347242822	48687.10472744499	4868.7104727444985	2589.7396131619676
0.1000000000000001	57683.974030211735	5768.397403021173	3068.2964909687093
0.12589254117941687	68114.74401003517	6811.474401003516	3623.124681384849
0.15848931924611143	79435.84996746064	7943.584996746064	4225.311168481949
0.19952623149688828	94195.40202678525	9419.540202678523	5010.393724829002
0.25118864315095824	108959.20943834574	10895.920943834573	5795.702629699242
0.31622776601683794	127560.977547921	12756.0977547921	6785.158380208563
0.39810717055349776	147126.10078663277	14712.610078663276	7825.856424820892
0.5011872336272725	168916.46610035573	16891.64661003557	8984.918409593389
0.6309573444801942	187901.39969333776	18790.139969333773	9994.755302837115
0.7943282347242822	203013.15885008444	20301.31588500844	10798.57227925981
1.000000000000002	218795.16797917229	21879.516797917226	11638.040849955973
1.2589254117941688	232276.15555158025	23227.615555158023	12355.114656998949
1.584893192461114	244325.69215252605	24432.569215252603	12996.047454921598
1.9952623149688828	256650.2628174689	25665.026281746887	13651.609724333452
2.5118864315095824	267874.9309456054	26787.493094560534	14248.66653965986
3.1622776601683857	278494.60121732624	27849.460121732624	14813.542617942885
3.9810717055349776	288371.1589193614	28837.115891936137	15338.891431880926
5.011872336272725	297260.9023610654	29726.090236106535	15811.750125588584
6.309573444801943	305261.59471619833	30526.15947161983	16237.31886788289
7.943282347242821	312304.572277066	31230.457227706596	16611.945333886488
10.000000000000021	318432.74524744885	31843.27452474488	16937.911981247278
12.589254117941687	323707.64655851544	32370.76465585154	17218.491838218906
15.848931924611142	328175.38862266636	32817.53886226663	17456.137692695018
19.95262314968883	331960.4801070617	33196.04801070617	17657.472346120303
25.11886431509582	335091.56333531236	33509.15633353123	17824.019326346403
31.622776601683857	337678.86662911833	33767.88666291183	17961.64184197438
39.81071705534978	339785.66944967693	33978.56694496769	18073.705821791325
50.11872336272725	341504.4796922421	34150.44796922421	18165.131898523516
63.09573444801943	342906.9237065084	34290.69237065084	18239.729984388745
79.43282347242821	344052.77987840696	34405.277987840695	18300.679780766328
100.0000000000002	344957.8231621476	34495.78231621476	18348.8203809653
125.89254117941688	345655.81365098257	34565.58136509825	18385.94753462673
158.48931924611142	346265.01507269515	34626.50150726951	18418.35186556889
199.5262314968883	346782.63328841067	34678.263328841065	18445.884749383546
251.18864315095823	347125.74515059235	34712.574515059234	18464.135380350657
316.2277660168386	347456.5225661261	34745.6522566126	18481.72992373011
398.1071705534977	347717.24913363875	34771.72491336387	18495.598358172272
501.18723362727246	347861.70604477136	34786.170604477134	18503.28223642401
630.9573444801943	347980.5089941236	34798.05089941236	18509.601542240616
794.3282347242822	348140.9405348396	34814.094053483954	18518.135134831893
1000.000000000002	348195.66161920864	34819.56616192086	18521.04583080897
1258.9254117941687	348177.7484081314	34817.77484081314	18520.09300043252
1584.893192461114	348239.4134224575	34823.941342245744	18523.373054386037
1995.2623149688789	348180.98250494373	34818.098250494375	18520.26502685871
2511.8864315095875	347806.93706817133	34780.693706817125	18500.368992987835
3162.277660168386	346160.5775890822	34616.05775890821	18412.796680270327
3981.0717055349774	343237.33654205204	34323.7336542052	18257.305135215534
5011.872336272725	340649.9910974773	34064.99910974773	18119.68037752539
6309.57344480193	333415.7909208445	33341.579092084445	17734.8824957896
7943.282347242838	328694.3461799761	32869.43461799761	17483.741818083836
10000.00000000002	308155.1638777842	30815.516387778418	16391.232121158733
12589.254117941688	313210.90403902554	31321.090403902548	16660.15447016093
15848.93192461114	300917.53116213053	30091.753116213047	16006.251657560133
19952.62314968879	307166.0701627192	30716.607016271915	16338.620753336127
25118.864315095874	295924.3065221953	29592.430652219526	15740.654602244429
31622.776601683858	302903.179028213	30290.3179028213	16111.871224904948
39810.71705534977	279390.1317227729	27939.01317227729	14861.17721929643
50118.72336272725	279518.18147903925	27951.818147903923	14867.988376544641
63095.73444801956	304407.9366114486	30440.793661144857	16191.911521885562
79432.82347242838	281658.7985956684	28165.879859566838	14981.850989131297
100000.0000000002	294630.827001081	29463.082700108098	15671.8525000575