0.00001584893192461114	104.80378365985985	10.480378365985985	5.574669343609567	4.295237035240158
0.000019952623149688786	123.2784318602703	12.32784318602703	6.557363396822889	5.052394748371734
0.000025118864315095822	149.70317957675272	14.970317957675272	7.9629350838698265	6.135376212161997
0.000031622776601683795	179.09833122970278	17.909833122970277	9.52650698030334	7.340095542200934
0.000039810717055349776	212.8524014684971	21.28524014684971	11.321936248324315	8.72345907657775
0.00005011872336272725	254.93377015531436	25.493377015531436	13.56030692315502	10.448105334234196
0.00006309573444801943	300.6610032559972	30.066100325599717	15.992606556170061	12.322172264590048
0.00007943282347242822	358.13750384929244	35.81375038492924	19.049867226026194	14.677766551200511
0.0001	425.0278867427445	42.50278867427445	22.607866316103433	17.419175686178054
0.00012589254117941674	505.1323052890416	50.51323052890416	26.86873964303413	20.70214365938695
0.00015848931924611142	600.8114410823869	60.08114410823869	31.958055376722708	24.623419716491266
0.0001995262314968881	714.850982256498	71.4850982256498	38.023988417898835	29.297171403954838
0.0002511886431509582	848.5834942867409	84.85834942867409	45.1374199088692	34.77801206093201
0.00031622776601683794	1009.6249477368207	100.96249477368207	53.70345466685216	41.378071628558224
0.00039810717055349773	1198.4636528253272	119.84636528253273	63.74806663964507	49.117362820710134
0.0005011872336272725	1425.8447416501513	142.58447416501514	75.84280540692293	58.436259903694726
0.0006309573444801936	1694.379316399321	169.4379316399321	90.1265593829426	69.44177526226726
0.0007943282347242822	2011.1154998551572	201.11154998551572	106.97422871569985	82.42276638750644
0.001	2392.409957181445	239.24099571814452	127.25584878624709	98.04958840907562
0.0012589254117941688	2839.651878775906	283.9651878775906	151.04531270084607	116.37917535966828
0.001584893192461114	3388.7376718504884	338.87376718504885	180.2520038218345	138.88269146928232
0.0019952623149688807	4025.3628612948223	402.5362861294822	214.1150458135544	164.97388775798453
0.002511886431509582	4786.8201754370675	478.68201754370676	254.6180944381419	196.18115473102736
0.0031622776601683824	5687.4251296349585	568.7425129634959	302.52261327845525	233.0911938374983
0.003981071705534978	6757.910695583205	675.7910695583205	359.46333487144705	276.96355309767233
0.005011872336272725	8057.900617089278	805.7900617089279	428.61173495155737	330.2418285692327
0.006309573444801936	9575.852029686917	957.5852029686919	509.35383136632544	392.45295203634913
0.00794328234724282	11367.161072726678	1136.7161072726678	604.6362272726957	465.86725707896227
0.01000000000000001	13485.911701243493	1348.5911701243492	717.3357287895475	552.7012992312907
0.012589254117941687	15990.011882748251	1599.0011882748252	850.5325469546942	655.3283558503382
0.01584893192461114	18981.99961922286	1898.199961922286	1009.6808308097267	777.9508040665107
0.01995262314968881	22447.07959080406	2244.707959080406	1193.9935952555352	919.9622783116419
0.025118864315095822	26789.39760254289	2678.939760254289	1424.9679575820687	1097.9261312517579
0.031622776601683826	31750.678880026313	3175.067888002631	1688.86589787374	1301.2573311486194
0.039810717055349776	37689.26098776004	3768.926098776004	2004.7479248808531	1544.6418437606574
0.05011872336272725	44924.03819808369	4492.403819808369	2389.576499898069	1841.14910647884
0.06309573444801936	53363.893039508315	5336.389303950831	2838.504948910017	2187.0447967011605
0.07943282347242822	63189.646561152	6318.9646561152	3361.1514128272343	2589.7396131619676
0.1000000000000001	74866.4343796365	7486.64343796365	3982.257147853006	3068.2964909687093
0.12589254117941687	88404.24222579031	8840.424222579031	4702.353309882464	3623.124681384849
0.15848931924611143	103097.59251095954	10309.759251095955	5483.914495263805	4225.311168481949
0.19952623149688828	122253.60688582764	12225.360688582765	6502.851430097216	5010.393724829002
0.25118864315095824	141415.1441646615	14141.514416466149	7522.082136418165	5795.702629699242
0.31622776601683794	165557.86447708894	16555.786447708895	8806.269387079199	6785.158380208563
0.39810717055349776	190950.89676562976	19095.089676562977	10156.962593916476	7825.856424820892
0.5011872336272725	219232.00919407868	21923.200919407867	11661.27708479142	8984.918409593389
0.6309573444801942	243872.0293892256	24387.20293892256	12971.916456873701	9994.755302837115
0.7943282347242822	263485.16361393937	26348.516361393937	14015.1682773372	10798.57227925981
1.000000000000002	283968.1967389257	28396.819673892573	15104.691315900305	11638.040849955973
1.2589254117941688	301464.7976307743	30146.479763077434	16035.361576105019	12355.114656998949
1.584893192461114	317103.557900087	31710.355790008696	16867.21052660037	12996.047454921598
1.9952623149688828	333099.2772737362	33309.92772737362	17718.046663496607	13651.609724333452
2.5118864315095824	347667.4635677006	34766.746356770054	18492.95018977131	14248.66653965986
3.1622776601683857	361450.43987780635	36145.04398778064	19226.087227542892	14813.542617942885
3.9810717055349776	374268.9509378946	37426.895093789455	19907.922922228434	15338.891431880926
5.011872336272725	385806.7030643614	38580.67030643614	20521.63314172135	15811.750125588584
6.309573444801943	396190.5803763425	39619.05803763425	21073.967041294814	16237.31886788289
7.943282347242821	405331.4661468303	40533.14661468303	21560.18436951225	16611.945333886488
10.000000000000021	413285.05234243354	41328.505234243356	21983.24746502306	16937.911981247278
12.589254117941687	420131.2008525413	42013.12008525413	22347.40430066709	17218.491838218906
15.848931924611142	425929.7597017584	42592.975970175845	22655.838282008426	17456.137692695018
19.95262314968883	430842.32524533535	43084.23252453354	22917.144959858266	17657.472346120303
25.11886431509582	434906.0715628522	43490.60715628522	23133.30167887512	17824.019326346403
31.622776601683857	438264.0609441748	43826.406094417485	23311.918135328448	17961.64184197438
39.81071705534978	440998.42205170833	44099.84220517083	23457.36287509087	18073.705821791325
50.11872336272725	443229.21832397376	44322.92183239738	23576.0222512752	18165.131898523516
63.09573444801943	445049.41161908535	44504.94116190854	23672.84104356837	18239.729984388745
79.43282347242821	446536.5866506984	44653.65866506984	23751.946098441404	18300.679780766328
100.0000000000002	447711.21729555324	44771.12172955533	23814.426451891133	18348.8203809653
125.89254117941688	448617.11984489224	44861.71198448922	23862.612757707033	18385.94753462673
158.48931924611142	449407.7855198809	44940.77855198809	23904.669442546856	18418.35186556889
199.5262314968883	450079.5878849585	45007.95878849585	23940.40361090205	18445.884749383546
251.18864315095823	450524.903280556	45052.4903280556	23964.090600029576	18464.135380350657
316.2277660168386	450954.21013901464	45095.42101390146	23986.926071224185	18481.72992373011
398.1071705534977	451292.5999394034	45129.259993940344	24004.92552869167	18495.598358172272
501.18723362727246	451480.0865687458	45148.00865687458	24014.898221741798	18503.28223642401
630.9573444801943	451634.277630671	45163.427763067106	24023.099873971863	18509.601542240616
794.3282347242822	451842.49728989817	45184.24972898982	24034.17538776054	18518.135134831893
1000.000000000002	451913.51827173884	45191.35182717389	24037.95309956058	18521.04583080897
1258.9254117941687	451890.26921055344	45189.026921055345	24036.716447369865	18520.09300043252
1584.893192461114	451970.3025270193	45197.03025270193	24040.97353867124	18523.373054386037
1995.2623149688789	451894.4666553525	45189.44666553525	24036.93971571024	18520.26502685871
2511.8864315095875	451409.0034289031	45140.900342890316	24011.11720366506	18500.368992987835
3162.277660168386	449272.238998596	44927.22389985959	23897.459521201912	18412.796680270327
3981.0717055349774	445478.245299259	44547.8245299259	23695.651345705268	18257.305135215534
5011.872336272725	442120.2012116195	44212.02012116195	23517.031979341464	18119.68037752539
6309.57344480193	432731.1328972662	43273.11328972662	23017.613451982244	17734.8824957896
7943.282347242838	426603.3003612456	42660.33003612456	22691.664912832213	17483.741818083836
10000.00000000002	399946.06375627307	39994.60637562731	21273.72679554644	16391.232121158733
12589.254117941688	406507.7690719267	40650.776907192674	21622.753674038653	16660.15447016093
15848.93192461114	390552.5404444672	39055.25404444672	20774.071300237618	16006.251657560133
19952.62314968879	398662.34638140147	39866.23463814015	21205.443956457526	16338.620753336127
25118.864315095874	384071.97229476407	38407.197229476405	20429.360228444897	15740.654602244429
31622.776601683858	393129.6578876807	39312.96578876807	20911.152015302167	16111.871224904948
39810.71705534977	362612.7241508329	36261.27241508329	19287.910859086856	14861.17721929643
50118.72336272725	362778.91638768924	36277.891638768924	19296.7508716856	14867.988376544641
63095.73444801956	395082.6411340077	39508.26411340077	21015.034102872753	16191.911521885562
79432.82347242838	365557.16413480364	36555.71641348036	19444.530007170408	14981.850989131297
100000.0000000002	382393.201001403	38239.3201001403	20340.06388305335	15671.8525000575