0.00001584893192461114	244.66115112345068	48.93223022469014	15.583512810410872
0.000019952623149688786	286.04267670662836	57.20853534132568	18.219278771122827
0.000025118864315095822	347.65683248555047	69.5313664971101	22.14374729207328
0.000031622776601683795	414.35572787951554	82.87114557590311	26.392084578313092
0.000039810717055349776	491.46543148095657	98.29308629619133	31.303530667576855
0.00005011872336272725	586.9161588767813	117.38323177535628	37.38319483291601
0.00006309573444801943	694.058344756217	138.8116689512434	44.207537882561596
0.00007943282347242822	825.9656068375954	165.1931213675191	52.60927432086595
0.0001	980.9728406503448	196.19456813006897	62.482346538238524
0.00012589254117941674	1165.8578711795005	233.17157423590012	74.25846313245226
0.00015848931924611142	1386.2043335935157	277.24086671870316	88.29326965563794
0.0001995262314968881	1649.2120833556105	329.8424166711221	105.04535562774589
0.0002511886431509582	1957.8847947480856	391.57695894961716	124.70603788204367
0.00031622776601683794	2329.2983194383096	465.859663887662	148.3629502826949
0.00039810717055349773	2765.1746111730395	553.034922234608	176.1257714122955
0.0005011872336272725	3289.604552812055	657.9209105624111	209.52895240841116
0.0006309573444801936	3909.188347110966	781.8376694221932	248.99288835101694
0.0007943282347242822	4640.326659060046	928.0653318120093	295.56220758344244
0.001	5519.812636628787	1103.9625273257575	351.58042271520935
0.0012589254117941688	6553.963684653181	1310.7927369306362	417.44991621994785
0.001584893192461114	7803.373205243052	1560.6746410486105	497.0301404613409
0.0019952623149688807	9268.661417474752	1853.7322834949505	590.3605998391562
0.002511886431509582	11021.76727736088	2204.353455472176	702.0233934624764
0.0031622776601683824	13094.007406223534	2618.8014812447072	834.0132105874864
0.003981071705534978	15554.395332150078	3110.879066430016	990.7258173344
0.005011872336272725	18549.973687738137	3709.9947375476277	1181.5269864801362
0.006309573444801936	22039.756866499563	4407.951373299913	1403.8061698407366
0.00794328234724282	26188.93241096618	5237.786482193236	1668.0848669405211
0.01000000000000001	31066.01879191027	6213.203758382055	1978.7273115866415
0.012589254117941687	36863.02114547738	7372.6042290954765	2347.9631302851835
0.01584893192461114	43789.87456862308	8757.974913724616	2789.1639852626167
0.01995262314968881	51799.67195265709	10359.934390531418	3299.3421625896235
0.025118864315095822	61691.604116917064	12338.320823383414	3929.4015361093675
0.031622776601683826	73157.66265111114	14631.53253022223	4659.723735739563
0.039810717055349776	86814.75947167026	17362.95189433405	5529.602514119125
0.05011872336272725	103501.75840606894	20700.35168121379	6592.468688284646
0.06309573444801936	122804.47096124754	24560.89419224951	7821.940825557169
0.07943282347242822	144858.1863977237	28971.637279544742	9226.636076288134
0.1000000000000001	172190.1773972005	34438.0354794401	10967.527222751623
0.12589254117941687	205012.8183837709	41002.56367675419	13058.141298329358
0.15848931924611143	240070.46317603407	48014.09263520681	15291.112304205992
0.19952623149688828	282213.4904695199	56442.698093903986	17975.381558568148
0.25118864315095824	328929.1004507468	65785.82009014935	20950.89811788196
0.31622776601683794	384282.46270258434	76856.49254051688	24476.589981056328
0.39810717055349776	444671.1920046673	88934.23840093348	28323.005860169895
0.5011872336272725	507307.1171164513	101461.42342329027	32312.555230347218
0.6309573444801942	567015.6471532278	113403.12943064557	36115.64631549222
0.7943282347242822	623481.5584631203	124696.31169262406	39712.201175994924
1.000000000000002	670647.6190423277	134129.52380846557	42716.408856199225
1.2589254117941688	709567.2860595948	141913.45721191898	45195.3685388277
1.584893192461114	747456.7396502955	149491.3479300591	47608.709531865956
1.9952623149688828	783950.104004186	156790.02080083723	49933.12764357873
2.5118864315095824	818593.1906027063	163718.63812054126	52139.69366896219
3.1622776601683857	851120.3046673503	170224.06093347006	54211.48437371658
3.9810717055349776	881217.3471581807	176243.46943163616	56128.49344956565
5.011872336272725	908681.5237249436	181736.30474498874	57877.80405891361
6.309573444801943	933366.7551502937	186673.35103005878	59450.111793012344
7.943282347242821	955123.399273572	191024.67985471443	60835.885304049174
10.000000000000021	974088.099529314	194817.6199058628	62043.82799549771
12.589254117941687	990426.7690275023	198085.35380550046	63084.50758136957
15.848931924611142	1.0042866909889634e6	200857.33819779268	63967.3051585327
19.95262314968883	1.0159446569685462e6	203188.93139370924	64709.850762327784
25.11886431509582	1.0256243383924036e6	205124.86767848072	65326.39098040787
31.622776601683857	1.0336114778199521e6	206722.29556399042	65835.12597579313
39.81071705534978	1.0401426373909719e6	208028.52747819442	66251.12340069885
50.11872336272725	1.0454675086087112e6	209093.50172174227	66590.28717252938
63.09573444801943	1.0497950279307254e6	209959.00558614507	66865.92534590607
79.43282347242821	1.0532986720056194e6	210659.73440112392	67089.08738889296
100.0000000000002	1.0561034781465998e6	211220.69562931996	67267.73746156687
125.89254117941688	1.0583446116811861e6	211668.92233623724	67410.48482045771
158.48931924611142	1.0602829097526148e6	212056.58195052296	67533.94329634489
199.5262314968883	1.0616817094260254e6	212336.34188520513	67623.0388169443
251.18864315095823	1.0628328630515048e6	212566.572610301	67696.36070391751
316.2277660168386	1.0637980256417545e6	212759.6051283509	67757.83602813723
398.1071705534977	1.064529787366892e6	212905.95747337842	67804.44505521606
501.18723362727246	1.0651673879511126e6	213033.47759022255	67845.05655739571
630.9573444801943	1.0655973478892094e6	213119.4695778419	67872.44254071398
794.3282347242822	1.0658836205721928e6	213176.7241144386	67890.67646956643
1000.000000000002	1.0662126614680705e6	213242.53229361412	67911.63448841214
1258.9254117941687	1.0662443238033792e6	213248.86476067585	67913.65119766747
1584.893192461114	1.0664176067581633e6	213283.5213516327	67924.68832854544
1995.2623149688789	1.0660690475675869e6	213213.80951351742	67902.48710621573
2511.8864315095875	1.0645726515995904e6	212914.53031991812	67807.17526112041
3162.277660168386	1.0583265436846297e6	211665.30873692594	67409.33399265158
3981.0717055349774	1.052876669783973e6	210575.33395679458	67062.20826649509
5011.872336272725	1.0375731618822548e6	207514.632376451	66087.46254027101
6309.57344480193	1.0172687484973064e6	203453.74969946127	64794.187802376204
7943.282347242838	982446.2200064516	196489.24400129032	62576.19235709883
10000.00000000002	953402.3797405916	190680.47594811834	60726.26622551539
12589.254117941688	948822.1549306113	189764.43098612226	60434.53216118543
15848.93192461114	918018.761752433	183603.7523504866	58472.53259569637
19952.62314968879	920878.3533009304	184175.6706601861	58654.67218477264
25118.864315095874	899580.3958419982	179916.07916839965	57298.11438484065
31622.776601683858	912424.8498842478	182484.96997684956	58116.232476703684
39810.71705534977	874017.6446291123	174803.52892582247	55669.9136706441
50118.72336272725	875914.3891444951	175182.87782889904	55790.72542321625
63095.73444801956	915581.1361879467	183116.22723758934	58317.26982088832
79432.82347242838	878889.9890856071	175777.99781712142	55980.2540818858
100000.0000000002	899585.8608690026	179917.17217380053	57298.46247573265