0.00001584893192461114	275.300080672988	55.06001613459759	17.535036985540636	11.91775241008606
0.000019952623149688786	315.01673719308207	63.00334743861641	20.06476033076956	13.637088190176712
0.000025118864315095822	383.79388019741526	76.75877603948305	24.44547007626849	16.614453688199795
0.000031622776601683795	455.1990972758098	91.03981945516195	28.993573074892343	19.705588626658432
0.000039810717055349776	538.4268767163846	107.68537534327693	34.2947055233366	23.308522801575094
0.00005011872336272725	642.0006823331604	128.40013646663206	40.891763205933785	27.792237330439843
0.00006309573444801943	757.3563741135804	151.47127482271608	48.23925949768029	32.78599022136712
0.00007943282347242822	902.2101789682353	180.44203579364702	57.46561649479205	39.056717704252605
0.0001	1070.277743391144	214.05554867822877	68.17055690389452	46.33236984377247
0.00012589254117941674	1271.973301240871	254.3946602481742	81.01740772234848	55.06377927449659
0.00015848931924611142	1512.9643341020892	302.59286682041784	96.36715503834964	65.49629151957096
0.0001995262314968881	1802.040085348158	360.4080170696316	114.77962327058331	78.01039330511507
0.0002511886431509582	2136.7984697918355	427.3596939583671	136.10181336253729	92.50209825938683
0.00031622776601683794	2544.9594226481463	508.99188452962926	162.09932628332143	110.17140357784184
0.00039810717055349773	3017.578110111057	603.5156220222115	192.20242739560874	130.6310870177947
0.0005011872336272725	3593.7547883892857	718.7509576778572	228.90157887829847	155.57380036317255
0.0006309573444801936	4270.2723076058455	854.0544615211691	271.991866726487	184.8602730565301
0.0007943282347242822	5062.621186538107	1012.5242373076214	322.4599481871406	219.161090326325
0.001	6028.255274048117	1205.6510548096232	383.9653040794979	260.96343177697474
0.0012589254117941688	7149.56328994374	1429.912657988748	455.3861968117032	309.50490432656886
0.001584893192461114	8522.284159175364	1704.4568318350728	542.8206470812335	368.9300501807517
0.0019952623149688807	10110.160039771565	2022.032007954313	643.9592382020105	437.66926579097685
0.002511886431509582	12032.063668557745	2406.4127337115488	766.3734820737417	520.8685570804219
0.0031622776601683824	14289.465016078033	2857.8930032156063	910.1570073935053	618.5915591375772
0.003981071705534978	16971.22621294166	3394.2452425883316	1080.9698224803606	734.685117443362
0.005011872336272725	20301.95342804888	4060.390685609776	1293.118052741967	878.8724427726788
0.006309573444801936	24126.375522152193	4825.275104430439	1536.711816697592	1044.4318407858093
0.00794328234724282	28666.720359155388	5733.344071831078	1825.9057553602158	1240.9835653314021
0.01000000000000001	33952.009132093626	6790.401826418725	2162.5483523626513	1469.7839451122782
0.012589254117941687	40251.92402337571	8050.384804675141	2563.816816775523	1742.5075334794678
0.01584893192461114	47832.57780056124	9566.515560112248	3046.6610064051742	2070.6743636606598
0.01995262314968881	56404.764651378886	11280.952930275776	3592.6601688776364	2441.7647035228956
0.025118864315095822	67252.47295876387	13450.494591752775	4283.5970037429215	2911.362465747354
0.031622776601683826	79807.85503679668	15961.571007359336	5083.302868585776	3454.885499428428
0.039810717055349776	94677.6013895027	18935.520277900538	6030.420470668962	4098.597462749035
0.05011872336272725	113304.6424244695	22660.928484893895	7216.8562053802225	4904.96287551816
0.06309573444801936	134556.22303512867	26911.244607025732	8570.460065931762	5824.944720135441
0.07943282347242822	156869.18159091898	31373.836318183792	9991.667617255986	6790.873661944544
0.1000000000000001	186205.9554414557	37241.19108829114	11860.251938946223	8060.863871924489
0.12589254117941687	223555.82971154954	44711.165942309904	14239.22482239169	9677.741545954526
0.15848931924611143	260055.31811677178	52011.063623354356	16564.033001068266	11257.80597908103
0.19952623149688828	308893.9551784539	61778.79103569077	19674.774215188143	13372.03269170796
0.25118864315095824	351770.2065686127	70354.04131372254	22405.74564131291	15228.147470502716
0.31622776601683794	411157.64487463806	82231.52897492761	26188.385023862298	17799.03224565533
0.39810717055349776	472390.02598165866	94478.00519633172	30088.53668672985	20449.784674530678
0.5011872336272725	530807.5013604192	106161.50027208384	33809.394991109504	22978.67971257226
0.6309573444801942	573389.9777850765	114677.99555701531	36521.654635992134	24822.076960392926
0.7943282347242822	602308.9919739276	120461.79839478551	38363.630062033604	26073.98233653366
1.000000000000002	616422.0303040455	123284.40606080911	39262.549700894626	26684.936376798512
1.2589254117941688	618470.5771922959	123694.11543845918	39393.030394413756	26773.61806027255
1.584893192461114	614692.2514840021	122938.45029680042	39152.3727059874	26610.05417679663
1.9952623149688828	605186.7591190567	121037.35182381133	38546.92733242399	26198.561000824968
2.5118864315095824	590243.4577340733	118048.69154681465	37595.12469643779	25551.664836972872
3.1622776601683857	570328.7279597862	114065.74559195724	36326.67057068702	24689.55532293447
3.9810717055349776	546086.0477537991	109217.20955075983	34782.55081234389	23640.08864735061
5.011872336272725	518307.39838815806	103661.4796776316	33013.21008841771	22437.549713773078
6.309573444801943	487872.7709057537	97574.55418115074	31074.698783805972	21120.03337254345
7.943282347242821	455690.5110871781	91138.1022174356	29024.873317654656	19726.86195182589
10.000000000000021	422643.2601176896	84528.65202353791	26919.95287373819	18296.24502673981
12.589254117941687	389525.6769106823	77905.13538213646	24810.552669470213	16862.583416046855
15.848931924611142	357012.1080054847	71402.42160109694	22739.62471372514	15455.069610627044
19.95262314968883	325638.6633300641	65127.73266601282	20741.316135672874	14096.911832470307
25.11886431509582	295799.9297667616	59159.98595335231	18840.759857755515	12805.191764794874
31.622776601683857	267761.3645616273	53552.27291232546	17054.863984817028	11591.40106327391
39.81071705534978	241676.4926417636	48335.298528352716	15393.407174634624	10462.185828647775
50.11872336272725	217608.2323468736	43521.64646937472	13860.396964769021	9420.269798565958
63.09573444801943	195549.67975528966	39109.93595105793	12455.393614986604	8465.354101960593
79.43282347242821	175443.64546490167	35088.729092980335	11174.754488210297	7594.963007138601
100.0000000000002	157198.432547751	31439.6865095502	10012.639015780318	6805.126950119091
125.89254117941688	139415.06125115106	27883.01225023021	8879.940207079686	6035.284036846366
158.48931924611142	125741.04604851764	25148.209209703527	8008.983824746347	5443.335326775656
199.5262314968883	112497.60526811912	22499.521053623823	7165.452564848352	4870.026202083079
251.18864315095823	100454.39727622656	20090.87945524531	6398.369253262838	4348.675206763055
316.2277660168386	89683.96323975305	17936.79264795061	5712.354346481086	3882.4226510715607
398.1071705534977	80040.86636119486	16008.173272238972	5098.144354216233	3464.9725697486956
501.18723362727246	71414.36208860044	14282.872417720086	4548.685483350346	3091.5308263463394
630.9573444801943	63703.751118865286	12740.750223773057	4057.563765532821	2757.738143673822
794.3282347242822	56808.121790652534	11361.624358130506	3618.3517064109897	2459.2260515434
1000.000000000002	50709.55664363097	10141.911328726192	3229.90806647331	2195.218902321687
1258.9254117941687	45215.05131725999	9043.010263451997	2879.9395743477703	1957.3615288857138
1584.893192461114	40310.584986429196	8062.116997285839	2567.5531838489933	1745.046969109489
1995.2623149688789	35924.887819919066	7184.977563983813	2288.2094152814693	1555.1899489142454
2511.8864315095875	32020.10564948528	6404.021129897055	2039.4971751264509	1386.1517597179775
3162.277660168386	28465.332645779206	5693.066529155842	1813.0785124700133	1232.2654825012644
3981.0717055349774	25345.979834279842	5069.195966855968	1614.3936200178243	1097.2285642545387
5011.872336272725	22441.33342138809	4488.266684277618	1429.3842943559296	971.4862952981858
6309.57344480193	19812.796451900766	3962.5592903801526	1261.9615574459085	857.6968160996003
7943.282347242838	17375.12990696114	3475.025981392228	1106.696172417907	752.1701258424737
10000.00000000002	14836.700935852763	2967.3401871705523	945.0127984619594	642.281425794492
12589.254117941688	13268.27121748694	2653.654243497388	845.1128164004421	574.384035389045
15848.93192461114	11257.292177308276	2251.458435461655	717.024979446387	487.32866568434093
19952.62314968879	10188.166272274651	2037.6332544549302	648.9277880429714	441.04615897292865
25118.864315095874	8768.580170004438	1753.7160340008875	558.5082910830853	379.5922151517073
31622.776601683858	8035.8221838253585	1607.1644367650717	511.83580788696554	347.87109020889
39810.71705534977	6148.581766008449	1229.71635320169	391.629411847672	266.17237082287664
50118.72336272725	5859.003230536569	1171.8006461073137	373.18491914245664	253.63650348643156
63095.73444801956	5645.198773093247	1129.0397546186493	359.5668008339648	244.38089926810594
79432.82347242838	4264.465293069838	852.8930586139675	271.6219931891616	184.6088871458804
100000.0000000002	4345.95138993994	869.1902779879879	276.81219044203436	188.1364238069238