0.00001584893192461114	182.0658177215656	36.41316354431312	11.596548899462777
0.000019952623149688786	217.79209936150193	43.558419872300384	13.87210823958611
0.000025118864315095822	256.9100308955384	51.382006179107684	16.363696235384612
0.000031622776601683795	306.0100839191497	61.20201678382995	19.491088147716543
0.000039810717055349776	363.70984547882153	72.74196909576432	23.166232196103284
0.00005011872336272725	433.7686329020937	86.75372658041874	27.628575344082403
0.00006309573444801943	514.3736843197746	102.87473686395494	32.762655052214946
0.00007943282347242822	614.9882926351405	122.99765852702811	39.17122883026373
0.0001	727.832360677801	145.56647213556022	46.35874908775803
0.00012589254117941674	864.5215227019362	172.90430454038724	55.06506514025072
0.00015848931924611142	1027.4298013831922	205.48596027663845	65.44138862313326
0.0001995262314968881	1221.018901764203	244.20378035284062	77.77190457096835
0.0002511886431509582	1454.1475505553171	290.8295101110634	92.62086309269536
0.00031622776601683794	1728.0696210789645	345.6139242157929	110.06812873114424
0.00039810717055349773	2049.171779527527	409.8343559055055	130.52049551130747
0.0005011872336272725	2435.026198135128	487.0052396270256	155.09721007230115
0.0006309573444801936	2899.5643558092834	579.9128711618567	184.6856277585531
0.0007943282347242822	3437.8841559649236	687.5768311929847	218.97351311878495
0.001	4084.532128133744	816.906425626749	260.1612820467353
0.0012589254117941688	4852.3816584302285	970.4763316860458	309.06889544141586
0.001584893192461114	5776.189278850861	1155.2378557701725	367.9101451497364
0.0019952623149688807	6860.322963137883	1372.0645926275765	436.96324605973774
0.002511886431509582	8148.283108418189	1629.656621683638	518.9989241030694
0.0031622776601683824	9662.460258898614	1932.4920517797232	615.4433285922685
0.003981071705534978	11492.493923707962	2298.4987847415923	732.005982401781
0.005011872336272725	13606.906937727981	2721.381387545596	866.6819705559224
0.006309573444801936	16174.16499072305	3234.83299814461	1030.2015917657993
0.00794328234724282	19171.748314772707	3834.349662954542	1221.1304659090897
0.01000000000000001	22855.449785551467	4571.089957110294	1455.7611328376731
0.012589254117941687	27806.05272178376	5561.2105443567525	1771.0861606231695
0.01584893192461114	33393.13866286194	6678.627732572388	2126.9515071886585
0.01995262314968881	39422.75986059098	7884.551972118196	2511.0038127764956
0.025118864315095822	46465.11188385553	9293.022376771107	2959.5612664876135
0.031622776601683826	54655.82870115397	10931.165740230796	3481.2629745957947
0.039810717055349776	66040.99111625101	13208.198223250203	4206.432555175224
0.05011872336272725	77413.4657737007	15482.69315474014	4930.793998324885
0.06309573444801936	91660.4324595722	18332.08649191444	5838.244105705236
0.07943282347242822	108062.29286381787	21612.458572763575	6882.948590052094
0.1000000000000001	127228.6921141984	25445.738422839684	8103.738351222829
0.12589254117941687	149688.1460948413	29937.629218968264	9534.276821327472
0.15848931924611143	176909.13606823166	35381.827213646335	11268.09783874087
0.19952623149688828	209422.46846691988	41884.49369338398	13339.010730377062
0.25118864315095824	236574.33712748473	47314.86742549695	15068.429116400303
0.31622776601683794	276833.41120251955	55366.68224050392	17632.701350478954
0.39810717055349776	315408.8815238575	63081.776304771505	20089.737676678822
0.5011872336272725	352597.54252162116	70519.50850432423	22458.442198829373
0.6309573444801942	379530.1935099472	75906.03870198946	24173.897675792818
0.7943282347242822	398875.6450347232	79775.12900694465	25406.092040428233
1.000000000000002	408428.30661045184	81685.66132209038	26014.541822321775
1.2589254117941688	409924.206256269	81984.8412512538	26109.82205453943
1.584893192461114	407605.8952681928	81521.17905363857	25962.158934279796
1.9952623149688828	401538.5098471347	80307.70196942695	25575.70126414871
2.5118864315095824	391884.0209482758	78376.80418965517	24960.765665495277
3.1622776601683857	378938.33895940904	75787.66779188182	24136.199933720323
3.9810717055349776	363111.9551651634	72622.39103303269	23128.150010519963
5.011872336272725	344909.2457402879	68981.84914805758	21968.741766897318
6.309573444801943	324903.35067354323	64980.67013470865	20694.480934620588
7.943282347242821	303692.91788535827	60738.58357707166	19343.49795448142
10.000000000000021	281859.19641568634	56371.83928313728	17952.815058323973
12.589254117941687	259932.8147524537	51986.56295049074	16556.23023900979
15.848931924611142	238366.41242704345	47673.282485408694	15182.574039939074
19.95262314968883	217522.9415757413	43504.58831514826	13854.96443157588
25.11886431509582	197672.04615006992	39534.40923001399	12590.576187902543
31.622776601683857	178997.18955356942	35799.43791071388	11401.09487602353
39.81071705534978	161606.59160057936	32321.318320115875	10293.413477743909
50.11872336272725	145547.42250504042	29109.484501008086	9270.536465289199
63.09573444801943	130819.42873839593	26163.885747679185	8332.44769034369
79.43282347242821	117387.75283013306	23477.550566026614	7476.926931855609
100.0000000000002	105193.90897928856	21038.781795857714	6700.2489795725205
125.89254117941688	93322.08669518368	18664.417339036736	5944.081955107241
158.48931924611142	84196.38413918916	16839.276827837835	5362.827015234979
199.5262314968883	75287.23562992115	15057.447125984232	4795.365326746571
251.18864315095823	67256.20337909546	13451.240675819094	4283.834610133469
316.2277660168386	60049.52136564054	12009.90427312811	3824.8102780662766
398.1071705534977	53591.51450122205	10718.302900244413	3413.472261224335
501.18723362727246	47817.02863391281	9563.405726782561	3045.6706136250195
630.9573444801943	42653.59704816735	8530.719409633472	2716.7896209023793
794.3282347242822	38042.09250173602	7608.418500347205	2423.0632166710843
1000.000000000002	33956.463602479744	6791.29272049595	2162.8320765910667
1258.9254117941687	30277.416346964033	6055.483269392807	1928.4978564945245
1584.893192461114	26993.60938965893	5398.721877931786	1719.3381776852823
1995.2623149688789	24056.522423088692	4811.304484617739	1532.262574719025
2511.8864315095875	21441.689948449497	4288.3379896899	1365.7127355700318
3162.277660168386	19093.24403239228	3818.6488064784558	1216.130193146005
3981.0717055349774	16939.204788439165	3387.8409576878335	1078.9302413018577
5011.872336272725	15040.909621967792	3008.181924393559	958.0197211444454
6309.57344480193	13274.990036346486	2654.9980072692974	845.540766646273
7943.282347242838	11658.462427887633	2331.692485577527	742.5772247062187
10000.00000000002	9960.716585457132	1992.1433170914265	634.4405468444033
12589.254117941688	8949.45074721778	1789.890149443556	570.0287100138713
15848.93192461114	7676.721200394424	1535.344240078885	488.96313378308434
19952.62314968879	6812.609213703153	1362.5218427406307	433.92415373905436
25118.864315095874	5712.7836858205455	1142.556737164109	363.8715723452577
31622.776601683858	5381.996625561955	1076.3993251123911	342.8023328383411
39810.71705534977	4237.804615905353	847.5609231810706	269.9238608856913
50118.72336272725	3706.8339524020585	741.3667904804117	236.104073401405
63095.73444801956	3746.063875593691	749.2127751187383	238.602794623802
79432.82347242838	2999.666335370944	599.933267074189	191.06155002362703
100000.0000000002	2858.691388100539	571.7382776201079	182.08225401914262