0.00001584893192461114	0.2093058693693764	0.04186117387387528	0.012312109962904494
0.000019952623149688786	0.2644067032351557	0.052881340647031136	0.015553335484420923
0.000025118864315095822	0.36258379663203005	0.072516759326406	0.02132845862541353
0.000031622776601683795	0.48132213610108243	0.09626442722021648	0.028313066829475438
0.000039810717055349776	0.6368057758178028	0.12736115516356056	0.03745916328340017
0.00005011872336272725	0.8516250184330971	0.17032500368661943	0.05009558931959395
0.00006309573444801943	1.125927306352406	0.2251854612704812	0.06623101802072977
0.00007943282347242822	1.5058172256691764	0.30116344513383525	0.08857748386289273
0.0001	2.002586466484295	0.40051729329685903	0.1177992039108409
0.00012589254117941674	2.670360417275101	0.5340720834550202	0.1570800245455942
0.00015848931924611142	3.5645474142938003	0.7129094828587601	0.2096792596643412
0.0001995262314968881	4.766973592637083	0.9533947185274165	0.2804102113315931
0.0002511886431509582	6.337662087449953	1.2675324174899907	0.37280365220293843
0.00031622776601683794	8.475120622409714	1.6950241244819426	0.49853650720057135
0.00039810717055349773	11.266980034948189	2.2533960069896377	0.6627635314675405
0.0005011872336272725	15.065808543135116	3.013161708627023	0.8862240319491245
0.0006309573444801936	20.085601130402914	4.017120226080582	1.1815059488472301
0.0007943282347242822	26.69807563881802	5.3396151277636035	1.5704750375775305
0.001	35.692669267280145	7.138533853456029	2.099568780428244
0.0012589254117941688	47.46180424233986	9.492360848467971	2.7918708377846975
0.001584893192461114	63.51813935519878	12.703627871039755	3.7363611385411044
0.0019952623149688807	84.47582171717444	16.89516434343489	4.969165983363203
0.002511886431509582	112.86449543333866	22.572899086667732	6.63908796666698
0.0031622776601683824	150.35669930597507	30.071339861195014	8.844511723880887
0.003981071705534978	200.35954131992528	40.07190826398506	11.785855371760311
0.005011872336272725	269.3202436530622	53.86404873061244	15.842367273709542
0.006309573444801936	359.2051212932062	71.84102425864124	21.129713017247425
0.00794328234724282	478.8245843770885	95.7649168754177	28.166152022181677
0.01000000000000001	635.7217995411756	127.14435990823513	37.395399973010335
0.012589254117941687	885.2243922750546	177.04487845501092	52.07202307500321
0.01584893192461114	1197.3386919336508	239.46773838673016	70.43168776080299
0.01995262314968881	1584.3488458865477	316.86976917730954	93.19699093450281
0.025118864315095822	2092.509029551813	418.5018059103626	123.08876644422429
0.031622776601683826	2756.939648972904	551.3879297945807	162.17292052781787
0.039810717055349776	3622.6562510093563	724.5312502018713	213.09742652996215
0.05011872336272725	4820.8687226709435	964.1737445341887	283.5805130982908
0.06309573444801936	6542.77812397836	1308.555624795672	384.86930141049174
0.07943282347242822	8483.810434994673	1696.7620869989346	499.04767264674547
0.1000000000000001	10937.280214005657	2187.4560428011314	643.369424353274
0.12589254117941687	14813.12467605612	2962.624935211224	871.3602750621247
0.15848931924611143	19277.436020445726	3855.487204089145	1133.9668247321015
0.19952623149688828	25681.292705083164	5136.258541016632	1510.6642767695978
0.25118864315095824	33092.56955541145	6618.51391108229	1946.6217385536147
0.31622776601683794	42507.520412923936	8501.504082584786	2500.4423772308196
0.39810717055349776	53998.8561700877	10799.77123401754	3176.4033041228063
0.5011872336272725	68042.52100571565	13608.50420114313	4002.5012356303328
0.6309573444801942	81317.40403682395	16263.48080736479	4783.376708048468
0.7943282347242822	93773.43219686975	18754.68643937395	5516.084246874691
1.000000000000002	105579.00830879845	21115.801661759688	6210.529900517556
1.2589254117941688	116501.06362102706	23300.21272420541	6853.003742413356
1.584893192461114	127417.25781498422	25483.45156299684	7495.13281264613
1.9952623149688828	138172.7244363002	27634.54488726004	8127.807319782364
2.5118864315095824	145800.04830582518	29160.009661165033	8576.473429754422
3.1622776601683857	157771.6499651591	31554.32999303182	9280.685292068183
3.9810717055349776	166235.93663174944	33247.187326349886	9778.584507749967
5.011872336272725	174848.5699811683	34969.71399623366	10285.209998892253
6.309573444801943	182316.57710048935	36463.31542009787	10724.504535322903
7.943282347242821	189029.66046036806	37805.93209207361	11119.391791786356
10.000000000000021	194864.36758087465	38972.87351617493	11462.60985769851
12.589254117941687	199896.36741907074	39979.27348381415	11758.609848180631
15.848931924611142	204164.48755704486	40832.89751140897	12009.675738649697
19.95262314968883	207751.83874719238	41550.367749438476	12220.696396893669
25.11886431509582	210737.28684263673	42147.45736852734	12396.310990743337
31.622776601683857	213201.28819496452	42640.2576389929	12541.252246762619
39.81071705534978	215220.73140507893	43044.14628101578	12660.043023828171
50.11872336272725	216866.4503420879	43373.29006841758	12756.850020122816
63.09573444801943	218201.05817328373	43640.21163465674	12835.356363134337
79.43282347242821	219279.17174248814	43855.83434849763	12898.774808381655
100.0000000000002	220146.76723831202	44029.353447662405	12949.809837547766
125.89254117941688	220845.3238289138	44169.06476578276	12990.901401700812
158.48931924611142	221411.7603843558	44282.35207687115	13024.221199079751
199.5262314968883	221849.45881606868	44369.89176321373	13049.968165651098
251.18864315095823	222208.43038720774	44441.68607744155	13071.084140423985
316.2277660168386	222496.68629917997	44499.33725983599	13088.040370539999
398.1071705534977	222720.98523038081	44544.197046076166	13101.23442531652
501.18723362727246	222903.95701981158	44580.791403962314	13111.997471753622
630.9573444801943	223044.00722789697	44608.8014455794	13120.235719288057
794.3282347242822	223166.36496729872	44633.272993459745	13127.433233370513
1000.000000000002	223244.9129346295	44648.9825869259	13132.05370203703
1258.9254117941687	223285.49948070818	44657.09989614163	13134.441145924011
1584.893192461114	223350.4881503852	44670.09763007704	13138.264008846189
1995.2623149688789	223352.9440669754	44670.58881339508	13138.408474527965
2511.8864315095875	223235.7106180651	44647.14212361302	13131.512389297946
3162.277660168386	222744.1996247616	44548.83992495231	13102.599977927151
3981.0717055349774	221699.4004346675	44339.8800869335	13041.141202039265
5011.872336272725	220073.9467283549	44014.78934567098	12945.526278138525
6309.57344480193	216572.17925594337	43314.435851188675	12739.539956231964
7943.282347242838	211981.26467380012	42396.25293476002	12469.48615728236
10000.00000000002	202602.03562755763	40520.40712551153	11917.766801621037
12589.254117941688	203980.65823259522	40796.13164651904	11998.86224897619
15848.93192461114	194251.1138518579	38850.22277037158	11426.536108932818
19952.62314968879	196421.41238177934	39284.28247635587	11554.200728339962
25118.864315095874	188854.3273920394	37770.86547840788	11109.07808188467
31622.776601683858	193175.06980695913	38635.01396139182	11363.23940040936
39810.71705534977	177885.42140661358	35577.084281322714	10463.848318036093
50118.72336272725	178501.54289346165	35700.308578692326	10500.09075843892
63095.73444801956	194593.15288815403	38918.6305776308	11446.656052244354
79432.82347242838	180624.16842266146	36124.83368453229	10624.951083685968
100000.0000000002	188787.05391813637	37757.410783627274	11105.120818713904