0.00001584893192461114	0.007780139990308807	0.0015560279980617612	0.0004955503178540641
0.000019952623149688786	0.009828301383728545	0.001965660276745709	0.0006260064575623277
0.000025118864315095822	0.013477656907157841	0.0026955313814315683	0.0008584494845323466
0.000031622776601683795	0.01789129760471393	0.0035782595209427857	0.0011395730958416515
0.000039810717055349776	0.02367080339135773	0.004734160678271547	0.0015076944835259703
0.00005011872336272725	0.03165588180886548	0.006331176361773096	0.002016298204386336
0.00006309573444801943	0.04185201346109355	0.00837040269221871	0.002665733341470927
0.00007943282347242822	0.05597295886074524	0.011194591772149048	0.0035651566153340917
0.0001	0.07443844312100903	0.014887688624201806	0.004741302109618409
0.00012589254117941674	0.09926036920787584	0.01985207384157517	0.006322316510055786
0.00015848931924611142	0.13249832873227893	0.026499665746455785	0.008439383995686556
0.0001995262314968881	0.17719389328433294	0.035438778656866586	0.011286235241040315
0.0002511886431509582	0.23557819185957163	0.04711563837191433	0.015004980373221124
0.00031622776601683794	0.3150299849486593	0.06300599698973186	0.02006560413685728
0.00039810717055349773	0.41880661160635724	0.08376132232127144	0.026675580357092814
0.0005011872336272725	0.560013438160809	0.1120026876321618	0.035669645742726686
0.0006309573444801936	0.7466049043673078	0.14932098087346155	0.04755445250747183
0.0007943282347242822	0.9923981901113766	0.1984796380222753	0.0632100758032724
0.001	1.3267375843969618	0.26534751687939234	0.0845055786240103
0.0012589254117941688	1.7642098729031777	0.3528419745806355	0.11237005559892851
0.001584893192461114	2.361042323353467	0.4722084646706934	0.15038486136009344
0.0019952623149688807	3.1400634905088154	0.6280126981017631	0.20000404398145322
0.002511886431509582	4.195303156345311	0.839060631269062	0.2672167615506567
0.0031622776601683824	5.5889315125551216	1.1177863025110242	0.3559828988888612
0.003981071705534978	7.447594683129095	1.489518936625819	0.4743690880973946
0.005011872336272725	10.010943334546893	2.0021886669093782	0.6376397028373817
0.006309573444801936	13.352067657333876	2.670413531466775	0.8504501692569347
0.00794328234724282	17.798460733467763	3.5596921466935525	1.1336599193291568
0.01000000000000001	23.630510745940086	4.7261021491880175	1.5051280729898144
0.012589254117941687	31.421126329898403	6.28422526597968	2.0013456261081783
0.01584893192461114	41.907701110957355	8.381540222191472	2.669280325538685
0.01995262314968881	55.37638307184301	11.075276614368603	3.52715815744223
0.025118864315095822	74.14235571809634	14.828471143619268	4.722443039369193
0.031622776601683826	98.77445921808868	19.754891843617735	6.291366829177623
0.039810717055349776	131.47574854026172	26.295149708052342	8.374251499379726
0.05011872336272725	176.88308174894883	35.376616349789764	11.266438327958523
0.06309573444801936	235.85182663394156	47.170365326788314	15.0224093397415
0.07943282347242822	290.67430394072244	58.134860788144486	18.51428687520525
0.1000000000000001	406.55128991164725	81.31025798232945	25.894986618576255
0.12589254117941687	550.6208880852168	110.12417761704336	35.07139414555521
0.15848931924611143	716.5644773611544	143.31289547223088	45.641049513449325
0.19952623149688828	954.6031985612186	190.9206397122437	60.802751500714564
0.25118864315095824	1230.0888864505114	246.01777729010226	78.3496106019434
0.31622776601683794	1580.053442599945	316.01068851998895	100.64034666241687
0.39810717055349776	2007.1996145431585	401.43992290863173	127.84710920657061
0.5011872336272725	2529.218795024624	505.8437590049248	161.09673853660024
0.6309573444801942	3022.6614712772016	604.5322942554403	192.52620836160517
0.7943282347242822	3485.6663698037773	697.1332739607554	222.01696622953995
1.000000000000002	3924.4932172963277	784.8986434592655	249.96772084689985
1.2589254117941688	4330.478580091258	866.0957160182514	275.8266611523094
1.584893192461114	4736.246078376276	947.2492156752552	301.6717247373424
1.9952623149688828	5136.03914785422	1027.2078295708438	327.1362514556828
2.5118864315095824	5521.8489839263075	1104.3697967852615	351.71012636473296
3.1622776601683857	5887.774220049487	1177.5548440098974	375.01746624519023
3.9810717055349776	6229.373008078393	1245.8746016156786	396.77535083301865
5.011872336272725	6542.723947904119	1308.5447895808238	416.7340094206445
6.309573444801943	6825.283927473126	1365.056785494625	434.73146034860673
7.943282347242821	7075.938031340021	1415.1876062680042	450.69668989426884
10.000000000000021	7294.900783806587	1458.9801567613174	464.6433620258973
12.589254117941687	7483.500899117104	1496.7001798234207	476.65610822401936
15.848931924611142	7643.89880565689	1528.7797611313779	486.87253539215857
19.95262314968883	7778.788170104483	1555.7576340208964	495.4642146563364
25.11886431509582	7891.122643012067	1578.2245286024133	502.61927662497243
31.622776601683857	7983.8932143968805	1596.778642879376	508.5282302163618
39.81071705534978	8059.965819140144	1611.9931638280286	513.3736190535124
50.11872336272725	8121.976879685566	1624.3953759371132	517.3233681328386
63.09573444801943	8172.27749047223	1634.455498094446	520.5272286924987
79.43282347242821	8212.914313704327	1642.5828627408653	523.1155613824411
100.0000000000002	8245.635574664579	1649.1271149329157	525.1997181315018
125.89254117941688	8244.07770026271	1648.815540052542	525.100490462593
158.48931924611142	8228.779278352153	1645.7558556704303	524.1260686848505
199.5262314968883	8248.25993041381	1649.6519860827618	525.3668745486502
251.18864315095823	8261.527526017231	1652.3055052034463	526.2119443323078
316.2277660168386	8272.112624570023	1654.4225249140047	526.8861544312117
398.1071705534977	8277.669244176806	1655.5338488353614	527.2400792469303
501.18723362727246	8287.27083807637	1657.454167615274	527.8516457373485
630.9573444801943	8292.621158811015	1658.5242317622028	528.1924304975169
794.3282347242822	8293.99390174557	1658.7987803491142	528.2798663532211
1000.000000000002	8300.265072661297	1660.0530145322593	528.6793039911654
1258.9254117941687	8303.068861092717	1660.6137722185433	528.8578892415743
1584.893192461114	8304.617116285333	1660.9234232570666	528.9565042219957
1995.2623149688789	8302.438314885921	1660.4876629771843	528.8177270627975
2511.8864315095875	8301.262898503788	1660.2525797007575	528.7428597773113
3162.277660168386	8274.324320449732	1654.8648640899464	527.0270267802377
3981.0717055349774	8260.567736312136	1652.1135472624273	526.1508112300723
5011.872336272725	8179.053373647394	1635.810674729479	520.9588136081143
6309.57344480193	8070.706587787696	1614.1413175575392	514.0577444450762
7943.282347242838	7874.355238118819	1574.8710476237638	501.55128905215406
10000.00000000002	7536.140210564024	1507.2280421128046	480.00893060917343
12589.254117941688	7533.791376196518	1506.7582752393037	479.859323324619
15848.93192461114	7237.547221013054	1447.5094442026107	460.9902688543346
19952.62314968879	7322.378609408005	1464.475721881601	466.39354200050985
25118.864315095874	7140.438147144681	1428.0876294289362	454.80497752513895
31622.776601683858	7289.820574381992	1457.9641148763983	464.3197818077702
39810.71705534977	6534.252463870758	1306.8504927741517	416.19442445036674
50118.72336272725	6830.620887012173	1366.1241774024345	435.0713940772084
63095.73444801956	7258.385064100848	1451.6770128201695	462.31752000642336
79432.82347242838	6486.4738861452815	1297.2947772290563	413.1512029391899
100000.0000000002	7127.398029542609	1425.4796059085218	453.9743967861534