0.00001584893192461114	0.00877300490455158	0.0017546009809103161	0.0005587901213090179	0.00037978376210180003
0.000019952623149688786	0.010732120118124262	0.002146424023624852	0.000683574529816832	0.0004645939445075438
0.000025118864315095822	0.014816989527307206	0.002963397905461441	0.0009437572947329431	0.000641428118065247
0.000031622776601683795	0.019565555386195123	0.003913111077239025	0.0012462137188659315	0.0008469937396621266
0.000039810717055349776	0.02570809807115225	0.0051416196142304495	0.0016374584758695702	0.0011129046784048593
0.00005011872336272725	0.03435049663882245	0.006870099327764489	0.00218792972221799	0.0014870344865291103
0.00006309573444801943	0.04529460659801807	0.009058921319603614	0.0028850067896826793	0.0019608054804336828
0.00007943282347242822	0.060658514567568995	0.012131702913513799	0.0038635996539852866	0.0026259097215397833
0.0001	0.08051219053650081	0.016102438107300162	0.0051281650023248925	0.0034853762137013336
0.00012589254117941674	0.10735778917920043	0.021471557835840083	0.006838075743898117	0.004647523341090928
0.00015848931924611142	0.1433710348414927	0.028674206968298536	0.009131913047228834	0.0062065383048265236
0.0001995262314968881	0.19204087570005512	0.03840817514001102	0.012231902910831536	0.008313457822513208
0.0002511886431509582	0.25489577076079256	0.050979154152158514	0.01623539941151545	0.011034448950683663
0.00031622776601683794	0.34140236304003074	0.06828047260800615	0.021745373442040177	0.014779323075326006
0.00039810717055349773	0.4531093527199496	0.09062187054398992	0.02886046832611144	0.019615123494370112
0.0005011872336272725	0.6068272503835579	0.12136545007671158	0.03865141722188267	0.026269577938682162
0.0006309573444801936	0.8089539405003626	0.16179078810007252	0.05152572869429062	0.0350196511039118
0.0007943282347242822	1.0734279565390248	0.21468559130780496	0.06837120742286783	0.046468742707317094
0.001	1.4372167870888204	0.28744335741776406	0.0915424705152115	0.06221717693025197
0.0012589254117941688	1.9078549987506153	0.38157099975012304	0.12151942667201371	0.08259112548703962
0.001584893192461114	2.557035011082842	0.5114070022165684	0.16286847204349314	0.11069415632393258
0.0019952623149688807	3.3941008322184527	0.6788201664436905	0.21618476638334094	0.14693077195750878
0.002511886431509582	4.5405736724260555	0.9081147344852111	0.2892085141672647	0.1965616308409548
0.0031622776601683824	6.045359862455709	1.2090719724911416	0.3850547683092808	0.2617038901495978
0.003981071705534978	8.0553982590437	1.61107965180874	0.5130826916588345	0.34871853935254116
0.005011872336272725	10.864207472687248	2.1728414945374492	0.6919877371138374	0.47031201180464277
0.006309573444801936	14.499167731123412	2.8998335462246825	0.9235138682244213	0.6276695987499313
0.00794328234724282	19.322458140418963	3.8644916280837927	1.2307298178610806	0.8364700493687863
0.01000000000000001	25.600892399314628	5.120178479862925	1.63063008912832	1.1082637402300703
0.012589254117941687	34.010668425709326	6.802133685141865	2.166284613102505	1.4723233084722651
0.01584893192461114	45.39504009088226	9.079008018176452	2.89140382744473	1.9651532506875438
0.01995262314968881	59.80817745910718	11.961635491821434	3.8094380547202027	2.5890985913033413
0.025118864315095822	80.23071573075029	16.046143146150058	5.110236670748426	3.473191157175337
0.031622776601683826	107.0330053693932	21.406601073878637	6.817388877031414	4.633463435904467
0.039810717055349776	142.4916258184229	28.49832516368458	9.07589973365751	6.168468650148178
0.05011872336272725	192.59412142501444	38.518824285002886	12.267141492039137	8.33740785389673
0.06309573444801936	257.2982998450903	51.459659969018055	16.388426741725496	11.138454538748498
0.07943282347242822	305.71727722947566	61.14345544589513	19.47243804009399	13.234514165778167
0.1000000000000001	433.20995456768986	86.64199091353797	27.59299073679553	18.753677686912983
0.12589254117941687	595.570067323429	119.11401346468581	37.9343991925751	25.78225399668524
0.15848931924611143	771.6407883027122	154.32815766054242	49.14909479635109	33.404363129987544
0.19952623149688828	1031.3908520149441	206.2781704029888	65.69368484171618	44.648954632681566
0.25118864315095824	1320.4333788163383	264.08667576326764	84.1040368672827	57.161618130577416
0.31622776601683794	1679.3568900521936	335.8713780104387	106.96540700969388	72.69943246979194
0.39810717055349776	2119.249257041765	423.8498514083529	134.98402911094044	91.74239207973008
0.5011872336272725	2657.915973383921	531.5831946767842	169.29401104356185	115.06129754908748
0.6309573444801942	3092.3423776811705	618.4684755362341	196.96448265485165	133.86763539745328
0.7943282347242822	3402.682691069879	680.5365382139757	216.73138159680758	147.30228099869606
1.000000000000002	3641.0109650768554	728.2021930153711	231.9115264380163	157.61952229769938
1.2589254117941688	3813.703588686068	762.7407177372136	242.91105660420817	165.09539344961334
1.584893192461114	3937.130370064093	787.4260740128185	250.77263503592948	170.43854415861875
1.9952623149688828	4006.963287796428	801.3926575592857	255.22059157939034	173.46161419032157
2.5118864315095824	4021.4437941372744	804.2887588274548	256.14291682403024	174.08847593667855
3.1622776601683857	3982.046967982575	796.409393596515	253.63356483965447	172.3829856269513
3.9810717055349776	3892.8194941453626	778.5638988290725	247.950286251297	168.52032442187718
5.011872336272725	3759.9986415780036	751.9997283156007	239.49035933617859	162.77050396441575
6.309573444801943	3591.372242656716	718.2744485313432	228.74982437303925	155.4706598552691
7.943282347242821	3395.5214651295955	679.1042930259191	216.27525255602518	146.9922712177314
10.000000000000021	3181.084345518965	636.216869103793	202.61683729420162	137.70927902679503
12.589254117941687	2956.1373468790566	591.2274693758113	188.2890029859272	127.97131371770809
15.848931924611142	2727.7553694142966	545.5510738828593	173.74238021747112	118.08464802659293
19.95262314968883	2501.767206246934	500.35344124938683	159.34822969725695	108.30161066004045
25.11886431509582	2282.686596198402	456.53731923968036	145.39405071327403	98.8176015670304
31.622776601683857	2073.776667909401	414.7553335818802	132.087685854102	89.77388172767971
39.81071705534978	1877.1987455413894	375.43974910827785	119.5667990790694	81.2640149585017
50.11872336272725	1694.2013009052607	338.84026018105214	107.9109108856854	73.3420476582364
63.09573444801943	1525.3156675701457	305.0631335140291	97.1538641764424	66.03098128009289
79.43282347242821	1370.5371655452539	274.10743310905076	87.29536086275502	59.33061322706727
100.0000000000002	1229.4805920351598	245.89611840703193	78.31086573472355	53.22426805347012
125.89254117941688	1089.1585851628893	217.83171703257784	69.37315829062989	47.14972230142378
158.48931924611142	977.1543830515332	195.43087661030663	62.23913267844161	42.30105554335641
199.5262314968883	873.9212564228326	174.78425128456652	55.66377429444794	37.83208902263345
251.18864315095823	780.9257152390124	156.18514304780248	49.74049141649761	33.80630801900487
316.2277660168386	697.4544756836257	139.49089513672513	44.42385195437107	30.1928344451786
398.1071705534977	622.5229415599491	124.5045883119898	39.65114277451905	26.949045089175286
501.18723362727246	555.6629890594708	111.13259781189416	35.392547073851645	24.054674851059342
630.9573444801943	495.75626117858405	99.15125223571681	31.576831922202807	21.461310007730912
794.3282347242822	442.12964259389366	88.42592851877873	28.161123732095138	19.139811367701025
1000.000000000002	394.3848550318044	78.87697100636088	25.120054460624484	17.07293744726426
1258.9254117941687	351.6818044004158	70.33636088008316	22.40011492996279	15.224320536814536
1584.893192461114	313.5661091980935	62.7132218396187	19.97236364319067	13.57429044147591
1995.2623149688789	279.4963031630413	55.89926063260826	17.80231230337843	12.099407063335121
2511.8864315095875	249.15683713539343	49.83136742707869	15.869862237923149	10.786010265601448
3162.277660168386	221.61745543970267	44.32349108794053	14.115761492974691	9.593829239813967
3981.0717055349774	197.4427737193335	39.4885547438667	12.575972848365192	8.54730622161617
5011.872336272725	175.26118564438468	35.05223712887693	11.16313284359138	7.587064313609726
6309.57344480193	155.18171477631756	31.03634295526351	9.88418565454252	6.717823150489938
7943.282347242838	136.9142408072255	27.3828481614451	8.720652280715	5.927023411568204
10000.00000000002	117.00009940219726	23.40001988043945	7.452235630713202	5.064939368060488
12589.254117941688	104.89604695212962	20.979209390425925	6.6812768759318235	4.540954413512105
15848.93192461114	88.43790654315778	17.687581308631554	5.6329876779081385	3.828480802734103
19952.62314968879	80.24713621796677	16.049427243593353	5.111282561653934	3.473902000777782
25118.864315095874	68.58201871902274	13.716403743804548	4.368281447071513	2.9689185592650538
31622.776601683858	63.17857563668085	12.63571512733617	4.024113097877761	2.735003274315188
39810.71705534977	46.64022367485908	9.328044734971815	2.970714883748986	2.0190573019419515
50118.72336272725	45.346310953418985	9.069262190683796	2.888300060727324	1.963043764217272
63095.73444801956	44.27532133144229	8.855064266288458	2.8200841612383627	1.9166805771187139
79432.82347242838	31.914146423085864	6.382829284617173	2.0327481798143863	1.3815647802201674
100000.0000000002	33.748036136744496	6.749607227348899	2.1495564418308595	1.4609539453136147