0.00001584893192461114	0.006904757461293823	0.0006904757461293822	0.00036727433304754376
0.000019952623149688786	0.009193663907320947	0.0009193663907320946	0.000489024675921327
0.000025118864315095822	0.012038929973195256	0.0012038929973195256	0.0006403686155954923
0.000031622776601683795	0.01596276240407503	0.0015962762404075027	0.0008490831065997355
0.000039810717055349776	0.02118451193189393	0.002118451193189393	0.0011268357410581878
0.00005011872336272725	0.028402202422417824	0.0028402202422417823	0.001510755448000948
0.00006309573444801943	0.03770361624218241	0.0037703616242182403	0.002005511502243745
0.00007943282347242822	0.050876164431207516	0.0050876164431207516	0.0027061789591067828
0.0001	0.0672368078614024	0.006723680786140241	0.003576425950074596
0.00012589254117941674	0.08950138888986217	0.008950138888986216	0.004760712174992668
0.00015848931924611142	0.1193421070013651	0.01193421070013651	0.006347984414966229
0.0001995262314968881	0.15912861840551112	0.01591286184055111	0.008464288213059102
0.0002511886431509582	0.2130510956850738	0.02130510956850738	0.011332505089631585
0.00031622776601683794	0.28406102714362863	0.02840610271436286	0.0151096291033845
0.00039810717055349773	0.3771626045676302	0.03771626045676301	0.020061840668490965
0.0005011872336272725	0.5028224366115135	0.050282243661151346	0.02674587428784646
0.0006309573444801936	0.673074047324112	0.0673074047324112	0.0358018110278783
0.0007943282347242822	0.8934920463717486	0.08934920463717484	0.047526172679348326
0.001	1.190867800281796	0.11908678002817959	0.06334403192988276
0.0012589254117941688	1.5870031304671983	0.15870031304671983	0.08441506013123395
0.001584893192461114	2.1232808877109184	0.2123280887710918	0.11294047275058075
0.0019952623149688807	2.828487600928968	0.2828487600928968	0.15045146813451957
0.002511886431509582	3.768475284548683	0.37684752845486824	0.20045081300790865
0.0031622776601683824	5.001571064981976	0.5001571064981976	0.2660410140947859
0.003981071705534978	6.683149495969294	0.6683149495969294	0.35548667531751565
0.005011872336272725	8.852798265161793	0.8852798265161792	0.47089352474264856
0.006309573444801936	11.813963226405297	1.1813963226405297	0.6284022992768775
0.00794328234724282	15.6901998192191	1.5690199819219097	0.8345850967669733
0.01000000000000001	21.007698721891924	2.100769872189192	1.1174307830793575
0.012589254117941687	27.8739977567626	2.78739977567626	1.4826594551469467
0.01584893192461114	38.37382294846181	3.83738229484618	2.041160795130947
0.01995262314968881	50.64955490160951	5.06495549016095	2.69412526072391
0.025118864315095822	66.68530252168054	6.668530252168054	3.5470905596638587
0.031622776601683826	87.5293181493421	8.75293181493421	4.655814795177771
0.039810717055349776	121.21341004179257	12.121341004179257	6.447521810733647
0.05011872336272725	158.24127082174869	15.824127082174869	8.41708887349727
0.06309573444801936	210.80717320448136	21.080717320448134	11.213147510876668
0.07943282347242822	278.1910564606777	27.81910564606777	14.797396620248813
0.1000000000000001	365.6008991234852	36.560089912348516	19.446856336355594
0.12589254117941687	483.3583429561973	48.335834295619726	25.710550157244537
0.15848931924611143	640.466641082142	64.0466641082142	34.06737452564585
0.19952623149688828	861.4425560663052	86.14425560663051	45.82141255671836
0.25118864315095824	1112.555818223526	111.25558182235261	59.1785009693365
0.31622776601683794	1360.2493421572974	136.02493421572973	72.3536884126222
0.39810717055349776	1690.6086263280301	169.060862632803	89.92599076212926
0.5011872336272725	2135.5624539948467	213.55624539948462	113.59374755291736
0.6309573444801942	2476.7841386907435	247.67841386907432	131.74383716440124
0.7943282347242822	2727.3572943896697	272.735729438967	145.07219651008882
1.000000000000002	2920.1568172299067	292.0156817229907	155.32749027818653
1.2589254117941688	3059.0606536631494	305.9060653663149	162.71599221612496
1.584893192461114	3159.14217121275	315.91421712127493	168.03947719216754
1.9952623149688828	3216.4466715388053	321.6446671538805	171.08758891163856
2.5118864315095824	3229.853343422218	322.9853343422218	171.80070975650096
3.1622776601683857	3200.3065860588076	320.0306586058807	170.2290737265323
3.9810717055349776	3130.851913588684	313.08519135886837	166.53467625471723
5.011872336272725	3026.3128139500386	302.63128139500384	160.9740858484063
6.309573444801943	2892.784444269688	289.2784444269688	153.8715129930685
7.943282347242821	2737.044227929226	273.70442279292257	145.58745893240564
10.000000000000021	2565.968089285093	256.5968089285093	136.48766432367515
12.589254117941687	2386.030897888928	238.60308978889276	126.91653712175147
15.848931924611142	2202.9427526898353	220.2942752689835	117.17780599414017
19.95262314968883	2021.4389025960068	202.14389025960065	107.52334588276631
25.11886431509582	1845.2110248138065	184.5211024813806	98.14952259647906
31.622776601683857	1676.9482733665861	167.6948273366586	89.19937624290351
39.81071705534978	1518.449578020859	151.8449578020859	80.76859457557761
50.11872336272725	1370.7714776433536	137.07714776433534	72.91337647039114
63.09573444801943	1234.3839278556395	123.43839278556393	65.65871956678933
79.43282347242821	1109.316063143072	110.93160631430719	59.006173571439994
100.0000000000002	995.2822890601083	99.52822890601082	52.94054729043129
125.89254117941688	880.7518850665439	88.07518850665438	46.848504524816164
158.48931924611142	787.9421331658805	78.79421331658804	41.91181559392981
199.5262314968883	704.6121245646618	70.46121245646617	37.479368327907544
251.18864315095823	629.7937763495413	62.97937763495412	33.49966895476283
316.2277660168386	562.3875746571096	56.23875746571095	29.9142326945271
398.1071705534977	502.1799669145879	50.21799669145879	26.711700367797228
501.18723362727246	448.0827057065608	44.80827057065607	23.83418647375323
630.9573444801943	399.78309550220774	39.97830955022077	21.26505827139403
794.3282347242822	356.61140565501637	35.66114056550163	18.968691790160445
1000.000000000002	318.1098414542288	31.81098414542288	16.92073624756536
1258.9254117941687	283.6687347862255	28.366873478622548	15.088762488629015
1584.893192461114	252.92314050606402	25.2923140506064	13.453358537556596
1995.2623149688789	225.4434467004443	22.544344670044428	11.991672696832143
2511.8864315095875	200.97660172628122	20.09766017262812	10.690244772674532
3162.277660168386	179.06873947395124	17.906873947395123	9.524932950742087
3981.0717055349774	159.0320469769488	15.903204697694878	8.459151434944085
5011.872336272725	141.49094019019697	14.149094019019694	7.526113839904093
6309.57344480193	125.18366690292812	12.51836669029281	6.6587056863259635
7943.282347242838	110.55234773889427	11.055234773889426	5.880444028664589
10000.00000000002	94.49179446720547	9.449179446720546	5.0261592801705035
12589.254117941688	85.1875142646674	8.51875142646674	4.531250758758904
15848.93192461114	73.0050666056738	7.30050666056738	3.8832482237060533
19952.62314968879	64.55337441123807	6.455337441123806	3.4336901282573438
25118.864315095874	53.563707214301886	5.356370721430188	2.849133362462866
31622.776601683858	50.93759288375142	5.093759288375142	2.7094464299867775
39810.71705534977	39.06687822353377	3.9066878223533767	2.078025437422009
50118.72336272725	34.001464594574266	3.400146459457426	1.8085885422645884
63095.73444801956	35.25327410461194	3.5253274104611934	1.8751741545006348
79432.82347242838	27.775482574224878	2.7775482574224872	1.4774192858630253
100000.0000000002	26.758606386779267	2.6758606386779262	1.4233301269563439