0.00001584893192461114	0.07207659505244562	0.014415319010489126	0.004590865926907365
0.000019952623149688786	0.09060143140684887	0.018120286281369774	0.0057707918093534314
0.000025118864315095822	0.11200439948215826	0.022400879896431653	0.00713403818357696
0.000031622776601683795	0.14020264177628275	0.028040528355256552	0.008930104571737756
0.000039810717055349776	0.175657950393837	0.0351315900787674	0.011188404483683885
0.00005011872336272725	0.2223324625542008	0.044466492510840165	0.014161303347401327
0.00006309573444801943	0.2786350648972515	0.0557270129794503	0.01774745636288226
0.00007943282347242822	0.35495191294759765	0.07099038258951954	0.0226084020985731
0.0001	0.442858782163685	0.08857175643273701	0.028207565742909876
0.00012589254117941674	0.5565340572857936	0.11130681145715873	0.03544802912648367
0.00015848931924611142	0.7005843831268936	0.14011687662537872	0.04462320911636265
0.0001995262314968881	0.8819034871383771	0.17638069742767543	0.05617219663301765
0.0002511886431509582	1.1147156890603076	0.22294313781206151	0.0710009993032043
0.00031622776601683794	1.4031416902953473	0.2806283380590695	0.08937208218441703
0.00039810717055349773	1.7588568827215922	0.3517713765443185	0.1120291008102925
0.0005011872336272725	2.213765577780401	0.4427531155560802	0.14100417692868797
0.0006309573444801936	2.797685164357017	0.5595370328714033	0.17819650728388642
0.0007943282347242822	3.506312456940874	0.7012624913881749	0.22333200362680727
0.001	4.412183751051833	0.8824367502103667	0.2810308121689066
0.0012589254117941688	5.551440857066514	1.110288171413303	0.3535949590488226
0.001584893192461114	7.012664572588866	1.4025329145177734	0.44666653328591505
0.0019952623149688807	8.820432525331265	1.764086505066253	0.5618109888746029
0.002511886431509582	11.096262657828195	2.219252531565639	0.7067683221546621
0.0031622776601683824	13.906325469539368	2.781265093907874	0.885753214620342
0.003981071705534978	17.547143084158364	3.509428616831673	1.117652425742571
0.005011872336272725	21.951072172433047	4.3902144344866105	1.3981574632122962
0.006309573444801936	27.666812660243803	5.533362532048761	1.7622173668945098
0.00794328234724282	34.70791014709697	6.9415820294193935	2.2106949138278322
0.01000000000000001	43.90107681986979	8.780215363973959	2.796246931201898
0.012589254117941687	55.03866668556088	11.007733337112176	3.505647559589865
0.01584893192461114	71.60931193349134	14.321862386698271	4.561102670923016
0.01995262314968881	89.34959724381959	17.86991944876392	5.6910571492878725
0.025118864315095822	111.24344721253185	22.24868944250637	7.085569886148526
0.031622776601683826	138.1351461279549	27.62702922559098	8.798416950825153
0.039810717055349776	181.06224263121746	36.2124485262435	11.532626919185827
0.05011872336272725	223.8685708482595	44.7737141696519	14.25914464001653
0.06309573444801936	282.6719116658159	56.53438233316319	18.004580360879995
0.07943282347242822	353.8830724203949	70.77661448407899	22.540323084101587
0.1000000000000001	441.68835505416166	88.33767101083234	28.133016245488005
0.12589254117941687	555.3016981460362	111.06033962920725	35.36953491376027
0.15848931924611143	700.745521642942	140.1491043285884	44.63347271611096
0.19952623149688828	899.179218497599	179.8358436995198	57.27256168774516
0.25118864315095824	1110.0714280696027	222.01428561392055	70.70518650124858
0.31622776601683794	1300.1949803739253	260.0389960747851	82.81496690279779
0.39810717055349776	1551.8052998581445	310.36105997162895	98.84110190179265
0.5011872336272725	1887.2707498882312	377.4541499776463	120.20832801835869
0.6309573444801942	2113.1307635237595	422.6261527047519	134.59431614801017
0.7943282347242822	2277.633485208394	455.5266970416789	145.07219651008882
1.000000000000002	2438.6415973675284	487.72831947350574	155.32749027818653
1.2589254117941688	2554.641077793162	510.9282155586324	162.71599221612496
1.584893192461114	2638.2197919170303	527.6439583834061	168.03947719216754
1.9952623149688828	2686.0751459127255	537.2150291825451	171.08758891163856
2.5118864315095824	2697.271143177065	539.4542286354131	171.80070975650096
3.1622776601683857	2672.5964575065573	534.5192915013115	170.2290737265323
3.9810717055349776	2614.5944171990604	522.9188834398121	166.53467625471723
5.011872336272725	2527.293147819979	505.4586295639958	160.9740858484063
6.309573444801943	2415.7827539911755	483.1565507982351	153.8715129930685
7.943282347242821	2285.7231052387683	457.14462104775373	145.58745893240564
10.000000000000021	2142.8563298817	428.57126597634	136.48766432367515
12.589254117941687	1992.589632811498	398.51792656229964	126.91653712175147
15.848931924611142	1839.6915541080007	367.93831082160017	117.17780599414017
19.95262314968883	1688.116530359431	337.6233060718862	107.52334588276631
25.11886431509582	1540.947504764721	308.1895009529443	98.14952259647906
31.622776601683857	1400.430207013585	280.08604140271706	89.19937624290351
39.81071705534978	1268.0669348365684	253.61338696731372	80.76859457557761
50.11872336272725	1144.740010585141	228.9480021170282	72.91337647039114
63.09573444801943	1030.8418971985925	206.1683794397185	65.65871956678933
79.43282347242821	926.3969250716078	185.27938501432158	59.006173571439994
100.0000000000002	831.1665924597712	166.23331849195426	52.94054729043129
125.89254117941688	735.5215210396137	147.10430420792275	46.848504524816164
158.48931924611142	658.0155048246979	131.6031009649396	41.91181559392981
199.5262314968883	588.4260827481484	117.68521654962969	37.479368327907544
251.18864315095823	525.9448025897765	105.1889605179553	33.49966895476283
316.2277660168386	469.65345330407547	93.9306906608151	29.9142326945271
398.1071705534977	419.37369577441643	83.8747391548833	26.711700367797228
501.18723362727246	374.19672763792573	74.83934552758515	23.83418647375323
630.9573444801943	333.8614148608862	66.77228297217725	21.26505827139403
794.3282347242822	297.808461105519	59.5616922211038	18.968691790160445
1000.000000000002	265.6555590867762	53.13111181735524	16.92073624756536
1258.9254117941687	236.89357107147552	47.37871421429511	15.088762488629015
1584.893192461114	211.21772903963856	42.24354580792772	13.453358537556596
1995.2623149688789	188.26926134026465	37.65385226805293	11.991672696832143
2511.8864315095875	167.83684293099014	33.567368586198036	10.690244772674532
3162.277660168386	149.54144732665077	29.908289465330157	9.524932950742087
3981.0717055349774	132.80867752862213	26.561735505724428	8.459151434944085
5011.872336272725	118.15998728649426	23.631997457298855	7.526113839904093
6309.57344480193	104.54167927531762	20.908335855063527	6.6587056863259635
7943.282347242838	92.32297125003404	18.464594250006808	5.880444028664589
10000.00000000002	78.9107006986769	15.782140139735382	5.0261592801705035
12589.254117941688	71.14063691251478	14.228127382502958	4.531250758758904
15848.93192461114	60.966997112185034	12.193399422437007	3.8832482237060533
19952.62314968879	53.908935013640296	10.78178700272806	3.4336901282573438
25118.864315095874	44.73139379066699	8.9462787581334	2.849133362462866
31622.776601683858	42.538308950792405	8.507661790158481	2.7094464299867775
39810.71705534977	32.62499936752554	6.5249998735051085	2.078025437422009
50118.72336272725	28.394840113554036	5.678968022710808	1.8085885422645884
63095.73444801956	29.440234225659967	5.888046845131994	1.8751741545006348
79432.82347242838	23.195482788049496	4.6390965576099	1.4774192858630253
100000.0000000002	22.346282993214597	4.46925659864292	1.4233301269563439