0.00001584893192461114	161.70262228432668	32.34052445686533	10.299530081804244	7.00011351880202
0.000019952623149688786	190.82488440707112	38.16497688141422	12.154451236119177	8.260817506799615
0.000025118864315095822	231.6746705373617	46.334934107472336	14.75634844187017	10.029206516768904
0.000031622776601683795	277.01487327437803	55.40297465487561	17.6442594442279	11.991985856033681
0.000039810717055349776	329.13751459639195	65.82750291927839	20.964172904228782	14.248377255255061
0.00005011872336272725	393.80057011494966	78.76011402298992	25.082838860824815	17.047643727919898
0.00006309573444801943	465.3500239666534	93.07000479333068	29.64012891507346	20.145022682539107
0.00007943282347242822	553.9059923118549	110.78119846237097	35.28063645298438	23.978614385794582
0.0001	657.8052045463095	131.5610409092619	41.89842067173945	28.476415781225516
0.00012589254117941674	781.7849631355998	156.35699262711995	49.79522058188533	33.84350489764501
0.00015848931924611142	929.6113294653111	185.92226589306222	59.210912704796876	40.24291469546801
0.0001995262314968881	1105.7037466488994	221.14074932977985	70.42699023241396	47.86596305839391
0.0002511886431509582	1313.0038192178188	262.60076384356375	83.63081651068909	56.83999217393155
0.00031622776601683794	1561.685957320062	312.3371914640124	99.4704431414052	67.60545269783817
0.00039810717055349773	1854.4250214105996	370.8850042821199	118.116243401949	80.27813945500431
0.0005011872336272725	2205.5773404633305	441.11546809266605	140.48263315053057	95.47953854819612
0.0006309573444801936	2621.0312934017616	524.2062586803523	166.94466836953893	113.46455815592041
0.0007943282347242822	3112.1207597274633	622.4241519454927	198.22425221194032	134.7238424124443
0.001	3701.091843260938	740.2183686521876	235.73833396566482	160.2204261151921
0.0012589254117941688	4395.022994030286	879.0045988060572	279.9377703204003	190.26073567230674
0.001584893192461114	5237.3532464566615	1047.4706492913322	333.5893787552013	226.72524876435762
0.0019952623149688807	6223.001272859908	1244.6002545719814	396.36950782547177	269.3939944960999
0.002511886431509582	7398.584500976304	1479.7169001952607	471.2474204443505	320.2850433323075
0.0031622776601683824	8790.856609486325	1758.171321897265	559.9271725787468	380.5565631812262
0.003981071705534978	10444.59766551221	2088.919533102442	665.2609978033254	452.1470850871086
0.005011872336272725	12445.02381372955	2489.0047627459094	792.6766760337291	538.7456196419718
0.006309573444801936	14787.063041502961	2957.412608300592	941.8511491403159	640.1325991992624
0.00794328234724282	17562.166753845166	3512.4333507690335	1118.609347378673	760.2669590409163
0.01000000000000001	20842.647395307737	4168.529479061547	1327.5571589367985	902.2791080219799
0.012589254117941687	24727.866908908225	4945.5733817816445	1575.023369994154	1070.470428957066
0.01584893192461114	29361.751602788772	5872.350320557754	1870.1752613241254	1271.0714979562238
0.01995262314968881	34754.80777535199	6950.961555070398	2213.6820239077697	1504.5371331321207
0.025118864315095822	41422.68813943679	8284.537627887357	2638.387779581961	1793.1899627461812
0.031622776601683826	49098.11795249606	9819.623590499212	3127.2686593946532	2125.459651623206
0.039810717055349776	58275.7879319861	11655.157586397221	3711.8336262411526	2522.7613823370607
0.05011872336272725	69398.9321704476	13879.78643408952	4420.314150983922	3004.2827779414542
0.06309573444801936	82365.68315912789	16473.13663182558	5246.221857269292	3565.613989572636
0.07943282347242822	97629.63231535401	19525.926463070802	6218.447918175414	4226.391009322684
0.1000000000000001	115877.44953511585	23175.48990702317	7380.729269752602	5016.339806714972
0.12589254117941687	137076.55568992352	27415.311137984707	8730.990808275383	5934.050029866819
0.15848931924611143	160404.71533601536	32080.94306720307	10216.860849427729	6943.927070823175
0.19952623149688828	189980.85060678187	37996.17012135637	12100.691121451073	8224.279247046834
0.25118864315095824	220739.7504687536	44147.95009375072	14059.856717755003	9555.833353625696
0.31622776601683794	258059.25733070218	51611.85146614043	16436.895371382303	11171.396421242518
0.39810717055349776	298163.6948359805	59632.7389671961	18991.318142419135	12907.519256968852
0.5011872336272725	339342.8835099509	67868.57670199018	21614.1964019077	14690.168117313891
0.6309573444801942	378301.7992074745	75660.35984149491	24095.65600047608	16376.701264392836
0.7943282347242822	416617.47494317783	83323.49498863556	26536.144900839347	18035.388525678693
1.000000000000002	448555.5321351699	89711.10642703397	28570.41605956496	19417.988404119907
1.2589254117941688	474289.2037070818	94857.84074141635	30209.50342083323	20532.00016047973
1.584893192461114	498615.47701378097	99723.0954027562	31758.9475804956	21585.085585012162
1.9952623149688828	521159.70915831794	104231.94183166359	33194.88593365082	22561.02637048995
2.5118864315095824	541637.3593134958	108327.47186269915	34499.19486073221	23447.504732185964
3.1622776601683857	560108.894993243	112021.7789986486	35675.72579574796	24247.1383113958
3.9810717055349776	576551.738826461	115310.34776529219	36723.0406895835	24958.949732747227
5.011872336272725	591031.5703742644	118206.31407485287	37645.32295377479	25585.78226728417
6.309573444801943	603659.4930675272	120731.89861350544	38449.64923996988	26132.44558733884
7.943282347242821	614458.7673919863	122891.75347839725	39137.50110776982	26599.946640345726
10.000000000000021	623646.267909298	124729.2535818596	39722.69222352216	26997.673935467443
12.589254117941687	631419.352273334	126283.87045466682	40217.79313842892	27334.171094083726
15.848931924611142	637893.3992664671	127578.67985329342	40630.15281952019	27614.43286867823
19.95262314968883	643305.198890039	128661.0397780078	40974.85343248656	27848.709908659697
25.11886431509582	647728.7066566418	129545.74133132835	41256.60551953132	28040.203751369772
31.622776601683857	651351.635466953	130270.3270933906	41487.36531636643	28197.04049640489
39.81071705534978	654276.2254461434	130855.24508922867	41673.64493287537	28323.64612320967
50.11872336272725	656650.1716476569	131330.03432953137	41824.851697302984	28426.414357041424
63.09573444801943	658582.5565964183	131716.51131928366	41947.93354117314	28510.06738512633
79.43282347242821	660158.0787625883	132031.61575251768	42048.28527150244	28578.271807904257
100.0000000000002	661393.6964768505	132278.7392953701	42126.987036742066	28631.76175224461
125.89254117941688	662410.0608302794	132482.01216605588	42191.72361976301	28675.760209103002
158.48931924611142	663338.2372402125	132667.6474480425	42250.84313631926	28715.941006069803
199.5262314968883	663879.6236245106	132775.9247249021	42285.32634551022	28739.377646082707
251.18864315095823	664391.4313025497	132878.28626050992	42317.92556067195	28761.533822621197
316.2277660168386	664809.059006834	132961.8118013668	42344.5260513907	28779.612944018787
398.1071705534977	665083.9383823043	133016.78767646087	42362.03429186651	28791.512484082436
501.18723362727246	665326.2314090172	133065.24628180344	42377.46696872721	28802.001359697715
630.9573444801943	665569.2824839307	133113.85649678615	42392.94792891278	28812.52305125241
794.3282347242822	665634.9409808372	133126.98819616743	42397.129998779434	28815.36541042585
1000.000000000002	665828.4071835683	133165.68143671364	42409.45268685148	28823.74057071724
1258.9254117941687	665905.0576184363	133181.01152368725	42414.33488015517	28827.058771360877
1584.893192461114	665748.597838285	133149.719567657	42404.369289062735	28820.285620704977
1995.2623149688789	665338.5783979142	133067.71567958285	42378.253401141024	28802.535861381566
2511.8864315095875	664305.9360514928	132861.18721029855	42312.48000327979	28757.83272950185
3162.277660168386	659810.2878345255	131962.0575669051	42026.13298309079	28563.21592357253
3981.0717055349774	654300.6962668737	130860.13925337474	41675.2035838773	28324.70546609843
5011.872336272725	644896.4701945982	128979.29403891963	41076.20829264956	27917.596112320265
6309.57344480193	630343.5160282663	126068.70320565326	40149.26853683225	27287.598096461745
7943.282347242838	610655.4986890495	122131.0997378099	38895.25469357003	26435.302973551927
10000.00000000002	588701.5866520446	117740.3173304089	37496.91634726398	25484.917171084177
12589.254117941688	586612.7055191646	117322.54110383292	37363.86659357736	25394.48941641405
15848.93192461114	569034.916312345	113806.98326246897	36244.26218549967	24633.54616070757
19952.62314968879	575998.2945472816	115199.6589094563	36687.789461610286	24934.99110594292
25118.864315095874	562293.3742285939	112458.67484571878	35814.86460054738	24341.70451206034
31622.776601683858	569513.7889550647	113902.75779101295	36274.76362771112	24654.27657814133
39810.71705534977	546293.3743030524	109258.67486061048	34795.75632503518	23649.063822642962
50118.72336272725	548978.3649376106	109795.67298752212	34966.77483679048	23765.297183446346
63095.73444801956	573885.7159272522	114777.14318545043	36553.23031383772	24843.53748602823
79432.82347242838	549090.9966978186	109818.19933956371	34973.948834255956	23770.173017221583
100000.0000000002	563500.3240866867	112700.06481733733	35891.740387687045	24393.953423666087