0.00001584893192461114	1784.9283013459014	356.9856602691803	113.68970072266887	77.2696234348875
0.000019952623149688786	1995.1651629984804	399.03303259969607	127.08058363047644	86.37078627699049
0.000025118864315095822	2285.629783115163	457.1259566230326	145.58151484809954	98.94501225606766
0.000031622776601683795	2586.4053427116582	517.2810685423317	164.73919380329033	111.96559925158694
0.000039810717055349776	2904.85989280457	580.971978560914	185.02292310857132	125.75151051102034
0.00005011872336272725	3287.6135957161227	657.5227191432245	209.4021398545301	142.32093487948583
0.00006309573444801943	3660.2320204054545	732.0464040810909	233.1357974780544	158.45160261495474
0.00007943282347242822	4116.01095556189	823.2021911123779	262.16630290203113	178.18229244856664
0.0001	4611.945262395688	922.3890524791374	293.75447531182715	199.65131006041935
0.00012589254117941674	5174.601897631805	1034.9203795263609	329.5924775561658	224.00874015722096
0.00015848931924611142	5810.468175969066	1162.093635193813	370.0935143929341	251.5354188731197
0.0001995262314968881	6525.285397126055	1305.057079425211	415.62327370229644	282.4798873214742
0.0002511886431509582	7314.515157930586	1462.903031586117	465.8926852185086	316.6456778324929
0.00031622776601683794	8214.232895407811	1642.8465790815621	523.1995474782044	355.59449763670176
0.00039810717055349773	9207.562068363994	1841.5124136727986	586.4689215518466	398.5957605352378
0.0005011872336272725	10339.880648408627	2067.976129681725	658.5911241024602	447.6138808834903
0.0006309573444801936	11600.572381710454	2320.1144763420903	738.8899606185	502.18928059352606
0.0007943282347242822	13002.727630228732	2600.545526045746	828.1992121164795	562.8886420012437
0.001	14600.805176418022	2920.161035283604	929.987590854651	632.0694881566243
0.0012589254117941688	16364.954858074332	3272.9909716148663	1042.3538126161993	708.439604245642
0.001584893192461114	18443.24991854028	3688.6499837080564	1174.7292941745402	798.4090873826962
0.0019952623149688807	20690.931831502898	4138.18636630058	1317.8937472294838	895.7113346970951
0.002511886431509582	23228.86084370543	4645.772168741087	1479.5452766691358	1005.5783915023997
0.0031622776601683824	26063.36754663469	5212.673509326938	1660.0871048811903	1128.284309378125
0.003981071705534978	29247.373113941765	5849.474622788353	1862.8900072574372	1266.1200482225872
0.005011872336272725	32912.04106940828	6582.408213881656	2096.308348369954	1424.763682658367
0.006309573444801936	36940.08765234808	7388.017530469616	2352.871824990323	1599.1379936081419
0.00794328234724282	41411.60207382129	8282.320414764257	2637.681660752948	1792.71004648577
0.01000000000000001	46429.92421345552	9285.984842691103	2957.3200135958923	2009.9534291539183
0.012589254117941687	52016.88212488187	10403.376424976374	3313.177205406488	2251.813078999215
0.01584893192461114	58345.29722160766	11669.05944432153	3716.26096952915	2525.770442493838
0.01995262314968881	65260.32725758463	13052.065451516926	4156.708742521313	2825.1223921032306
0.025118864315095822	73663.14949786608	14732.629899573216	4691.920350182552	3188.8809306435533
0.031622776601683826	82568.98646754687	16513.79729350937	5259.171112582602	3574.414998595102
0.039810717055349776	92776.01140162276	18555.202280324553	5909.300089275334	4016.277549853799
0.05011872336272725	104642.43371119062	20928.48674223812	6665.123166317872	4529.975485332927
0.06309573444801936	117811.62792129247	23562.325584258495	7503.9253453052515	5100.0704727832235
0.07943282347242822	132690.58866019067	26538.117732038136	8451.629850967558	5744.181327280981
0.1000000000000001	149273.1211315253	29854.624226305055	9507.842110288233	6462.039875823605
0.12589254117941687	167117.6930770201	33423.538615404024	10644.439049491726	7234.532167836368
0.15848931924611143	185774.85797403523	37154.971594807044	11832.793501530905	8042.201643897629
0.19952623149688828	210350.42892563585	42070.085785127165	13398.116492078714	9106.07917426995
0.25118864315095824	233181.64659574055	46636.329319148106	14852.334178072644	10094.443575573183
0.31622776601683794	262989.9076649332	52597.98153298663	16750.949532798288	11384.844487659444
0.39810717055349776	293341.16951414786	58668.23390282957	18684.150924468013	12698.751927019386
0.5011872336272725	327469.7393844312	65493.94787688624	20857.94518372173	14176.17919413122
0.6309573444801942	352609.4157516276	70521.8831503255	22459.198455517675	15264.476872364829
0.7943282347242822	378030.7064721368	75606.14129442735	24078.388947269854	16364.965648144447
1.000000000000002	398484.66935927945	79696.93387185589	25381.18913116429	17250.418586981792
1.2589254117941688	418202.5687030674	83640.51374061347	26637.106286819577	18104.00730316309
1.584893192461114	447202.09927056107	89440.4198541122	28484.21014462172	19359.398236820824
1.9952623149688828	475465.47807802184	95093.09561560437	30284.42535528801	20582.921128918693
2.5118864315095824	502510.6268311141	100502.12536622283	32007.04629497542	21753.70678922572
3.1622776601683857	528141.1936842044	105628.23873684088	33639.566476700915	22863.255137844346
3.9810717055349776	552026.3668654015	110405.2733730803	35160.91508696824	23897.24531884855
5.011872336272725	573919.7655169687	114783.95310339374	36555.399077513925	24845.01149424107
6.309573444801943	593674.3456382965	118734.86912765929	37813.65258842652	25700.188122869975
7.943282347242821	611164.9405927503	122232.98811855007	38927.70322246817	26457.356735616897
10.000000000000021	626435.6108722142	125287.12217444285	39900.357380395806	27118.424713082866
12.589254117941687	639594.915122563	127918.9830245126	40738.52962564095	27688.091563747315
15.848931924611142	650771.9743607033	130154.39487214063	41450.444226796375	28171.946942021783
19.95262314968883	660203.5756028647	132040.71512057295	42051.18315941813	28580.24136808938
25.11886431509582	668036.5535130095	133607.31070260188	42550.09894987321	28919.3313209095
31.622776601683857	674506.8536672818	134901.37073345637	42962.219978807756	29199.430894687524
39.81071705534978	679797.1469223315	135959.4293844663	43299.18133263257	29428.447918715647
50.11872336272725	684111.2581157387	136822.25162314772	43573.965485078894	29615.205979036306
63.09573444801943	687619.0596208054	137523.81192416107	43797.39233253537	29767.05885804352
79.43282347242821	690466.1071658436	138093.2214331687	43978.73294049958	29890.307669517035
100.0000000000002	692740.1366115116	138548.0273223023	44123.57558035105	29988.750502662835
125.89254117941688	694567.1524275121	138913.4304855024	44239.94601449121	30067.842096429093
158.48931924611142	696118.0785360499	139223.61570720997	44338.73111694585	30134.981754807355
199.5262314968883	697293.2084425082	139458.64168850164	44413.58015557376	30185.85317932936
251.18864315095823	698232.7804593304	139646.55609186608	44473.425506963715	30226.527292611707
316.2277660168386	698909.6652109618	139781.93304219237	44516.53918541157	30255.829662812197
398.1071705534977	699557.4317667454	139911.48635334906	44557.79820170352	30283.87150505391
501.18723362727246	700015.5784328008	140003.11568656014	44586.979518012784	30303.704694060638
630.9573444801943	700448.3964839721	140089.6792967944	44614.54754674981	30322.441406232556
794.3282347242822	700641.9759297589	140128.39518595178	44626.87744775534	30330.82146882073
1000.000000000002	700903.1044937053	140180.62089874106	44643.50984036339	30342.125735658235
1258.9254117941687	701090.6945770592	140218.13891541184	44655.45825331587	30350.246518487413
1584.893192461114	701001.1964527493	140200.23929054986	44649.7577358439	30346.372140811658
1995.2623149688789	700953.6156269814	140190.72312539627	44646.72710999881	30344.312364804387
2511.8864315095875	700497.6970360111	140099.53940720222	44617.687709300066	30324.57562926455
3162.277660168386	697917.7251758482	139583.54503516963	44453.3582914553	30212.888535751004
3981.0717055349774	693438.0718509825	138687.6143701965	44168.0300542027	30018.96414939318
5011.872336272725	688108.5720683022	137621.71441366043	43828.57146931861	29788.249873086676
6309.57344480193	675280.1026071849	135056.02052143696	43011.471503642344	29232.904874769905
7943.282347242838	663393.7558760208	132678.75117520415	42254.379355160556	28718.34441021735
10000.00000000002	628139.3476359417	125627.86952718835	40008.87564560138	27192.179551339468
12589.254117941688	635179.1685132737	127035.83370265474	40457.271879826345	27496.93370187332
15848.93192461114	607785.85179121	121557.170358242	38712.4746363828	26311.075835117317
19952.62314968879	618418.3703892254	123683.67407784509	39389.70512033283	26771.358025507594
25118.864315095874	593270.290238092	118654.0580476184	37787.916575674644	25682.696547103547
31622.776601683858	606949.5590216649	121389.91180433297	38659.20758099776	26274.872684920556
39810.71705534977	562068.0539834487	112413.61079668974	35800.51299257635	24331.95038889388
50118.72336272725	561928.4937693116	112385.6987538623	35791.62380696252	24325.90882118232
63095.73444801956	611303.4470193195	122260.68940386389	38936.52528785474	26463.352684819023
79432.82347242838	565504.4948197909	113100.89896395817	36019.39457450897	24480.714061462808
100000.0000000002	592266.5787062204	118453.31574124406	37723.985904854795	25639.245831438107