0.00001584893192461114	138.52675276098748	27.705350552197494	8.82336004847054	5.9968291238522715
0.000019952623149688786	164.01784683602224	32.803569367204446	10.44699661375938	7.1003396898710935
0.000025118864315095822	199.02947435115	39.80589487023	12.677036582875795	8.615994560655844
0.000031622776601683795	238.56521935254193	47.71304387050838	15.195236901435791	10.327498673270213
0.000039810717055349776	283.81446714734403	56.762893429468804	18.07735459537223	12.286340569149091
0.00005011872336272725	340.242528305677	68.04850566113541	21.67149861819599	14.72911377946654
0.00006309573444801943	401.2495351613002	80.24990703226004	25.557295233203835	17.370109747242434
0.00007943282347242822	477.9473442383393	95.58946884766787	30.442506002442	20.690361222438934
0.0001	567.2632651212045	113.4526530242409	36.13141816058628	24.55685130394825
0.00012589254117941674	674.1765839473355	134.8353167894671	42.94118369091309	29.185133504213656
0.00015848931924611142	801.8683455453963	160.37366910907926	51.07441691371951	34.7129153915756
0.0001995262314968881	953.8617635689433	190.77235271378865	60.75552634197091	41.2927170376166
0.0002511886431509582	1132.5670009181579	226.51340018363155	72.1380255361884	49.028874498621555
0.00031622776601683794	1347.2116957344329	269.4423391468865	85.80966214869	58.320852629196224
0.00039810717055349773	1599.563543736891	319.9127087473782	101.88302826349624	69.24517505354507
0.0005011872336272725	1902.6428772671659	380.5285754534332	121.18744441192139	82.36549252238814
0.0006309573444801936	2261.0084557873183	452.20169115746364	144.0132774386827	97.87915393018694
0.0007943282347242822	2684.3141935523704	536.8628387104741	170.9754263409153	116.20407764295976
0.001	3192.608326904455	638.521665380891	203.35084884741752	138.20815267984653
0.0012589254117941688	3790.058033052443	758.0116066104886	241.4049702581174	164.07177632261659
0.001584893192461114	4523.983251036333	904.7966502072666	288.1517994290658	195.84343078079365
0.0019952623149688807	5375.314388534752	1075.0628777069503	342.3767126455256	232.697592577262
0.002511886431509582	6391.116074695909	1278.2232149391818	407.0774569870006	276.67169154527744
0.0031622776601683824	7594.253801551462	1518.8507603102923	483.71043321983836	328.7555758247386
0.003981071705534978	9024.501330291216	1804.900266058243	574.8090019293768	390.67105325935995
0.005011872336272725	10753.328537541982	2150.6657075083963	684.9253845568142	465.5120579022503
0.006309573444801936	12779.101493426111	2555.820298685222	813.9555091354212	553.2078568582732
0.00794328234724282	15166.735464371866	3033.347092874373	966.034106010947	656.5686348212929
0.01000000000000001	18000.22254490591	3600.044508981182	1146.5109901213957	779.2304131993901
0.012589254117941687	21343.34437984718	4268.668875969436	1359.4486866144703	923.9543021578867
0.01584893192461114	25332.271808208734	5066.454361641747	1613.520497338136	1096.6351432124993
0.01995262314968881	29975.03627329645	5995.007254659289	1909.2379791908565	1297.6206178916211
0.025118864315095822	35782.57522226273	7156.515044452545	2279.1449186154605	1549.0292304009838
0.031622776601683826	42402.40811097559	8480.481622195117	2700.7903255398464	1835.6020827262162
0.039810717055349776	50346.79466661852	10069.358933323703	3206.802208064874	2179.5149206328365
0.05011872336272725	59976.62088067269	11995.324176134538	3820.1669350746943	2596.3905143148354
0.06309573444801936	71275.07214216248	14255.014428432494	4539.813512239648	3085.5009585351722
0.07943282347242822	84676.17838610576	16935.235677221153	5393.387158350686	3665.6354279699467
0.1000000000000001	100398.41306476407	20079.682612952813	6394.803379921279	4346.251647825285
0.12589254117941687	118357.80320038673	23671.560640077343	7538.713579642466	5123.714424259166
0.15848931924611143	138401.96378692525	27680.39275738505	8815.411706173583	5991.4270037629985
0.19952623149688828	164651.93223432737	32930.38644686547	10487.384218746967	7127.789274213306
0.25118864315095824	191510.14157289785	38302.02831457957	12198.098189356551	8290.482319173067
0.31622776601683794	226262.5318923281	45252.506378465616	14411.626235180132	9794.914800533683
0.39810717055349776	263874.9407633096	52774.98815266192	16807.321067726727	11423.157608801283
0.5011872336272725	307312.4839325498	61462.49678650995	19574.04356258279	13303.570733010813
0.6309573444801942	344329.04060254165	68865.80812050833	21931.786025639594	14906.019073703103
0.7943282347242822	383030.88815631566	76606.17763126313	24396.871857090173	16581.423729710637
1.000000000000002	417639.2863108696	83527.85726217393	26601.228427443926	18079.622784020332
1.2589254117941688	448979.3811184446	89795.87622368892	28597.412810092013	19436.336844954312
1.584893192461114	480113.07627315645	96022.61525463128	30580.45071803544	20784.1158559808
1.9952623149688828	510456.4439971836	102091.28879943672	32513.14929918367	22097.681558319637
2.5118864315095824	539491.9283727978	107898.38567455955	34362.54320845846	23354.628933887354
3.1622776601683857	567008.7274185398	113401.74548370796	36115.205568059864	24545.832355780945
3.9810717055349776	592651.683907444	118530.3367814888	37748.51489856331	25655.917052270306
5.011872336272725	616156.2850571786	123231.25701143571	39245.62325204959	26673.432253557512
6.309573444801943	637364.6654471754	127472.93308943507	40596.47550618952	27591.543958752183
7.943282347242821	656142.4470432991	131228.4894086598	41792.512550528605	28404.434936939353
10.000000000000021	672536.9328844551	134507.386576891	42836.74731748122	29114.152938721
12.589254117941687	686664.6707809335	137332.93415618667	43736.603234454364	29725.743323849932
15.848931924611142	698664.2841621402	139732.85683242805	44500.9098192446	30245.207106586156
19.95262314968883	708789.9859286166	141757.99718572333	45145.858976345015	30683.54917439899
25.11886431509582	717199.4167585556	143439.88335171112	45681.4915132838	31047.593799071674
31.622776601683857	724145.8861882506	144829.17723765012	46123.94179542998	31348.306761396132
39.81071705534978	729825.508384148	145965.1016768296	46485.70117096484	31594.17785212762
50.11872336272725	734457.1082801004	146891.42165602007	46780.707533764355	31794.68001212556
63.09573444801943	738223.0596794793	147644.61193589587	47020.57704964837	31957.70821123287
79.43282347242821	741279.6302040225	148255.92604080448	47215.2630703199	32090.027281559414
100.0000000000002	743721.0124660383	148744.20249320767	47370.76512522537	32195.714825369625
125.89254117941688	745682.4839914415	149136.4967982883	47495.69961728927	32280.62701261652
158.48931924611142	747347.5475192225	149469.50950384449	47601.75461905875	32352.707684814824
199.5262314968883	748609.1588473681	149721.83176947362	47682.11202849478	32407.32289382546
251.18864315095823	749617.8768567704	149923.57537135406	47746.36158323378	32450.99034011993
316.2277660168386	750344.5756377425	150068.9151275485	47792.64812979252	32482.449161807035
398.1071705534977	751040.013325337	150208.00266506738	47836.94352390682	32512.554689408527
501.18723362727246	751531.8764127039	150306.37528254077	47868.27238297477	32533.847463753413
630.9573444801943	751996.5468745674	150399.3093749135	47897.86922767945	32553.96306816309
794.3282347242822	752204.3724267541	150440.87448535083	47911.10652399708	32562.95984531403
1000.000000000002	752484.7182443242	150496.94364886484	47928.96294549836	32575.096027892825
1258.9254117941687	752686.1136584879	150537.22273169758	47941.79067888458	32583.814444090385
1584.893192461114	752590.0290921291	150518.00581842582	47935.67064281077	32579.65493905321
1995.2623149688789	752538.9466471488	150507.78932942977	47932.41698389483	32577.44357779865
2511.8864315095875	752049.4756057608	150409.89512115216	47901.24048444337	32556.254355227742
3162.277660168386	749279.6356866249	149855.927137325	47724.81755965764	32436.34786522186
3981.0717055349774	744470.310904951	148894.06218099018	47418.49114044273	32228.151987227313
5011.872336272725	738748.5968525496	147749.7193705099	47054.05075493947	31980.45873820561
6309.57344480193	724976.0408942937	144995.20817885874	46176.81789135629	31384.244194558167
7943.282347242838	712214.9413733903	142442.98827467806	45364.00900467454	30831.81564386971
10000.00000000002	674366.0528732188	134873.21057464377	42953.25177536426	29193.335622217266
12589.254117941688	681923.9558064584	136384.79116129168	43434.6468666534	29520.51756737915
15848.93192461114	652514.6807109095	130502.93614218189	41561.444631268125	28247.38877536405
19952.62314968879	663929.6790325884	132785.93580651766	42288.51458806296	28741.544546865298
25118.864315095874	636930.874368168	127386.17487363359	40568.8455011572	27572.765124163117
31622.776601683858	651616.8425860298	130323.36851720596	41504.25748955604	28208.521324070556
39810.71705534977	603432.3696445683	120686.47392891365	38435.182779908806	26122.613404526764
50118.72336272725	603282.5387653215	120656.5077530643	38425.63941180392	26116.127219277987
63095.73444801956	656291.1465835118	131258.22931670235	41801.98385882241	28410.87214647237
79432.82347242838	607121.7087242777	121424.34174485553	38670.172530208765	26282.325052999033
100000.0000000002	635853.2966196651	127170.65932393301	40500.209975774844	27526.116736782038