0.00001584893192461114	55.75070412625782	11.150140825251565	3.279453183897519
0.000019952623149688786	66.00970764223497	13.201941528446994	3.8829239789549983
0.000025118864315095822	80.1002919349489	16.020058386989778	4.711781878526406
0.000031622776601683795	96.01162731279314	19.202325462558626	5.647742783105478
0.000039810717055349776	114.22238715133736	22.84447743026747	6.718963950078668
0.00005011872336272725	136.93210985366986	27.38642197073397	8.054829991392344
0.00006309573444801943	161.48464949707568	32.29692989941513	9.499097029239746
0.00007943282347242822	192.352021869284	38.470404373856795	11.314824815840234
0.0001	228.2976091270486	45.65952182540972	13.429271125120506
0.00012589254117941674	271.32534699163335	54.265069398326666	15.960314528919609
0.00015848931924611142	322.7154610189	64.54309220377999	18.98326241287647
0.0001995262314968881	383.88588412114285	76.77717682422858	22.581522595361346
0.0002511886431509582	455.8065970137543	91.16131940275086	26.81215276551496
0.00031622776601683794	542.1913034655115	108.43826069310231	31.89360608620656
0.00039810717055349773	643.7514204342068	128.75028408684136	37.86773061377687
0.0005011872336272725	765.727038238397	153.1454076476794	45.04276695519982
0.0006309573444801936	909.9528497795368	181.99056995590735	53.526638222325694
0.0007943282347242822	1080.3141155330566	216.06282310661132	63.54788914900333
0.001	1284.879336855456	256.97586737109117	75.58113746208564
0.0012589254117941688	1525.3256126390645	305.0651225278129	89.72503603759203
0.001584893192461114	1820.697061569342	364.1394123138684	107.09982715113776
0.0019952623149688807	2163.3190419028865	432.66380838057734	127.2540612884051
0.002511886431509582	2572.132921730389	514.4265843460778	151.30193657237584
0.0031622776601683824	3056.3410194167186	611.2682038833437	179.78476584804227
0.003981071705534978	3631.950461007105	726.390092201421	213.64414476512383
0.005011872336272725	4327.724614344553	865.5449228689105	254.57203613791486
0.006309573444801936	5143.0058971256	1028.6011794251199	302.52975865444705
0.00794328234724282	6103.919745338509	1220.7839490677018	359.0541026669711
0.01000000000000001	7244.2691487854045	1448.853829757081	426.13347934031793
0.012589254117941687	8709.189012947318	1741.8378025894633	512.3052360557245
0.01584893192461114	10701.76858972829	2140.353717945658	629.5157993957818
0.01995262314968881	12669.655812033256	2533.931162406651	745.2738712960738
0.025118864315095822	14985.358074544576	2997.071614908915	881.4916514437986
0.031622776601683826	17643.237756447477	3528.6475512894954	1037.8375150851457
0.039810717055349776	20815.56911642299	4163.113823284598	1224.4452421425287
0.05011872336272725	24571.19875698318	4914.239751396635	1445.3646327637164
0.06309573444801936	29455.583823063396	5891.11676461268	1732.6814013566704
0.07943282347242822	34545.25843437351	6909.051686874702	2032.0740255513829
0.1000000000000001	40405.785236133765	8081.157047226752	2376.8108962431625
0.12589254117941687	47633.62120126827	9526.724240253656	2801.9777177216633
0.15848931924611143	55700.4822519087	11140.096450381741	3276.49895599463
0.19952623149688828	66264.89811430706	13252.97962286141	3897.935183194533
0.25118864315095824	77074.10321261233	15414.820642522467	4533.77077721249
0.31622776601683794	91060.356349735	18212.071269947	5356.491549984412
0.39810717055349776	106197.63659812085	21239.52731962417	6246.9197998894615
0.5011872336272725	123679.26789989685	24735.853579979368	7275.251052935108
0.6309573444801942	139796.0834056709	27959.216681134185	8223.299023862995
0.7943282347242822	154826.10360446744	30965.220720893485	9107.41785908632
1.000000000000002	168866.8069291236	33773.36138582471	9933.341584066093
1.2589254117941688	180578.65886944305	36115.73177388861	10622.27405114371
1.584893192461114	192714.98489300517	38542.99697860103	11336.175581941481
1.9952623149688828	205468.97603278235	41093.79520655647	12086.41035486955
2.5118864315095824	217190.8939982898	43438.17879965796	12775.934941075871
3.1622776601683857	228188.45716049438	45637.69143209888	13422.850421205552
3.9810717055349776	238531.1944697559	47706.23889395117	14031.246733515052
5.011872336272725	247966.80377842957	49593.36075568591	14586.28257520174
6.309573444801943	256510.22763224618	51302.045526449234	15088.836919543894
7.943282347242821	264067.42885906796	52813.48577181359	15533.378168180468
10.000000000000021	270665.4621718785	54133.0924343757	15921.497774816382
12.589254117941687	276351.2327522282	55270.24655044565	16255.954867778131
15.848931924611142	281180.5302121876	56236.106042437525	16540.031188952213
19.95262314968883	285255.6636575482	57051.13273150964	16779.74492103225
25.11886431509582	288640.07627623965	57728.01525524793	16978.82801624939
31.622776601683857	291435.7136111081	58287.142722221615	17143.27727124165
39.81071705534978	293721.5026755395	58744.300535107905	17277.735451502325
50.11872336272725	295585.510531673	59117.1021063346	17387.382972451353
63.09573444801943	297101.1343229859	59420.22686459717	17476.537313116816
79.43282347242821	298331.2646448174	59666.25292896348	17548.897920283376
100.0000000000002	299313.80973041913	59862.761946083825	17606.694690024655
125.89254117941688	300110.55163125397	60022.11032625079	17653.561860661997
158.48931924611142	300773.32479681476	60154.66495936295	17692.54851745969
199.5262314968883	301281.0658538734	60256.21317077467	17722.41563846314
251.18864315095823	301659.3316186602	60331.86632373204	17744.66656580354
316.2277660168386	301979.49201407656	60395.89840281531	17763.4995302398
398.1071705534977	302259.37398623035	60451.87479724608	17779.96317566061
501.18723362727246	302471.471021032	60494.294204206395	17792.43947182541
630.9573444801943	302642.23023919377	60528.44604783875	17802.48413171728
794.3282347242822	302727.7109545154	60545.54219090308	17807.51240908914
1000.000000000002	302836.9636729574	60567.39273459148	17813.93903958573
1258.9254117941687	302915.6133739738	60583.12267479476	17818.565492586695
1584.893192461114	302921.5102485505	60584.3020497101	17818.912367561796
1995.2623149688789	302856.2819566607	60571.25639133213	17815.075409215333
2511.8864315095875	302662.87097188336	60532.57419437667	17803.698292463727
3162.277660168386	301593.4160573872	60318.68321147744	17740.789179846306
3981.0717055349774	299667.66052620823	59933.53210524165	17627.509442718132
5011.872336272725	297410.5459815217	59482.109196304344	17494.737998913042
6309.57344480193	291971.05259766855	58394.21051953371	17174.767799862857
7943.282347242838	286998.83466387546	57399.76693277509	16882.284391992675
10000.00000000002	271558.9967511806	54311.79935023612	15974.05863242239
12589.254117941688	274985.8557803159	54997.171156063174	16175.638575312698
15848.93192461114	262767.9556634893	52553.59113269785	15456.938568440546
19952.62314968879	267199.5062389263	53439.90124778526	15717.61801405449
25118.864315095874	256260.80258662117	51252.160517324235	15074.16485803654
31622.776601683858	262262.8122455212	52452.56244910424	15427.224249736542
39810.71705534977	241559.4926490676	48311.898529813516	14209.381920533388
50118.72336272725	243600.52206721413	48720.10441344282	14329.442474542007
63095.73444801956	264803.016507554	52960.6033015108	15576.648029856116
79432.82347242838	244991.93094886545	48998.38618977309	14411.290055815614
100000.0000000002	257204.58839429385	51440.91767885877	15129.68167025258