0.00001584893192461114	6.227556027148614	0.6227556027148614	0.3312529801674795	0.2552277060306809
0.000019952623149688786	7.810404430203508	0.7810404430203508	0.4154470441597611	0.32009854222145523
0.000025118864315095822	10.039172532939652	1.0039172532939653	0.5339985389861518	0.4114414972516251
0.000031622776601683795	12.746331138243102	1.2746331138243103	0.6779963371405906	0.5223906204197992
0.000039810717055349776	16.062367346283846	1.6062367346283848	0.854381241823609	0.6582937437001576
0.00005011872336272725	20.396694459585685	2.0396694459585687	1.0849305563609408	0.8359301008026919
0.00006309573444801943	25.478913741418776	2.547891374141878	1.355261369224403	1.0442177762876548
0.00007943282347242822	32.14699198496324	3.2146991984963247	1.7099463821788963	1.317499671514887
0.0001	40.41450855616424	4.041450855616424	2.1497079019236303	1.6563323178755838
0.00012589254117941674	50.8764356531394	5.0876435653139405	2.7061933858052876	2.085099821849975
0.00015848931924611142	64.09644793026517	6.4096447930265175	3.4093855282055947	2.6269036036993922
0.0001995262314968881	80.76088649270945	8.076088649270945	4.295791834718588	3.30987239724219
0.0002511886431509582	101.56880431688381	10.15688043168838	5.402595974302331	4.162655914626385
0.00031622776601683794	127.96998363685495	12.796998363685496	6.806914023236966	5.244671460526842
0.00039810717055349773	160.93235037256855	16.093235037256857	8.560231402796202	6.595588130023302
0.0005011872336272725	202.7500010928608	20.27500010928608	10.784574526216	8.309426274297573
0.0006309573444801936	255.18645478380472	25.518645478380474	13.573747594883232	10.45846126163134
0.0007943282347242822	320.86932443996335	32.08693244399633	17.06751725744486	13.150382149178824
0.001	404.1702059026303	40.41702059026303	21.49841520758672	16.56435270092747
0.0012589254117941688	508.1228095357507	50.812280953575076	27.027809017859084	20.82470530884224
0.001584893192461114	642.2784530836531	64.2278453083653	34.16374750444963	26.32288742146119
0.0019952623149688807	808.0808970913745	80.80808970913745	42.98302644103056	33.118069552925185
0.002511886431509582	1017.272954990275	101.7272954990275	54.11026356331251	41.69151454878176
0.0031622776601683824	1279.6969674482418	127.96969674482419	68.06898763022564	52.44659702656729
0.003981071705534978	1609.7028171804157	160.97028171804158	85.62249027555403	65.97142693362359
0.005011872336272725	2029.9714871533693	202.99714871533692	107.9772067634771	83.19555275218725
0.006309573444801936	2552.567441019161	255.2567441019161	135.77486388399794	104.61341971390003
0.00794328234724282	3204.6544161478582	320.46544161478585	170.46034128446055	131.33829574376466
0.01000000000000001	4021.918339291066	402.1918339291066	213.93182655803545	164.83271882340432
0.012589254117941687	5040.852222526488	504.0852222526488	268.13043736843025	206.59230420190522
0.01584893192461114	6320.920891571841	632.0920891571841	336.2191963602043	259.0541349004853
0.01995262314968881	7896.96477162157	789.6964771621571	420.0513176394453	323.64609719760534
0.025118864315095822	9945.769085774677	994.5769085774677	529.0302705199297	407.613487121913
0.031622776601683826	12423.083253108727	1242.3083253108728	660.8023006972728	509.1427562749478
0.039810717055349776	15531.522100404296	1553.1522100404295	826.1447925746967	636.537791000176
0.05011872336272725	19457.049775773747	1945.7049775773746	1034.949456158178	797.4200727776125
0.06309573444801936	24279.969392414216	2427.996939241422	1291.4877336390543	995.0807128038613
0.07943282347242822	30238.53349560631	3023.8533495606307	1608.4326327450165	1239.284159655996
0.1000000000000001	37514.57725766382	3751.457725766382	1995.4562371097777	1537.4826744944187
0.12589254117941687	46178.6428865595	4617.86428865595	2456.3107918382716	1892.5673314163728
0.15848931924611143	56255.69651642233	5625.569651642233	2992.3242827884224	2305.5613326402595
0.19952623149688828	69547.7694063478	6954.77694063478	3699.349436507862	2850.318418292942
0.25118864315095824	83829.23974201213	8382.923974201212	4459.0021139368155	3435.6245795906607
0.31622776601683794	102317.53363524917	10231.753363524916	5442.422001874957	4193.341542428245
0.39810717055349776	122836.95937150887	12283.695937150887	6533.880817633451	5034.301613586429
0.5011872336272725	146672.10139824907	14667.210139824909	7801.707521183463	6011.151696649552
0.6309573444801942	167723.15352730532	16772.315352730533	8921.444336558794	6873.899734725627
0.7943282347242822	189456.71280541137	18945.671280541137	10077.484723692094	7764.619377270957
1.000000000000002	208626.171539404	20862.6171539404	11097.136784010852	8550.252931942787
1.2589254117941688	225218.76485848505	22521.876485848505	11979.721535025801	9230.277248298567
1.584893192461114	240434.69851069563	24043.469851069563	12789.079708015726	9853.881086503918
1.9952623149688828	253720.290910535	25372.0290910535	13495.760154815693	10398.372578300614
2.5118864315095824	264634.29761404905	26463.429761404906	14076.292426279208	10845.667935002011
3.1622776601683857	272983.3787874179	27298.33787874179	14520.392488692441	11187.843392926961
3.9810717055349776	278604.45677436626	27860.445677436626	14819.385998636504	11418.215441572387
5.011872336272725	281477.78162419714	28147.778162419716	14972.222426818998	11535.97465672939
6.309573444801943	281718.65943509404	28171.8659435094	14985.03507633479	11545.84669815959
7.943282347242821	279517.61136518506	27951.761136518508	14867.958051339632	11455.639810048568
10.000000000000021	275183.4378841212	27518.34378841212	14637.416908729852	11278.009749349229
12.589254117941687	269064.0537255058	26906.405372550576	14311.91775135669	11027.215316619087
15.848931924611142	261505.57942663075	26150.557942663076	13909.871246097382	10717.441779779949
19.95262314968883	252871.15518025818	25287.11551802582	13450.593360652032	10363.571933617139
25.11886431509582	243451.13179294774	24345.113179294774	12949.528286858924	9977.505401350316
31.622776601683857	233530.01652944123	23353.001652944124	12421.809389863896	9570.902316780377
39.81071705534978	223331.4953173603	22333.149531736028	11879.3348573064	9152.93013595739
50.11872336272725	213048.47135002885	21304.847135002885	11332.365497341962	8731.494727460198
63.09573444801943	202828.36141561597	20282.8361415616	10788.742628490212	8312.63776293508
79.43282347242821	192782.47618059788	19278.247618059788	10254.387030882866	7900.921154942535
100.0000000000002	182982.90170891667	18298.29017089167	9733.133069623229	7499.299250365438
125.89254117941688	173494.20733576585	17349.420733576586	9228.415283817332	7110.4183334330255
158.48931924611142	164375.23575684094	16437.523575684092	8743.363604087284	6736.689990034464
199.5262314968883	155608.5066760173	15560.85066760173	8277.048227447729	6377.397814590872
251.18864315095823	147227.18762865316	14722.718762865317	7831.233384502829	6033.901132321851
316.2277660168386	139220.52158170717	13922.052158170718	7405.346892644	5705.759081217507
398.1071705534977	131625.44433110201	13162.5444331102	7001.353421867129	5394.48542340582
501.18723362727246	124397.17363212894	12439.717363212894	6616.8709378792	5098.244820988891
630.9573444801943	117551.21433987332	11755.121433987331	6252.724167014539	4817.672718847267
794.3282347242822	111036.28410956972	11103.628410956971	5906.185324977113	4550.667381539743
1000.000000000002	104886.68972907355	10488.668972907355	5579.079240908169	4298.6348249620305
1258.9254117941687	99062.89372466323	9906.289372466323	5269.302857694854	4059.9546608468536
1584.893192461114	93522.19659645166	9352.219659645165	4974.584925343173	3832.8769096906412
1995.2623149688789	88294.20613888101	8829.420613888102	4696.500326536225	3618.6150056918445
2511.8864315095875	83308.05025369304	8330.805025369305	4431.2792688134605	3414.264354659551
3162.277660168386	78363.55820374051	7836.35582037405	4168.274372539389	3211.6212378582172
3981.0717055349774	73509.11014272123	7350.911014272123	3910.0590501447464	3012.6684484721814
5011.872336272725	68866.68401358557	6886.668401358557	3663.1214900843393	2822.4050825239988
6309.57344480193	63804.45871365843	6380.445871365843	3393.8541868967254	2614.9368325269847
7943.282347242838	59176.6354001419	5917.66354001419	3147.6933723479738	2425.2719426287663
10000.00000000002	52898.61158791481	5289.861158791481	2813.755935527384	2167.975884750607
12589.254117941688	50500.06946465674	5050.006946465674	2686.1739076945078	2069.6749780597024
15848.93192461114	45619.680325700705	4561.96803257007	2426.578740728761	1869.659029741832
19952.62314968879	43821.65118108406	4382.165118108406	2330.9388926108545	1795.9693107001665
25118.864315095874	39688.31787624772	3968.831787624772	2111.080738098283	1626.5704047642507
31622.776601683858	38332.369020342834	3833.236902034284	2038.9557989544064	1570.9987303419196
39810.71705534977	33512.30677598174	3351.2306775981747	1782.5695093607312	1373.4551957369567
50118.72336272725	31629.938345203234	3162.9938345203236	1682.4435290001722	1296.308948573903
63095.73444801956	32484.457932173507	3248.445793217351	1727.8966985198676	1331.330243121865
79432.82347242838	28369.782984287485	2836.978298428749	1509.0310098025261	1162.6960239462085
100000.0000000002	28050.34004726274	2805.0340047262744	1492.0393642161034	1149.6041002976533