0.00001584893192461114	624.9001702667663	124.98003405335325	39.802558615717594	27.051955422803733
0.000019952623149688786	686.979450474435	137.395890094887	43.75665289646082	29.73937015040844
0.000025118864315095822	788.4815265399875	157.6963053079975	50.22175328280174	34.133399417315474
0.000031622776601683795	887.8343249527576	177.56686499055152	56.54995700336035	38.43438636159124
0.000039810717055349776	994.5070799121135	198.9014159824227	63.344399994402124	43.05225454164993
0.00005011872336272725	1122.7836119274214	224.55672238548428	71.51487974060008	48.605351165689235
0.00006309573444801943	1250.2216707638154	250.04433415276307	79.63195355183537	54.12215024951581
0.00007943282347242822	1405.9641154384756	281.1928230876951	89.5518544865271	60.86424742157903
0.0001	1575.014492189552	315.0028984379104	100.31939440697782	68.18244554933125
0.00012589254117941674	1767.154277069632	353.4308554139264	112.55759726558163	76.50018515452952
0.00015848931924611142	1984.3529456064866	396.8705891212973	126.39190736347047	85.90272491802972
0.0001995262314968881	2229.7637634075995	445.9527526815199	142.02316964379614	96.52656984448483
0.0002511886431509582	2497.94808590959	499.589617181918	159.10497362481465	108.13628077530693
0.00031622776601683794	2806.811330640576	561.3622661281153	178.77779176054625	121.50698401041456
0.00039810717055349773	3144.315477208824	628.8630954417648	200.27487115979767	136.1175531259231
0.0005011872336272725	3532.9780252282135	706.5956050456426	225.03044746676517	152.942771654901
0.0006309573444801936	3963.603908342797	792.7207816685593	252.45884766514627	171.58458477674444
0.0007943282347242822	4439.885210917916	887.9770421835832	282.79523636419844	192.20282298345955
0.001	4988.227185666514	997.6454371333027	317.72147679404543	215.94057080807417
0.0012589254117941688	5588.595380433486	1117.7190760866972	355.96148919958506	241.93053594950155
0.001584893192461114	6294.50283669505	1258.90056733901	400.9237475601942	272.489300289829
0.0019952623149688807	7056.766067249021	1411.3532134498041	449.47554568465097	305.48770853891864
0.002511886431509582	7925.8890703014295	1585.1778140602858	504.8336987453139	343.1120809654298
0.0031622776601683824	8891.17198404985	1778.2343968099701	566.316686882156	384.8992200887381
0.003981071705534978	9975.246487110318	1995.0492974220635	635.3660182872813	431.8288522558579
0.005011872336272725	11245.576310360027	2249.1152620720054	716.2787458828042	486.8214852969708
0.006309573444801936	12622.636114996969	2524.527222999394	803.989561464775	546.4344638526826
0.00794328234724282	14158.990469185095	2831.798093837019	901.8465266996875	612.9433103543331
0.01000000000000001	15861.5105117627	3172.30210235254	1010.287293742847	686.645476699684
0.012589254117941687	17771.239681178875	3554.2479362357744	1131.9260943426032	769.3177351159685
0.01584893192461114	19947.488704642885	3989.497740928577	1270.5406818243875	863.52764955164
0.01995262314968881	22281.74382365112	4456.348764730224	1419.2193518249119	964.5776547035116
0.025118864315095822	25144.037260738605	5028.807452147721	1601.5310357158346	1088.4864615038357
0.031622776601683826	28211.849669323718	5642.369933864743	1796.9330999569245	1221.292193477217
0.039810717055349776	31701.22287946321	6340.244575892642	2019.1861706664463	1372.3473107992731
0.05011872336272725	35850.47496320399	7170.0949926407975	2283.4697428792347	1551.9686131257138
0.06309573444801936	40379.14432974992	8075.828865949985	2571.9200210031795	1748.0149060497802
0.07943282347242822	45154.08665823992	9030.817331647984	2876.0564750471285	1954.7223661575722
0.1000000000000001	50870.993886835655	10174.19877736713	3240.1906934290223	2202.207527568643
0.12589254117941687	57483.5493535545	11496.7098707109	3661.3725702900956	2488.4653399807144
0.15848931924611143	63843.67208532667	12768.734417065332	4066.4759290016978	2763.7953283691195
0.19952623149688828	72328.23945625107	14465.647891250213	4606.894232882233	3131.0926171537258
0.25118864315095824	79989.34531991553	15997.869063983107	5094.862759230288	3462.742221641365
0.31622776601683794	89344.17445027287	17868.83489005457	5690.711748425022	3867.7131796654917
0.39810717055349776	98675.02824244232	19735.005648488463	6285.033646015434	4271.646244261572
0.5011872336272725	108672.7534346015	21734.5506869203	6921.831428955509	4704.4482006320995
0.6309573444801942	115814.9925284162	23162.998505683237	7376.751116459629	5013.636040191177
0.7943282347242822	120927.30708051247	24185.46141610249	7702.376247166398	5234.948358463743
1.000000000000002	124579.67437559781	24915.93487511956	7935.011106725974	5393.059496779126
1.2589254117941688	126936.90881104472	25387.381762208945	8085.153427455077	5495.104277534403
1.584893192461114	130937.76164333167	26187.552328666334	8339.984818046603	5668.301369841198
1.9952623149688828	135368.52396978272	27073.704793956542	8622.198978967052	5860.109262761156
2.5118864315095824	139425.01094498186	27885.00218899637	8880.573945540244	6035.7147595230235
3.1622776601683857	142944.09603635684	28588.81920727137	9104.719492761582	6188.056105469993
3.9810717055349776	146148.04409202855	29229.608818405708	9308.792617326657	6326.7551554990705
5.011872336272725	149043.20819580212	29808.641639160418	9493.19797425491	6452.0869348832075
6.309573444801943	151133.07164838345	30226.61432967669	9626.310296075379	6542.557214215733
7.943282347242821	154190.15231997144	30838.030463994288	9821.028810189262	6674.898368829932
10.000000000000021	155608.79731743704	31121.759463487408	9911.388364167962	6736.311572183421
12.589254117941687	157497.07464387052	31499.414928774106	10031.660805342071	6818.055179388334
15.848931924611142	159473.80091309256	31894.76018261851	10157.566937139653	6903.627745155522
19.95262314968883	160576.32854151423	32115.265708302846	10227.79162684804	6951.356213918365
25.11886431509582	161771.8046329436	32354.360926588717	10303.936600824432	7003.1084256685535
31.622776601683857	162770.22159596893	32554.044319193785	10367.530037959803	7046.329939219434
39.81071705534978	163475.45518241572	32695.091036483143	10412.44937467616	7076.859531706308
50.11872336272725	164082.64921242936	32816.52984248587	10451.124153657918	7103.144987551053
63.09573444801943	164555.51131808775	32911.10226361755	10481.24275911387	7123.615208575227
79.43282347242821	164972.49789013632	32994.499578027266	10507.802413384477	7141.666575330576
100.0000000000002	165292.65789847204	33058.531579694405	10528.194770603313	7155.52631595117
125.89254117941688	165534.60777834902	33106.921555669804	10543.605590977644	7166.000336725066
158.48931924611142	165742.21565333268	33148.443130666536	10556.829022505264	7174.987690620462
199.5262314968883	165872.9784883428	33174.595697668556	10565.157865499541	7180.648419408779
251.18864315095823	165982.23366192394	33196.446732384786	10572.116793753115	7185.378080602767
316.2277660168386	166174.34665467602	33234.8693309352	10584.35329010675	7193.694660375584
398.1071705534977	166243.83258081772	33248.76651616354	10588.779145275012	7196.702709126307
501.18723362727246	166337.82743610226	33267.565487220454	10594.766078732626	7200.771750480617
630.9573444801943	166368.06368507227	33273.61273701445	10596.691954463202	7202.080679007458
794.3282347242822	166421.3096057379	33284.261921147576	10600.083414378207	7204.385697218089
1000.000000000002	166460.70362310647	33292.14072462129	10602.592587459008	7206.091065935344
1258.9254117941687	166446.17718396802	33289.2354367936	10601.66733655847	7205.462215756191
1584.893192461114	166398.0113853941	33279.60227707881	10598.599451298986	7203.377116250826
1995.2623149688789	166390.6178685756	33278.123573715115	10598.128526660865	7203.057050587688
2511.8864315095875	166156.72525279183	33231.34505055836	10583.230907821133	7192.931829125187
3162.277660168386	165094.74240207666	33018.94848041533	10515.588688030359	7146.958545544444
3981.0717055349774	163480.97702084781	32696.19540416956	10412.801084130431	7077.098572331073
5011.872336272725	162122.25660198976	32424.45132039795	10326.258382292339	7018.279506579643
6309.57344480193	158257.19734516845	31651.43946903369	10080.076264023466	6850.960924033266
7943.282347242838	156388.08308130768	31277.616616261534	9961.02440008329	6770.0468866366955
10000.00000000002	145823.50504366207	29164.701008732412	9288.12134036064	6312.705846045977
12589.254117941688	148746.5601072713	29749.312021454258	9474.303191545941	6439.245026288801
15848.93192461114	143372.61936072598	28674.523872145197	9132.013972020763	6206.606898732726
19952.62314968879	147293.56093196615	29458.712186393226	9381.755473373638	6376.344629089443
25118.864315095874	141438.99487944978	28287.798975889957	9008.853177035016	6122.900211231592
31622.776601683858	144770.614275846	28954.122855169197	9221.058234130316	6267.1261591275315
39810.71705534977	133791.53866531403	26758.307733062804	8521.754055115542	5791.841500662945
50118.72336272725	133978.62651058452	26795.725302116905	8533.670478381178	5799.9405415837455
63095.73444801956	145518.41408414074	29103.682816828143	9268.688795168198	6299.498445200897
79432.82347242838	134960.25299224927	26992.050598449856	8596.194458105048	5842.4351944696655
100000.0000000002	141079.8226846926	28215.964536938518	8985.975967177872	6107.351631371974