0.00001584893192461114	35.436557311103485	7.087311462220697	2.2571055612167825
0.000019952623149688786	41.26519897508331	8.253039795016662	2.628356622616771
0.000025118864315095822	50.168470537756356	10.033694107551272	3.1954439832965833
0.000031622776601683795	59.837052042627114	11.967410408525422	3.811277200167332
0.000039810717055349776	70.99778113901549	14.199556227803098	4.522151664905445
0.00005011872336272725	84.90460552877452	16.980921105754906	5.407936657883728
0.00006309573444801943	100.14287356014148	20.028574712028295	6.37852697835296
0.00007943282347242822	119.29013987049682	23.85802797409936	7.598098080923363
0.0001	141.55051300809805	28.31010260161961	9.015956242554017
0.00012589254117941674	168.22752538980356	33.645505077960706	10.715129005719971
0.00015848931924611142	200.09493417845115	40.01898683569023	12.744900266143386
0.0001995262314968881	238.16021179221818	47.632042358443634	15.16944024154256
0.0002511886431509582	282.60847331698074	56.52169466339615	18.00053970171852
0.00031622776601683794	336.35987801147263	67.27197560229453	21.424196051686156
0.00039810717055349773	399.119987503967	79.8239975007934	25.421655255029748
0.0005011872336272725	475.0082797892956	95.00165595785911	30.255304445178066
0.0006309573444801936	564.4545041740969	112.89090083481938	35.95251618943292
0.0007943282347242822	669.704652192466	133.9409304384932	42.65634727340548
0.001	796.9364053329678	159.38728106659354	50.76028059445654
0.0012589254117941688	945.6646542535974	189.13293085071948	60.233417468382
0.001584893192461114	1128.0851379252247	225.61702758504495	71.8525565557468
0.0019952623149688807	1339.4242888148601	267.884857762972	85.31364896909936
0.002511886431509582	1593.2169171737469	318.6433834347494	101.47878453335969
0.0031622776601683824	1892.6851130500268	378.53702261000535	120.55319191401445
0.003981071705534978	2248.5769356632936	449.7153871326587	143.22146087027346
0.005011872336272725	2684.082462882299	536.8164925764597	170.96066642562414
0.006309573444801936	3189.7059534538557	637.9411906907711	203.16598429642391
0.00794328234724282	3787.6053619662293	757.5210723932458	241.24874916982353
0.01000000000000001	4490.973381359589	898.1946762719178	286.0492599592095
0.012589254117941687	5324.658393705077	1064.9316787410153	339.150216159559
0.01584893192461114	6323.154363174656	1264.6308726349312	402.74868555252584
0.01995262314968881	7470.224061623521	1494.0448123247043	475.81044978493765
0.025118864315095822	8912.380697745615	1782.476139549123	567.6675603659627
0.031622776601683826	10567.223928129057	2113.444785625811	673.0715877789207
0.039810717055349776	12540.798267911956	2508.159653582391	798.776959739615
0.05011872336272725	14967.75148209642	2993.550296419284	953.3599670125109
0.06309573444801936	17776.94004282241	3555.3880085644823	1132.2891747020644
0.07943282347242822	20940.300154864086	4188.060030972817	1333.7770799276489
0.1000000000000001	24819.90972076322	4963.981944152643	1580.8859694753642
0.12589254117941687	29462.892283072582	5892.578456614517	1876.617342870865
0.15848931924611143	34316.196274908434	6863.239254981687	2185.744985662958
0.19952623149688828	40688.28612473255	8137.657224946509	2591.6105811931557
0.25118864315095824	46987.76250432209	9397.552500864418	2992.851114924974
0.31622776601683794	54664.249516466414	10932.849903293283	3481.7993322590073
0.39810717055349776	62706.64020714111	12541.328041428222	3994.0535163784143
0.5011872336272725	71513.4418599881	14302.688371997621	4554.996296814529
0.6309573444801942	78670.98321495774	15734.196642991548	5010.890650634251
0.7943282347242822	84516.28462333979	16903.25692466796	5383.202842250942
1.000000000000002	89291.86116957676	17858.372233915354	5687.37969232973
1.2589254117941688	93008.94102517914	18601.788205035828	5924.136371030518
1.584893192461114	96361.12328730036	19272.224657460072	6137.651164796202
1.9952623149688828	99621.85746693965	19924.37149338793	6345.341239932462
2.5118864315095824	102607.1509118914	20521.43018237828	6535.487319228751
3.1622776601683857	105196.95379298988	21039.390758597976	6700.442916750948
3.9810717055349776	107554.83764348419	21510.967528696838	6850.626601495809
5.011872336272725	109685.47789301453	21937.095578602904	6986.336171529588
6.309573444801943	111223.47264166747	22244.694528333494	7084.2976204883735
7.943282347242821	113473.27227010885	22694.65445402177	7227.596959879545
10.000000000000021	114517.29672711816	22903.45934542363	7294.095332937462
12.589254117941687	115906.93804960168	23181.387609920337	7382.60751908291
15.848931924611142	117361.67166764387	23472.334333528772	7475.265711314896
19.95262314968883	118173.0556366122	23634.61112732244	7526.946218892497
25.11886431509582	119052.84323636541	23810.56864727308	7582.98364562837
31.622776601683857	119787.60896673037	23957.521793346074	7629.784010619769
39.81071705534978	120306.61203900725	24061.322407801446	7662.841531146958
50.11872336272725	120753.46478836791	24150.692957673582	7691.303489704962
63.09573444801943	121101.45854577886	24220.291709155772	7713.468697183367
79.43282347242821	121408.33178061979	24281.66635612396	7733.014763096802
100.0000000000002	121643.94737116988	24328.789474233978	7748.022125552222
125.89254117941688	121822.00572432611	24364.401144865224	7759.3634219316
158.48931924611142	121974.79074054785	24394.95814810957	7769.094951627251
199.5262314968883	122071.02312994924	24414.20462598985	7775.22440318148
251.18864315095823	122151.42737024704	24430.285474049408	7780.3456923724225
316.2277660168386	122292.80922638492	24458.561845276985	7789.350906139168
398.1071705534977	122343.94605514721	24468.789211029445	7792.608028990268
501.18723362727246	122413.11975817049	24482.623951634097	7797.0139973357
630.9573444801943	122435.37154312678	24487.074308625353	7798.431308479412
794.3282347242822	122474.55685270752	24494.911370541504	7800.927188070543
1000.000000000002	122503.54812090084	24500.70962418017	7802.773765662474
1258.9254117941687	122492.85766785525	24498.57153357105	7802.092845086321
1584.893192461114	122457.41097626403	24491.482195252807	7799.835094029556
1995.2623149688789	122451.96985999068	24490.39397199814	7799.488526114056
2511.8864315095875	122279.84109512817	24455.968219025635	7788.524910517718
3162.277660168386	121498.29527425555	24299.65905485111	7738.744921927105
3981.0717055349774	120310.67572962824	24062.135145925648	7663.100364944474
5011.872336272725	119310.75161185392	23862.150322370784	7599.410930691332
6309.57344480193	116466.33570856552	23293.267141713102	7418.2379432207335
7943.282347242838	115090.79707282383	23018.159414564765	7330.624017377313
10000.00000000002	107315.9993827816	21463.19987655632	6835.41397342558
12589.254117941688	109467.16544690961	21893.43308938192	6972.430920185326
15848.93192461114	105512.31727845635	21102.463455691268	6720.529762959003
19952.62314968879	108397.85869452052	21679.571738904106	6904.322209842071
25118.864315095874	104089.30359093707	20817.860718187414	6629.891948467329
31622.776601683858	106541.14470516803	21308.228941033605	6786.060172303696
39810.71705534977	98461.30551127007	19692.26110225401	6271.420733201915
50118.72336272725	98598.98920692367	19719.797841384734	6280.190395345457
63095.73444801956	107091.47356841524	21418.294713683048	6821.112966141098
79432.82347242838	99321.39830598432	19864.279661196862	6326.203713756962
100000.0000000002	103824.97773332355	20764.99554666471	6613.055906581118