0.00001584893192461114	1.241761001797302	0.1241761001797302	0.088697214414093
0.000019952623149688786	1.3153351697572142	0.1315335169757214	0.0939525121255153
0.000025118864315095822	1.3932672887827238	0.13932672887827238	0.09951909205590884
0.000031622776601683795	1.4758150394691885	0.14758150394691885	0.1054153599620849
0.000039810717055349776	1.5632512110093992	0.15632512110093993	0.11166080078638566
0.00005011872336272725	1.6558645090587043	0.16558645090587043	0.11827603636133602
0.00006309573444801943	1.7539604361467034	0.17539604361467034	0.1252828882961931
0.00007943282347242822	1.8578621719981878	0.18578621719981878	0.1327044408570134
0.0001	1.9679114857592255	0.19679114857592256	0.14056510612565895
0.00012589254117941674	2.0844696479965927	0.2084469647996593	0.14889068914261377
0.00015848931924611142	2.2079183390505657	0.22079183390505658	0.15770845278932613
0.0001995262314968881	2.338660524321745	0.23386605243217448	0.16704718030869606
0.0002511886431509582	2.477121274377868	0.24771212743778678	0.1769372338841334
0.00031622776601683794	2.623748485228222	0.2623748485228222	0.18741060608773014
0.00039810717055349773	2.779013447229559	0.2779013447229559	0.19850096051639707
0.0005011872336272725	2.943411188193998	0.29434111881939984	0.21024365629957129
0.0006309573444801936	3.117460493349226	0.31174604933492256	0.2226757495249447
0.0007943282347242822	3.3017034709453204	0.330170347094532	0.23583596221038
0.001	3.496704489181188	0.34967044891811877	0.24976460637008485
0.0012589254117941688	3.7030482541922165	0.37030482541922166	0.26450344672801546
0.001584893192461114	3.9213367254099594	0.39213367254099596	0.2800954803864257
0.0019952623149688807	4.152184471395594	0.41521844713955935	0.29658460509968526
0.002511886431509582	4.3962119504070465	0.4396211950407047	0.314015139314789
0.0031622776601683824	4.654036051688689	0.4654036051688689	0.3324311465491921
0.003981071705534978	4.926257052435113	0.49262570524351124	0.3518755037453652
0.005011872336272725	5.213440930526285	0.5213440930526284	0.3723886378947346
0.006309573444801936	5.516095729724833	0.5516095729724834	0.39400683783748813
0.00794328234724282	5.83464041751992	0.583464041751992	0.41676002982285143
0.01000000000000001	6.1693644397758	0.61693644397758	0.44066888855541425
0.012589254117941687	6.520376023091764	0.6520376023091764	0.46574114450655457
0.01584893192461114	6.887537310048026	0.6887537310048027	0.4919669507177162
0.01995262314968881	7.27038479668877	0.727038479668877	0.5193131997634836
0.025118864315095822	7.668034506260493	0.7668034506260493	0.547716750447178
0.031622776601683826	8.079073170798203	0.8079073170798204	0.5770766550570146
0.039810717055349776	8.501439711019637	0.8501439711019637	0.6072456936442597
0.05011872336272725	8.932305712099703	0.8932305712099704	0.6380218365785503
0.06309573444801936	9.367969273378646	0.9367969273378647	0.669140662384189
0.07943282347242822	9.803782804278988	0.9803782804278989	0.700270200305642
0.1000000000000001	10.234140308104854	1.0234140308104853	0.7310100220074895
0.12589254117941687	10.652550626421904	1.0652550626421906	0.7608964733158503
0.15848931924611143	11.051816669239942	1.1051816669239942	0.7894154763742816
0.19952623149688828	11.424324513605375	1.1424324513605375	0.8160231795432411
0.25118864315095824	11.762421492365565	1.1762421492365565	0.8401729637403974
0.31622776601683794	12.05883543000511	1.205883543000511	0.8613453878575079
0.39810717055349776	12.307069142890565	1.2307069142890565	0.8790763673493261
0.5011872336272725	12.501706383543434	1.2501706383543434	0.8929790273959596
0.6309573444801942	12.638591528072142	1.2638591528072143	0.9027565377194388
0.7943282347242822	12.7148871812594	1.27148871812594	0.9082062272328143
1.000000000000002	12.729053069755057	1.2729053069755059	0.9092180764110755
1.2589254117941688	12.680806965032673	1.2680806965032674	0.9057719260737623
1.584893192461114	12.57111502369628	1.257111502369628	0.8979367874068771
1.9952623149688828	12.402221539086907	1.2402221539086908	0.8858729670776362
2.5118864315095824	12.177685632605685	1.2177685632605686	0.8698346880432632
3.1622776601683857	11.902366425565276	1.1902366425565276	0.8501690303975197
3.9810717055349776	11.582301868702956	1.1582301868702958	0.8273072763359255
5.011872336272725	11.224457685661159	1.122445768566116	0.8017469775472257
6.309573444801943	10.83636614880185	1.083636614880185	0.7740261534858465
7.943282347242821	10.425709452493045	1.0425709452493046	0.7446935323209318
10.000000000000021	9.99991561009199	0.9999915610091992	0.7142796864351423
12.589254117941687	9.565824749944175	0.9565824749944175	0.683273196424584
15.848931924611142	9.129459230555451	0.9129459230555452	0.6521042307539608
19.95262314968883	8.695904099194275	0.8695904099194275	0.6211360070853054
25.11886431509582	8.269283942087547	0.8269283942087547	0.5906631387205391
31.622776601683857	7.852811474457228	0.7852811474457229	0.5609151053183734
39.81071705534978	7.4488812056629685	0.7448881205662969	0.5320629432616406
50.11872336272725	7.059185056748249	0.705918505674825	0.5042275040534463
63.09573444801943	6.684832729530876	0.6684832729530876	0.47748805210934825
79.43282347242821	6.326465685935452	0.6326465685935452	0.4518904061382466
100.0000000000002	5.984358625169541	0.5984358625169541	0.4274541875121101
125.89254117941688	5.658505981768662	0.5658505981768662	0.4041789986977616
158.48931924611142	5.34869330470506	0.5348693304705061	0.3820495217646472
199.5262314968883	5.054554699225593	0.5054554699225594	0.3610396213732567
251.18864315095823	4.775618127654739	0.47756181276547394	0.3411155805467671
316.2277660168386	4.511340534204772	0.4511340534204772	0.3222386095860551
398.1071705534977	4.261134674489555	0.4261134674489555	0.30436676246353966
501.18723362727246	4.024389322018455	0.40243893220184546	0.2874563801441753
630.9573444801943	3.8004842711309608	0.3800484271130961	0.27146316222364003
794.3282347242822	3.588801303664958	0.3588801303664958	0.2563429502617827
1000.000000000002	3.388732057798861	0.3388732057798861	0.24205228984277577
1258.9254117941687	3.1996835408763165	0.31996835408763163	0.2285488243483083
1584.893192461114	3.0210818653234854	0.30210818653234855	0.2157915618088204
1995.2623149688789	2.8523746550085876	0.28523746550085877	0.20374104678632768
2511.8864315095875	2.6930324651542437	0.26930324651542437	0.1923594617967317
3162.277660168386	2.5425494770523236	0.2542549477052323	0.1816106769323088
3981.0717055349774	2.400443665702395	0.2400443665702395	0.17146026183588536
5011.872336272725	2.266256588972407	0.22662565889724073	0.16187547064088623
6309.57344480193	2.1395529108340146	0.21395529108340147	0.15282520791671533
7943.282347242838	2.0199197420326636	0.20199197420326634	0.14427998157376168
10000.00000000002	1.906965859710736	0.19069658597107358	0.13621184712219542
12589.254117941688	1.8003208519188016	0.1800320851918802	0.1285943465656287
15848.93192461114	1.6996342232357633	0.16996342232357634	0.12140244451684024
19952.62314968879	1.6045744789781524	0.16045744789781524	0.11461246278415374
25118.864315095874	1.5148282167633127	0.1514828216763313	0.10820201548309377
31622.776601683858	1.430099222134257	0.1430099222134257	0.10214994443816121
39810.71705534977	1.3501076023007323	0.13501076023007325	0.09643625730719517
50118.72336272725	1.2745889243700035	0.12745889243700034	0.09104206602642882
63095.73444801956	1.2032934027259163	0.12032934027259164	0.08594952876613687
79432.82347242838	1.135985126179963	0.11359851261799629	0.08114179472714021
100000.0000000002	1.0724412822215192	0.10724412822215193	0.07660294873010852