0.00001584893192461114	61.81061478238036	12.362122956476073	3.9369818332726347
0.000019952623149688786	72.52778645498785	14.50555729099757	4.619604232801774
0.000025118864315095822	88.11244685818573	17.622489371637148	5.612257761667881
0.000031622776601683795	105.15062591529185	21.030125183058374	6.697492096515405
0.000039810717055349776	124.80455437113801	24.960910874227604	7.949334673320893
0.00005011872336272725	149.15510495136226	29.831020990272453	9.500325156137723
0.00006309573444801943	176.33232509074654	35.26646501814931	11.231358286034812
0.00007943282347242822	209.8620385775672	41.97240771551345	13.367008826596638
0.0001	249.2386876287661	49.84773752575322	15.875075645144337
0.00012589254117941674	296.21335269869996	59.24267053974	18.867092528579615
0.00015848931924611142	352.20798497094034	70.44159699418807	22.433629615983463
0.0001995262314968881	418.990242537954	83.7980485075908	26.68727659477414
0.0002511886431509582	497.46319023896683	99.49263804779336	31.68555351840553
0.00031622776601683794	591.7728401268864	118.3545680253773	37.692537587699775
0.00039810717055349773	702.5860270848063	140.51720541696127	44.75070236208958
0.0005011872336272725	835.7523204685028	167.15046409370058	53.23263187697471
0.0006309573444801936	993.1692923235939	198.6338584647188	63.259190593859486
0.0007943282347242822	1179.054635279063	235.81092705581258	75.09902135535432
0.001	1402.3904562565115	280.4780912513023	89.32423288258035
0.0012589254117941688	1665.2106542219615	333.0421308443923	106.06437288037972
0.001584893192461114	1983.3344645975305	396.66689291950615	126.32703596162615
0.0019952623149688807	2356.0896983553525	471.21793967107055	150.0694075385575
0.002511886431509582	2801.5081795365218	560.3016359073043	178.44001143544725
0.0031622776601683824	3328.4164001694144	665.683280033883	212.001044596778
0.003981071705534978	3954.1223384141404	790.8244676828282	251.85492601363953
0.005011872336272725	4713.962142335549	942.79242846711	300.2523657538567
0.006309573444801936	5600.909124966222	1120.1818249932444	356.74580413797594
0.00794328234724282	6654.0145614198245	1330.802912283965	423.82258352992517
0.01000000000000001	7894.665985898128	1578.9331971796257	502.8449672546579
0.012589254117941687	9367.207501550012	1873.4415003100025	596.6374204808925
0.01584893192461114	11125.449099457492	2225.0898198914983	708.6273311756364
0.01995262314968881	13163.799807930762	2632.7599615861527	838.4585864924053
0.025118864315095822	15682.23747043123	3136.447494086246	998.8686286898873
0.031622776601683826	18593.292561344013	3718.658512268803	1184.2861504040773
0.039810717055349776	22065.892580630436	4413.178516126088	1405.470865008308
0.05011872336272725	26294.982392266815	5258.996478453363	1674.8396428195424
0.06309573444801936	31201.69902753204	6240.339805506408	1987.369364810958
0.07943282347242822	36876.57164944198	7375.314329888397	2348.8262197096806
0.1000000000000001	43804.9025940091	8760.980518801822	2790.12118433179
0.12589254117941687	52014.59001628413	10402.918003256827	3313.0312112282886
0.15848931924611143	60884.292466066036	12176.858493213207	3877.98041185134
0.19952623149688828	72134.40345682346	14426.880691364693	4594.5479908804755
0.25118864315095824	83885.83382400002	16777.166764800004	5343.046740382167
0.31622776601683794	97830.09057103943	19566.018114207887	6231.215959938818
0.39810717055349776	112971.89755360945	22594.37951072189	7195.662264561111
0.5011872336272725	129463.85103392632	25892.770206785266	8246.105161396581
0.6309573444801942	144615.1449498728	28923.028989974566	9211.155729291262
0.7943282347242822	158298.33223359258	31659.66644671852	10082.696320610992
1.000000000000002	170344.2902324387	34068.858046487745	10849.954791875078
1.2589254117941688	180197.34943618646	36039.4698872373	11477.53818064882
1.584893192461114	189177.7075831403	37835.54151662806	12049.5355148497
1.9952623149688828	197801.19166195986	39560.23833239198	12598.802016685342
2.5118864315095824	206514.6485966578	41302.929719331565	13153.799273672472
3.1622776601683857	214273.30886518228	42854.66177303646	13647.981456381038
3.9810717055349776	221446.41163289268	44289.28232657854	14104.866982986796
5.011872336272725	227933.97175257726	45586.794350515454	14518.087372775622
6.309573444801943	233699.85388537208	46739.97077707442	14885.341011807139
7.943282347242821	238745.95078551734	47749.190157103476	15206.748457676265
10.000000000000021	243110.0786306264	48622.01572612528	15484.718384116331
12.589254117941687	246849.98050645852	49369.996101291705	15722.928694678887
15.848931924611142	250005.4064355384	50001.081287107685	15923.911237932383
19.95262314968883	252654.0670148332	50530.81340296665	16092.615733428867
25.11886431509582	254843.01281198292	50968.60256239658	16232.039032610377
31.622776601683857	256644.89601223252	51328.97920244651	16346.808663199525
39.81071705534978	258112.72956516218	51622.545913032445	16440.301246188676
50.11872336272725	259307.68129432847	51861.5362588657	16516.41282129481
63.09573444801943	260278.95096127418	52055.79019225484	16578.27713129135
79.43282347242821	261066.57633103256	52213.31526620652	16628.444352295068
100.0000000000002	261693.57352035743	52338.71470407149	16668.38047900366
125.89254117941688	262197.3950840379	52439.479016807585	16700.471024461014
158.48931924611142	262640.8181881237	52528.16363762474	16728.714534275394
199.5262314968883	262950.85056611156	52590.17011322232	16748.461819497552
251.18864315095823	263198.087970587	52639.61759411741	16764.209424878154
316.2277660168386	263416.5255243563	52683.305104871266	16778.12264486346
398.1071705534977	263584.3312993848	52716.866259876966	16788.81091078884
501.18723362727246	263709.2132522963	52741.84265045927	16796.7651753055
630.9573444801943	263757.30421723594	52751.46084344719	16799.82829409146
794.3282347242822	263878.2282611901	52775.645652238025	16807.530462496186
1000.000000000002	263926.79855396535	52785.35971079307	16810.624111717538
1258.9254117941687	264012.9438593316	52802.58877186632	16816.111073842778
1584.893192461114	263982.4184376299	52796.48368752598	16814.166779466872
1995.2623149688789	263823.33628308267	52764.66725661653	16804.03415815813
2511.8864315095875	263453.9705267296	52690.79410534592	16780.50767686176
3162.277660168386	261894.9117906724	52378.98235813448	16681.204572654293
3981.0717055349774	260233.3183545334	52046.66367090669	16575.370595830154
5011.872336272725	256424.59253231526	51284.91850646306	16332.776594414985
6309.57344480193	251175.8891591284	50235.177831825684	15998.46427765149
7943.282347242838	242946.88889394485	48589.37777878897	15474.324133372284
10000.00000000002	235322.40913016084	47064.48182603217	14988.68847962808
12589.254117941688	233908.04125188585	46781.608250377176	14898.601353623304
15848.93192461114	226269.82516663132	45253.96503332627	14412.09077494467
19952.62314968879	227771.04672532986	45554.209345065974	14507.709982505086
25118.864315095874	222524.85018727853	44504.970037455714	14173.557336769334
31622.776601683858	225809.12539883525	45161.825079767055	14382.746840690144
39810.71705534977	216507.5822038031	43301.51644076062	13790.291860114847
50118.72336272725	216629.3274772521	43325.86549545042	13798.046336130708
63095.73444801956	226930.86172103413	45386.17234420683	14454.195014078608
79432.82347242838	217989.94139177166	43597.988278354336	13884.709642788004
100000.0000000002	222495.80482207597	44499.1609644152	14171.707313508025