0.00001584893192461114	1686.267796769885	337.253559353977	107.40559215094808	72.99860592077424
0.000019952623149688786	1873.7081105752006	374.7416221150401	119.34446564173251	81.11290521970565
0.000025118864315095822	2148.221523673034	429.6443047346068	136.82939641229515	92.9966027564084
0.000031622776601683795	2422.785269060895	484.55705381217905	154.3175330612035	104.88247918012533
0.000039810717055349776	2716.3279880736136	543.2655976147228	173.01452153335117	117.58995619366293
0.00005011872336272725	3066.611516892672	613.3223033785343	195.32557432437397	132.75374532002908
0.00006309573444801943	3421.7703518942435	684.3540703788486	217.94715617160784	148.12858666208845
0.00007943282347242822	3844.8984266479656	768.9796853295932	244.89798895846914	166.44581933540977
0.0001	4310.805983499129	862.1611966998258	274.57362952223747	186.61497764065493
0.00012589254117941674	4836.731858267201	967.34637165344	308.0720928832611	209.38233152671862
0.00015848931924611142	5429.5285910547145	1085.905718210943	345.8298465639945	235.04452775128632
0.0001995262314968881	6097.28328431237	1219.456656862474	388.36199263136103	263.9516573295398
0.0002511886431509582	6835.0138212718175	1367.0027642543635	435.35119880712205	295.88804421090117
0.00031622776601683794	7675.508572854889	1535.101714570978	488.885896360184	332.27309839198654
0.00039810717055349773	8604.045172237828	1720.8090344475652	548.0283549196067	372.46948797566347
0.0005011872336272725	9661.863189112582	1932.3726378225165	615.4052986695912	418.2624757191594
0.0006309573444801936	10839.978729331526	2167.995745866305	690.4445050529632	469.26314845591014
0.0007943282347242822	12150.76846218341	2430.153692436682	773.9342969543573	526.0072927352126
0.001	13643.827072424529	2728.7654144849057	869.0335714920082	590.6418646071224
0.0012589254117941688	15296.508702574589	3059.3017405149176	974.2999173614387	662.1865239209778
0.001584893192461114	17206.402950470292	3441.2805900940584	1095.9492325140313	744.8659285917876
0.0019952623149688807	19301.802257376938	3860.3604514753874	1229.414156520824	835.5758552977029
0.002511886431509582	21669.43297435522	4333.886594871044	1380.2186607869564	938.0706915305288
0.0031622776601683824	24311.453101796196	4862.290620359239	1548.5001975666366	1052.4438572206145
0.003981071705534978	27275.467330354037	5455.093466070807	1737.2909127614034	1180.7561614871877
0.005011872336272725	30699.823442111945	6139.964688422389	1955.4027670134994	1328.9966858057119
0.006309573444801936	34451.59488231752	6890.3189764635035	2194.369100784555	1491.4110338665591
0.00794328234724282	38655.13499933122	7731.0269998662425	2462.110509511542	1673.3824675035157
0.01000000000000001	43334.103846866994	8666.820769373398	2760.1340029851585	1875.9352314661035
0.012589254117941687	48580.81121899397	9716.162243798793	3094.3191859231824	2103.0654207356697
0.01584893192461114	54524.15267302614	10904.830534605228	3472.8759664347854	2360.352929568231
0.01995262314968881	61001.70352675699	12200.340705351398	3885.458823360317	2640.7663864396964
0.025118864315095822	68741.77050295095	13748.35410059019	4378.456719933181	2975.8342209069674
0.031622776601683826	77095.62053227957	15419.124106455914	4910.549078489144	3337.472750315133
0.039810717055349776	86611.8501668638	17322.37003337276	5516.678354577311	3749.430743154277
0.05011872336272725	97722.65529915484	19544.531059830966	6224.372948990753	4230.417978318391
0.06309573444801936	109926.27697820654	21985.255395641307	7001.673692879397	4758.71328909985
0.07943282347242822	123460.62146039361	24692.12429207872	7863.733850980483	5344.615647636087
0.1000000000000001	139226.4652109601	27845.293042192017	8867.927720443317	6027.1197061021685
0.12589254117941687	156889.77750498673	31377.955500997345	9992.97945891635	6791.765259956135
0.15848931924611143	174872.46695336062	34974.49339067213	11138.373691296854	7570.236664647646
0.19952623149688828	197608.417558862	39521.683511772404	12586.523411392483	8554.476950600087
0.25118864315095824	219535.35737512805	43907.07147502561	13983.143781855288	9503.695124464417
0.31622776601683794	245546.35588941508	49109.27117788301	15639.895279580576	10629.712376165155
0.39810717055349776	272269.0259208744	54453.805184174875	17341.976173304098	11786.53791865257
0.5011872336272725	300343.49023508205	60068.69804701641	19130.158613699492	13001.882694159396
0.6309573444801942	323841.8263013257	64768.36526026514	20626.867917281892	14019.12667971107
0.7943282347242822	342553.2475674956	68510.64951349911	21818.678189012455	14829.1449163418
1.000000000000002	357462.49506924924	71492.49901384984	22768.311787850267	15474.566886114684
1.2589254117941688	372060.96612664097	74412.1932253282	23698.150708703244	16106.535330157618
1.584893192461114	391588.6317115077	78317.72634230154	24941.951064427238	16951.888818679985
1.9952623149688828	409773.8423597205	81954.7684719441	26100.244736287925	17739.127374879674
2.5118864315095824	426696.93977925385	85339.38795585076	27178.14903052572	18471.728994772893
3.1622776601683857	442171.41677580355	88434.2833551607	28163.78450801296	19141.619773844308
3.9810717055349776	456146.3674113296	91229.27348226591	29053.908752313982	19746.595991832448
5.011872336272725	468626.72241828527	93725.34448365706	29848.835822820714	20286.87110035867
6.309573444801943	479640.32122071093	95928.06424414218	30550.338931255472	20763.650269294845
7.943282347242821	489168.6344012002	97833.72688024004	31157.237859949055	21176.131359359315
10.000000000000021	497349.10434694035	99469.82086938807	31678.286901079002	21530.264257443305
12.589254117941687	504315.53561340715	100863.10712268142	32122.00863779663	21831.841368545764
15.848931924611142	510155.6665275656	102031.13330551311	32493.991498571053	22084.660888639202
19.95262314968883	515045.5196295676	103009.10392591353	32805.44711016354	22296.342841106823
25.11886431509582	519064.16656327486	103812.83331265497	33061.41188301113	22470.31024083441
31.622776601683857	522362.65671823383	104472.53134364675	33271.50679733973	22613.102022434363
39.81071705534978	525037.3061383327	105007.46122766654	33441.86663301482	22728.887711616135
50.11872336272725	527210.7693771158	105442.15387542314	33580.30378198189	22822.97702931237
63.09573444801943	528977.6968018854	105795.53936037708	33692.84693005639	22899.467394021012
79.43282347242821	530413.3925720851	106082.67851441703	33784.29252051497	22961.61872606429
100.0000000000002	531548.4477705421	106309.68955410844	33856.58902997083	23010.755314742084
125.89254117941688	532376.7592117888	106475.35184235775	33909.347720496095	23046.612952891286
158.48931924611142	533116.8088431669	106623.36176863339	33956.48463969216	23078.64973347043
199.5262314968883	533816.2982406147	106763.25964812294	34001.03810449775	23108.93065976687
251.18864315095823	534291.3520451981	106858.27040903961	34031.29630861134	23129.495759532383
316.2277660168386	534625.0456564681	106925.00913129361	34052.55067875593	23143.941370409873
398.1071705534977	534947.1685008575	106989.43370017149	34073.06805737945	23157.8860822882
501.18723362727246	535174.875553998	107034.97511079961	34087.57169133745	23167.743530476106
630.9573444801943	535343.606452522	107068.7212905044	34098.31888232624	23175.047898377576
794.3282347242822	535502.3102346782	107100.46204693563	34108.42740348268	23181.91819197741
1000.000000000002	535605.1702631073	107121.03405262146	34114.97899765014	23186.37100706092
1258.9254117941687	535671.4213750344	107134.28427500688	34119.19881369646	23189.23902056426
1584.893192461114	535621.0007558047	107124.20015116094	34115.987309286924	23187.056309775096
1995.2623149688789	535391.8007328187	107078.36014656373	34101.3885817082	23177.13423085795
2511.8864315095875	534486.3341544736	106897.26683089472	34043.715551240355	23137.936543483705
3162.277660168386	530859.9805931102	106171.99611862205	33812.73761739555	22980.951540827282
3981.0717055349774	527469.680668155	105493.936133631	33596.794947016235	22834.18531030974
5011.872336272725	519571.42646905367	103914.28529381072	33093.72143114991	22492.269544114875
6309.57344480193	508406.79347329226	101681.35869465844	32382.598310400776	22008.95209841092
7943.282347242838	492557.4139848625	98511.4827969725	31373.08369330334	21322.83177423647
10000.00000000002	474551.931166881	94910.38623337621	30226.23765394146	20543.373643587922
12589.254117941688	473815.6815217431	94763.13630434862	30179.342772085547	20511.501364577623
15848.93192461114	458882.71750119707	91776.54350023941	29228.198566955223	19865.052705679525
19952.62314968879	463235.7939266961	92647.15878533921	29505.464581318218	20053.497572584245
25118.864315095874	453909.3289982216	90781.86579964432	28911.422229186086	19649.754502087515
31622.776601683858	457731.2114231926	91546.2422846385	29154.854230776593	19815.203957713962
39810.71705534977	439248.8440685903	87849.76881371807	27977.633380164985	19015.10147483075
50118.72336272725	440408.3280409245	88081.66560818489	28051.485862479265	19065.295586187207
63095.73444801956	461292.45084029576	92258.49016805914	29381.684766897815	19969.37016624657
79432.82347242838	441267.5320906235	88253.5064181247	28106.212235071558	19102.490566693657
100000.0000000002	454018.8141159543	90803.76282319085	28918.395803563963	19654.494117573777