0.00001584893192461114	127.81582353307833	25.563164706615666	8.141135256883969	5.533152533899495
0.000019952623149688786	150.4386380977379	30.087727619547582	9.582078859728528	6.51249515574623
0.000025118864315095822	182.6988195937393	36.53976391874786	11.636867490047088	7.909039809252783
0.000031622776601683795	218.2582258604081	43.651645172081615	13.901797825503698	9.448408045905111
0.000039810717055349776	259.2009979021551	51.84019958043102	16.509617700774207	11.220822420006714
0.00005011872336272725	309.96429356801406	61.99285871360281	19.74294863490535	13.418367686927015
0.00006309573444801943	366.35473323923145	73.27094664784629	23.334696384664422	15.85951226143859
0.00007943282347242822	436.0470519536942	87.20941039073884	27.773697576668418	18.876495755571177
0.0001	517.8498537632476	103.56997075264951	32.98406711867818	22.417742587153572
0.00012589254117941674	615.4510070666637	123.09020141333275	39.20070108704864	26.64290073881661
0.00015848931924611142	731.8105786082472	146.36211572164942	46.612138764856496	31.680111628062644
0.0001995262314968881	870.4959254119616	174.09918508239232	55.445600344710925	37.68380629489011
0.0002511886431509582	1033.6225500753774	206.72451001507548	65.83583121499218	44.74556493832802
0.00031622776601683794	1229.475651397227	245.89513027944537	78.31055104440935	53.22405417304012
0.00039810717055349773	1459.8327699416668	291.9665539883334	92.98297897717622	63.19622380699856
0.0005011872336272725	1736.3839861757538	347.27679723515075	110.59770612584418	75.16813792968631
0.0006309573444801936	2063.4491039634427	412.68982079268847	131.42987923334027	89.32680103737846
0.0007943282347242822	2449.878028562676	489.9756057125352	156.0431865326545	106.05532591180415
0.001	2913.707475944125	582.741495188825	185.5864634359315	126.13452276814392
0.0012589254117941688	3459.896297097585	691.979259419517	220.37556032468692	149.77906048041493
0.001584893192461114	4122.036288726949	824.4072577453898	262.55008208451903	178.443129382119
0.0019952623149688807	4897.31329233718	979.462658467436	311.9307829514127	212.00490443018094
0.002511886431509582	5822.774522694698	1164.5549045389396	370.8773581334202	252.06816115561463
0.0031622776601683824	6918.242210546641	1383.6484421093282	440.6523700985121	299.49100478556886
0.003981071705534978	8219.291358754239	1643.858271750848	523.5217425958114	355.81347873394975
0.005011872336272725	9795.889998613862	1959.1779997227723	623.9420381282714	424.06450210449617
0.006309573444801936	11639.215948038043	2327.8431896076086	741.3513342699389	503.8621622527291
0.00794328234724282	13825.42591613006	2765.085183226012	880.6003768235706	598.5032864125567
0.01000000000000001	16405.755311138808	3281.151062227762	1044.952567588459	710.2058576250566
0.012589254117941687	19464.758554129796	3892.951710825959	1239.7935384796046	842.6302404385192
0.01584893192461114	23115.04632522461	4623.009265044922	1472.2959442818224	1000.6513560703295
0.01995262314968881	27355.81837919963	5471.163675839925	1742.4088139617597	1184.2345618701138
0.025118864315095822	32597.330576921206	6519.466115384241	2076.2630940714143	1411.1398518147707
0.031622776601683826	38642.166002708036	7728.433200541607	2461.284458771212	1672.82103907827
0.039810717055349776	45862.15101579558	9172.430203159116	2921.156115655769	1985.3745028482933
0.05011872336272725	54631.441050514186	10926.288210102837	3479.7096210518584	2364.997448074207
0.06309573444801936	64831.39398940079	12966.278797880159	4129.388152191133	2806.5538523550126
0.07943282347242822	76744.42080405013	15348.884160810027	4888.179669047779	3322.269298876629
0.1000000000000001	91116.15502956788	18223.231005913574	5803.57675347566	3944.4222956522885
0.12589254117941687	107958.85541614707	21591.771083229414	6876.360217588985	4673.543524508531
0.15848931924611143	126333.05102996626	25266.61020599325	8046.691148405493	5468.963248050487
0.19952623149688828	149615.7822323689	29923.156446473775	9529.667658112667	6476.873689712938
0.25118864315095824	173859.69535768896	34771.939071537796	11073.865946349615	7526.3937384280935
0.31622776601683794	202955.6047291707	40591.12094583414	12927.10858147584	8785.956914682714
0.39810717055349776	234315.78055419997	46863.15611083999	14924.572009821652	10143.5402837316
0.5011872336272725	268437.6310343089	53687.52620686178	17097.938282440056	11620.6766681519
0.6309573444801942	299781.3584318023	59956.271686360466	19094.354040242182	12977.547984060706
0.7943282347242822	327511.8463733154	65502.36927466308	20860.627157536008	14178.00200750283
1.000000000000002	351975.7282104146	70395.14564208292	22418.836191746148	15237.044511273358
1.2589254117941688	372060.96612664097	74412.1932253282	23698.150708703244	16106.535330157618
1.584893192461114	391588.6317115077	78317.72634230154	24941.951064427238	16951.888818679985
1.9952623149688828	409773.8423597205	81954.7684719441	26100.244736287925	17739.127374879674
2.5118864315095824	426696.93977925385	85339.38795585076	27178.14903052572	18471.728994772893
3.1622776601683857	442171.41677580355	88434.2833551607	28163.78450801296	19141.619773844308
3.9810717055349776	456146.3674113296	91229.27348226591	29053.908752313982	19746.595991832448
5.011872336272725	468626.72241828527	93725.34448365706	29848.835822820714	20286.87110035867
6.309573444801943	479640.32122071093	95928.06424414218	30550.338931255472	20763.650269294845
7.943282347242821	489168.6344012002	97833.72688024004	31157.237859949055	21176.131359359315
10.000000000000021	497349.10434694035	99469.82086938807	31678.286901079002	21530.264257443305
12.589254117941687	504315.53561340715	100863.10712268142	32122.00863779663	21831.841368545764
15.848931924611142	510155.6665275656	102031.13330551311	32493.991498571053	22084.660888639202
19.95262314968883	515045.5196295676	103009.10392591353	32805.44711016354	22296.342841106823
25.11886431509582	519064.16656327486	103812.83331265497	33061.41188301113	22470.31024083441
31.622776601683857	522362.65671823383	104472.53134364675	33271.50679733973	22613.102022434363
39.81071705534978	525037.3061383327	105007.46122766654	33441.86663301482	22728.887711616135
50.11872336272725	527210.7693771158	105442.15387542314	33580.30378198189	22822.97702931237
63.09573444801943	528977.6968018854	105795.53936037708	33692.84693005639	22899.467394021012
79.43282347242821	530413.3925720851	106082.67851441703	33784.29252051497	22961.61872606429
100.0000000000002	531548.4477705421	106309.68955410844	33856.58902997083	23010.755314742084
125.89254117941688	532376.7592117888	106475.35184235775	33909.347720496095	23046.612952891286
158.48931924611142	533116.8088431669	106623.36176863339	33956.48463969216	23078.64973347043
199.5262314968883	533816.2982406147	106763.25964812294	34001.03810449775	23108.93065976687
251.18864315095823	534291.3520451981	106858.27040903961	34031.29630861134	23129.495759532383
316.2277660168386	534625.0456564681	106925.00913129361	34052.55067875593	23143.941370409873
398.1071705534977	534947.1685008575	106989.43370017149	34073.06805737945	23157.8860822882
501.18723362727246	535174.875553998	107034.97511079961	34087.57169133745	23167.743530476106
630.9573444801943	535343.606452522	107068.7212905044	34098.31888232624	23175.047898377576
794.3282347242822	535502.3102346782	107100.46204693563	34108.42740348268	23181.91819197741
1000.000000000002	535605.1702631073	107121.03405262146	34114.97899765014	23186.37100706092
1258.9254117941687	535671.4213750344	107134.28427500688	34119.19881369646	23189.23902056426
1584.893192461114	535621.0007558047	107124.20015116094	34115.987309286924	23187.056309775096
1995.2623149688789	535391.8007328187	107078.36014656373	34101.3885817082	23177.13423085795
2511.8864315095875	534486.3341544736	106897.26683089472	34043.715551240355	23137.936543483705
3162.277660168386	530859.9805931102	106171.99611862205	33812.73761739555	22980.951540827282
3981.0717055349774	527469.680668155	105493.936133631	33596.794947016235	22834.18531030974
5011.872336272725	519571.42646905367	103914.28529381072	33093.72143114991	22492.269544114875
6309.57344480193	508406.79347329226	101681.35869465844	32382.598310400776	22008.95209841092
7943.282347242838	492557.4139848625	98511.4827969725	31373.08369330334	21322.83177423647
10000.00000000002	474551.931166881	94910.38623337621	30226.23765394146	20543.373643587922
12589.254117941688	473815.6815217431	94763.13630434862	30179.342772085547	20511.501364577623
15848.93192461114	458882.71750119707	91776.54350023941	29228.198566955223	19865.052705679525
19952.62314968879	463235.7939266961	92647.15878533921	29505.464581318218	20053.497572584245
25118.864315095874	453909.3289982216	90781.86579964432	28911.422229186086	19649.754502087515
31622.776601683858	457731.2114231926	91546.2422846385	29154.854230776593	19815.203957713962
39810.71705534977	439248.8440685903	87849.76881371807	27977.633380164985	19015.10147483075
50118.72336272725	440408.3280409245	88081.66560818489	28051.485862479265	19065.295586187207
63095.73444801956	461292.45084029576	92258.49016805914	29381.684766897815	19969.37016624657
79432.82347242838	441267.5320906235	88253.5064181247	28106.212235071558	19102.490566693657
100000.0000000002	454018.8141159543	90803.76282319085	28918.395803563963	19654.494117573777