4.5726037539E-03	1.8271428654E+08
1.6568031150E-02	1.8271428638E+08
2.8563458546E-02	1.8271428605E+08
4.0558885943E-02	1.8271428556E+08
5.2554313339E-02	1.8271428489E+08
6.4549740735E-02	1.8271428405E+08
7.6545168131E-02	1.8271428304E+08
8.8540595528E-02	1.8271428186E+08
1.0053602292E-01	1.8271428050E+08
1.1253145032E-01	1.8271427898E+08
1.2452687772E-01	1.8271427728E+08
1.3652230511E-01	1.8271427541E+08
1.4851773251E-01	1.8271427336E+08
1.6051315991E-01	1.8271427115E+08
1.7250858730E-01	1.8271426876E+08
1.8450401470E-01	1.8271426621E+08
1.9649944209E-01	1.8271426348E+08
2.0849486949E-01	1.8271426057E+08
2.2049029689E-01	1.8271425750E+08
2.3248572428E-01	1.8271425426E+08
2.4448115168E-01	1.8271425084E+08
2.5647657908E-01	1.8271424725E+08
2.6847200647E-01	1.8271424349E+08
2.8046743387E-01	1.8271423956E+08
2.9246286126E-01	1.8271423545E+08
3.0445828866E-01	1.8271423118E+08
3.1645371606E-01	1.8271422673E+08
3.2844914345E-01	1.8271422211E+08
3.4044457085E-01	1.8271421732E+08
3.5243999825E-01	1.8271421236E+08
3.6443542564E-01	1.8271420722E+08
3.7643085304E-01	1.8271420192E+08
3.8842628043E-01	1.8271419644E+08
4.0042170783E-01	1.8271419079E+08
4.1241713523E-01	1.8271418497E+08
4.2441256262E-01	1.8271417897E+08
4.3640799002E-01	1.8271417281E+08
4.4840341742E-01	1.8271416647E+08
4.6039884481E-01	1.8271415997E+08
4.7239427221E-01	1.8271415329E+08
4.8438969960E-01	1.8271414644E+08
4.9638512700E-01	1.8271413941E+08
5.0838055440E-01	1.8271413222E+08
5.2037598179E-01	1.8271412485E+08
5.3237140919E-01	1.8271411732E+08
5.4436683658E-01	1.8271410961E+08
5.5636226398E-01	1.8271410173E+08
5.6835769138E-01	1.8271409368E+08
5.8035311877E-01	1.8271408546E+08
5.9234854617E-01	1.8271407706E+08
6.0434397357E-01	1.8271406850E+08
6.1633940096E-01	1.8271405976E+08
6.2833482836E-01	1.8271405085E+08
6.4033025575E-01	1.8271404177E+08
6.5232568315E-01	1.8271403252E+08
6.6432111055E-01	1.8271402310E+08
6.7631653794E-01	1.8271401351E+08
6.8831196534E-01	1.8271400374E+08
7.0030739274E-01	1.8271399381E+08
7.1230282013E-01	1.8271398370E+08
7.2429824753E-01	1.8271397342E+08
7.3629367492E-01	1.8271396298E+08
7.4828910232E-01	1.8271395236E+08
7.6028452972E-01	1.8271394157E+08
7.7227995711E-01	1.8271393060E+08
7.8427538451E-01	1.8271391947E+08
7.9627081191E-01	1.8271390817E+08
8.0826623930E-01	1.8271389669E+08
8.2026166670E-01	1.8271388505E+08
8.3225709409E-01	1.8271387323E+08
8.4425252149E-01	1.8271386125E+08
8.5624794889E-01	1.8271384909E+08
8.6824337628E-01	1.8271383676E+08
8.8023880368E-01	1.8271382426E+08
8.9223423108E-01	1.8271381159E+08
9.0422965847E-01	1.8271379875E+08
9.1622508587E-01	1.8271378574E+08
9.2822051326E-01	1.8271377256E+08
9.4021594066E-01	1.8271375921E+08
9.5221136806E-01	1.8271374568E+08
9.6420679545E-01	1.8271373199E+08
9.7620222285E-01	1.8271371813E+08
9.8819765025E-01	1.8271370409E+08
1.0001930776E+00	1.8271368989E+08
1.0121885050E+00	1.8271367551E+08
1.0241839324E+00	1.8271366097E+08
1.0361793598E+00	1.8271364625E+08
1.0481747872E+00	1.8271363137E+08
1.0601702146E+00	1.8271361631E+08
1.0721656420E+00	1.8271360109E+08
1.0841610694E+00	1.8271358569E+08
1.0961564968E+00	1.8271357013E+08
1.1081519242E+00	1.8271355439E+08
1.1201473516E+00	1.8271353849E+08
1.1321427790E+00	1.8271352241E+08
1.1441382064E+00	1.8271350616E+08
1.1561336338E+00	1.8271348975E+08
1.1681290612E+00	1.8271347316E+08
1.1801244886E+00	1.8271345641E+08
1.1921199160E+00	1.8271343948E+08
1.2041153434E+00	1.8271342239E+08
1.2161107708E+00	1.8271340512E+08
1.2281061982E+00	1.8271338769E+08
1.2401016256E+00	1.8271337009E+08
1.2520970530E+00	1.8271335232E+08
1.2640924804E+00	1.8271333437E+08
1.2760879078E+00	1.8271331626E+08
1.2880833352E+00	1.8271329798E+08
1.3000787625E+00	1.8271327953E+08
1.3120741899E+00	1.8271326091E+08
1.3240696173E+00	1.8271324212E+08
1.3360650447E+00	1.8271322317E+08
1.3480604721E+00	1.8271320404E+08
1.3600558995E+00	1.8271318474E+08
1.3720513269E+00	1.8271316528E+08
1.3840467543E+00	1.8271314565E+08
1.3960421817E+00	1.8271312584E+08
1.4080376091E+00	1.8271310587E+08
1.4200330365E+00	1.8271308573E+08
1.4320284639E+00	1.8271306542E+08
1.4440238913E+00	1.8271304495E+08
1.4560193187E+00	1.8271302430E+08
1.4680147461E+00	1.8271300349E+08
1.4800101735E+00	1.8271298250E+08
1.4920056009E+00	1.8271296135E+08
1.5040010283E+00	1.8271294003E+08
1.5159964557E+00	1.8271291854E+08
1.5279918831E+00	1.8271289689E+08
1.5399873105E+00	1.8271287506E+08
1.5519827379E+00	1.8271285306E+08
1.5639781653E+00	1.8271283091E+08
1.5759735927E+00	1.8271280858E+08
1.5879690201E+00	1.8271278608E+08
1.5999644475E+00	1.8271276342E+08
1.6119598749E+00	1.8271274058E+08
1.6239553022E+00	1.8271271758E+08
1.6359507296E+00	1.8271269441E+08
1.6479461570E+00	1.8271267108E+08
1.6599415844E+00	1.8271264757E+08
1.6719370118E+00	1.8271262390E+08
1.6839324392E+00	1.8271260006E+08
1.6959278666E+00	1.8271257606E+08
1.7079232940E+00	1.8271255188E+08
1.7199187214E+00	1.8271252754E+08
1.7319141488E+00	1.8271250303E+08
1.7439095762E+00	1.8271247836E+08
1.7559050036E+00	1.8271245352E+08
1.7679004310E+00	1.8271242851E+08
1.7798958584E+00	1.8271240333E+08
1.7918912858E+00	1.8271237799E+08
1.8038867132E+00	1.8271235248E+08
1.8158821406E+00	1.8271232680E+08
1.8278775680E+00	1.8271230095E+08
1.8398729954E+00	1.8271227494E+08
1.8518684228E+00	1.8271224877E+08
1.8638638502E+00	1.8271222242E+08
1.8758592776E+00	1.8271219591E+08
1.8878547050E+00	1.8271216924E+08
1.8998501324E+00	1.8271214239E+08
1.9118455598E+00	1.8271211539E+08
1.9238409872E+00	1.8271208821E+08
1.9358364145E+00	1.8271206087E+08
1.9478318419E+00	1.8271203336E+08
1.9598272693E+00	1.8271200569E+08
1.9718226967E+00	1.8271197785E+08
1.9838181241E+00	1.8271194985E+08
1.9958135515E+00	1.8271192168E+08
2.0078089789E+00	1.8271189334E+08
2.0198044063E+00	1.8271186484E+08
2.0317998337E+00	1.8271183617E+08
2.0437952611E+00	1.8271180734E+08
2.0557906885E+00	1.8271177834E+08
2.0677861159E+00	1.8271174918E+08
2.0797815433E+00	1.8271171985E+08
2.0917769707E+00	1.8271169035E+08
2.1037723981E+00	1.8271166070E+08
2.1157678255E+00	1.8271163087E+08
2.1277632529E+00	1.8271160088E+08
2.1397586803E+00	1.8271157073E+08
2.1517541077E+00	1.8271154041E+08
2.1637495351E+00	1.8271150993E+08
2.1757449625E+00	1.8271147928E+08
2.1877403899E+00	1.8271144847E+08
2.1997358173E+00	1.8271141750E+08
2.2117312447E+00	1.8271138636E+08
2.2237266721E+00	1.8271135505E+08
2.2357220995E+00	1.8271132358E+08
2.2477175269E+00	1.8271129195E+08
2.2597129542E+00	1.8271126016E+08
2.2717083816E+00	1.8271122820E+08
2.2837038090E+00	1.8271119607E+08
2.2956992364E+00	1.8271116378E+08
2.3076946638E+00	1.8271113133E+08
2.3196900912E+00	1.8271109872E+08
2.3316855186E+00	1.8271106594E+08
2.3436809460E+00	1.8271103300E+08
2.3556763734E+00	1.8271099989E+08
2.3676718008E+00	1.8271096663E+08
2.3796672282E+00	1.8271093319E+08
2.3916626556E+00	1.8271089960E+08
2.4036580830E+00	1.8271086584E+08
2.4156535104E+00	1.8271083192E+08
2.4276489378E+00	1.8271079784E+08
2.4396443652E+00	1.8271076359E+08
2.4516397926E+00	1.8271072919E+08
2.4636352200E+00	1.8271069462E+08
2.4756306474E+00	1.8271065987E+08
2.4876260748E+00	1.8271062499E+08
2.4996215022E+00	1.8271058993E+08
2.5116169296E+00	1.8271055471E+08
2.5236123570E+00	1.8271051933E+08
2.5356077844E+00	1.8271048379E+08
2.5476032118E+00	1.8271044808E+08
2.5595986392E+00	1.8271041221E+08
2.5715940666E+00	1.8271037619E+08
2.5835894939E+00	1.8271034000E+08
2.5955849213E+00	1.8271030364E+08
2.6075803487E+00	1.8271026713E+08
2.6195757761E+00	1.8271023046E+08
2.6315712035E+00	1.8271019362E+08
2.6435666309E+00	1.8271015663E+08
2.6555620583E+00	1.8271011947E+08
2.6675574857E+00	1.8271008215E+08
2.6795529131E+00	1.8271004467E+08
2.6915483405E+00	1.8271000703E+08
2.7035437679E+00	1.8270996923E+08
2.7155391953E+00	1.8270993127E+08
2.7275346227E+00	1.8270989315E+08
2.7395300501E+00	1.8270985487E+08
2.7515254775E+00	1.8270981643E+08
2.7635209049E+00	1.8270977783E+08
2.7755163323E+00	1.8270973907E+08
2.7875117597E+00	1.8270970015E+08
2.7995071871E+00	1.8270966107E+08
2.8115026145E+00	1.8270962183E+08
2.8234980419E+00	1.8270958243E+08
2.8354934693E+00	1.8270954287E+08
2.8474888967E+00	1.8270950315E+08
2.8594843241E+00	1.8270946328E+08
2.8714797515E+00	1.8270942324E+08
2.8834751789E+00	1.8270938304E+08
2.8954706062E+00	1.8270934269E+08
2.9074660336E+00	1.8270930218E+08
2.9194614610E+00	1.8270926150E+08
2.9314568884E+00	1.8270922067E+08
2.9434523158E+00	1.8270917969E+08
2.9554477432E+00	1.8270913854E+08
2.9674431706E+00	1.8270909723E+08
2.9794385980E+00	1.8270905577E+08
2.9914340254E+00	1.8270901415E+08
3.0034294528E+00	1.8270897237E+08
3.0154248802E+00	1.8270893043E+08
3.0274203076E+00	1.8270888834E+08
3.0394157350E+00	1.8270884608E+08
3.0514111624E+00	1.8270880367E+08
3.0634065898E+00	1.8270876111E+08
3.0754020172E+00	1.8270871838E+08
3.0873974446E+00	1.8270867550E+08
3.0993928720E+00	1.8270863246E+08
3.1113882994E+00	1.8270858927E+08
3.1233837268E+00	1.8270854592E+08
3.1353791542E+00	1.8270850241E+08
3.1473745816E+00	1.8270845874E+08
3.1593700090E+00	1.8270841492E+08
3.1713654364E+00	1.8270837094E+08
3.1833608638E+00	1.8270832681E+08
3.1953562912E+00	1.8270828252E+08
3.2073517186E+00	1.8270823808E+08
3.2193471459E+00	1.8270819347E+08
3.2313425733E+00	1.8270814872E+08
3.2433380007E+00	1.8270810380E+08
3.2553334281E+00	1.8270805874E+08
3.2673288555E+00	1.8270801351E+08
3.2793242829E+00	1.8270796813E+08
3.2913197103E+00	1.8270792260E+08
3.3033151377E+00	1.8270787691E+08
3.3153105651E+00	1.8270783107E+08
3.3273059925E+00	1.8270778507E+08
3.3393014199E+00	1.8270773892E+08
3.3512968473E+00	1.8270769261E+08
3.3632922747E+00	1.8270764615E+08
3.3752877021E+00	1.8270759953E+08
3.3872831295E+00	1.8270755276E+08
3.3992785569E+00	1.8270750584E+08
3.4112739843E+00	1.8270745876E+08
3.4232694117E+00	1.8270741153E+08
3.4352648391E+00	1.8270736414E+08
3.4472602665E+00	1.8270731660E+08
3.4592556939E+00	1.8270726891E+08
3.4712511213E+00	1.8270722107E+08
3.4832465487E+00	1.8270717307E+08
3.4952419761E+00	1.8270712492E+08
3.5072374035E+00	1.8270707661E+08
3.5192328309E+00	1.8270702816E+08
3.5312282583E+00	1.8270697955E+08
3.5432236856E+00	1.8270693079E+08
3.5552191130E+00	1.8270688187E+08
3.5672145404E+00	1.8270683281E+08
3.5792099678E+00	1.8270678359E+08
3.5912053952E+00	1.8270673422E+08
3.6032008226E+00	1.8270668470E+08
3.6151962500E+00	1.8270663502E+08
3.6271916774E+00	1.8270658520E+08
3.6391871048E+00	1.8270653522E+08
3.6511825322E+00	1.8270648510E+08
3.6631779596E+00	1.8270643482E+08
3.6751733870E+00	1.8270638439E+08
3.6871688144E+00	1.8270633381E+08
3.6991642418E+00	1.8270628308E+08
3.7111596692E+00	1.8270623220E+08
3.7231550966E+00	1.8270618116E+08
3.7351505240E+00	1.8270612998E+08
3.7471459514E+00	1.8270607865E+08
3.7591413788E+00	1.8270602717E+08
3.7711368062E+00	1.8270597554E+08
3.7831322336E+00	1.8270592376E+08
3.7951276610E+00	1.8270587182E+08
3.8071230884E+00	1.8270581974E+08
3.8191185158E+00	1.8270576751E+08
3.8311139432E+00	1.8270571513E+08
3.8431093706E+00	1.8270566261E+08
3.8551047979E+00	1.8270560993E+08
3.8671002253E+00	1.8270555710E+08
3.8790956527E+00	1.8270550413E+08
3.8910910801E+00	1.8270545101E+08
3.9030865075E+00	1.8270539774E+08
3.9150819349E+00	1.8270534432E+08
3.9270773623E+00	1.8270529075E+08
3.9390727897E+00	1.8270523703E+08
3.9510682171E+00	1.8270518317E+08
3.9630636445E+00	1.8270512916E+08
3.9750590719E+00	1.8270507500E+08
3.9870544993E+00	1.8270502070E+08
3.9990499267E+00	1.8270496625E+08
4.0110453541E+00	1.8270491165E+08
4.0230407815E+00	1.8270485690E+08
4.0350362089E+00	1.8270480201E+08
4.0470316363E+00	1.8270474697E+08
4.0590270637E+00	1.8270469178E+08
4.0710224911E+00	1.8270463645E+08
4.0830179185E+00	1.8270458098E+08
4.0950133459E+00	1.8270452535E+08
4.1070087733E+00	1.8270446958E+08
4.1190042007E+00	1.8270441367E+08
4.1309996281E+00	1.8270435761E+08
4.1429950555E+00	1.8270430140E+08
4.1549904829E+00	1.8270424505E+08
4.1669859103E+00	1.8270418856E+08
4.1789813376E+00	1.8270413192E+08
4.1909767650E+00	1.8270407513E+08
4.2029721924E+00	1.8270401820E+08
4.2149676198E+00	1.8270396113E+08
4.2269630472E+00	1.8270390391E+08
4.2389584746E+00	1.8270384654E+08
4.2509539020E+00	1.8270378904E+08
4.2629493294E+00	1.8270373139E+08
4.2749447568E+00	1.8270367359E+08
4.2869401842E+00	1.8270361565E+08
4.2989356116E+00	1.8270355757E+08
4.3109310390E+00	1.8270349935E+08
4.3229264664E+00	1.8270344098E+08
4.3349218938E+00	1.8270338247E+08
4.3469173212E+00	1.8270332382E+08
4.3589127486E+00	1.8270326503E+08
4.3709081760E+00	1.8270320609E+08
4.3829036034E+00	1.8270314701E+08
4.3948990308E+00	1.8270308779E+08
4.4068944582E+00	1.8270302842E+08
4.4188898856E+00	1.8270296892E+08
4.4308853130E+00	1.8270290927E+08
4.4428807404E+00	1.8270284949E+08
4.4548761678E+00	1.8270278956E+08
4.4668715952E+00	1.8270272949E+08
4.4788670226E+00	1.8270266928E+08
4.4908624499E+00	1.8270260892E+08
4.5028578773E+00	1.8270254843E+08
4.5148533047E+00	1.8270248780E+08
4.5268487321E+00	1.8270242703E+08
4.5388441595E+00	1.8270236611E+08
4.5508395869E+00	1.8270230506E+08
4.5628350143E+00	1.8270224387E+08
4.5748304417E+00	1.8270218254E+08
4.5868258691E+00	1.8270212106E+08
4.5988212965E+00	1.8270205945E+08
4.6108167239E+00	1.8270199770E+08
4.6228121513E+00	1.8270193582E+08
4.6348075787E+00	1.8270187379E+08
4.6468030061E+00	1.8270181162E+08
4.6587984335E+00	1.8270174932E+08
4.6707938609E+00	1.8270168688E+08
4.6827892883E+00	1.8270162430E+08
4.6947847157E+00	1.8270156158E+08
4.7067801431E+00	1.8270149872E+08
4.7187755705E+00	1.8270143573E+08
4.7307709979E+00	1.8270137256E+08
4.7427664253E+00	1.8270130933E+08
4.7547618527E+00	1.8270124592E+08
4.7667572801E+00	1.8270118238E+08
4.7787527075E+00	1.8270111870E+08
4.7907481349E+00	1.8270105489E+08
4.8027435623E+00	1.8270099094E+08
4.8147389896E+00	1.8270092685E+08
4.8267344170E+00	1.8270086263E+08
4.8387298444E+00	1.8270079827E+08
4.8507252718E+00	1.8270073378E+08
4.8627206992E+00	1.8270066915E+08
4.8747161266E+00	1.8270060438E+08
4.8867115540E+00	1.8270053948E+08
4.8987069814E+00	1.8270047445E+08
4.9107024088E+00	1.8270040928E+08
4.9226978362E+00	1.8270034397E+08
4.9346932636E+00	1.8270027854E+08
4.9466886910E+00	1.8270021296E+08
4.9586841184E+00	1.8270014726E+08
4.9706795458E+00	1.8270008142E+08
4.9826749732E+00	1.8270001544E+08
4.9946704006E+00	1.8269994934E+08
5.0066658280E+00	1.8269988310E+08
5.0186612554E+00	1.8269981672E+08
5.0306566828E+00	1.8269975022E+08
5.0426521102E+00	1.8269968358E+08
5.0546475376E+00	1.8269961681E+08
5.0666429650E+00	1.8269954990E+08
5.0786383924E+00	1.8269948287E+08
5.0906338198E+00	1.8269941570E+08
5.1026292472E+00	1.8269934840E+08
5.1146246746E+00	1.8269928097E+08
5.1266201020E+00	1.8269921340E+08
5.1386155293E+00	1.8269914571E+08
5.1506109567E+00	1.8269907788E+08
5.1626063841E+00	1.8269900993E+08
5.1746018115E+00	1.8269894185E+08
5.1865972389E+00	1.8269887363E+08
5.1985926663E+00	1.8269880528E+08
5.2105880937E+00	1.8269873681E+08
5.2225835211E+00	1.8269866820E+08
5.2345789485E+00	1.8269859946E+08
5.2465743759E+00	1.8269853060E+08
5.2585698033E+00	1.8269846160E+08
5.2705652307E+00	1.8269839248E+08
5.2825606581E+00	1.8269832322E+08
5.2945560855E+00	1.8269825384E+08
5.3065515129E+00	1.8269818433E+08
5.3185469403E+00	1.8269811469E+08
5.3305423677E+00	1.8269804493E+08
5.3425377951E+00	1.8269797503E+08
5.3545332225E+00	1.8269790501E+08
5.3665286499E+00	1.8269783486E+08
5.3785240773E+00	1.8269776458E+08
5.3905195047E+00	1.8269769418E+08
5.4025149321E+00	1.8269762365E+08
5.4145103595E+00	1.8269755299E+08
5.4265057869E+00	1.8269748221E+08
5.4385012143E+00	1.8269741129E+08
5.4504966416E+00	1.8269734026E+08
5.4624920690E+00	1.8269726909E+08
5.4744874964E+00	1.8269719781E+08
5.4864829238E+00	1.8269712639E+08
5.4984783512E+00	1.8269705485E+08
5.5104737786E+00	1.8269698319E+08
5.5224692060E+00	1.8269691140E+08
5.5344646334E+00	1.8269683948E+08
5.5464600608E+00	1.8269676744E+08
5.5584554882E+00	1.8269669528E+08
5.5704509156E+00	1.8269662299E+08
5.5824463430E+00	1.8269655058E+08
5.5944417704E+00	1.8269647804E+08
5.6064371978E+00	1.8269640539E+08
5.6184326252E+00	1.8269633260E+08
5.6304280526E+00	1.8269625970E+08
5.6424234800E+00	1.8269618667E+08
5.6544189074E+00	1.8269611352E+08
5.6664143348E+00	1.8269604025E+08
5.6784097622E+00	1.8269596685E+08
5.6904051896E+00	1.8269589333E+08
5.7024006170E+00	1.8269581969E+08
5.7143960444E+00	1.8269574593E+08
5.7263914718E+00	1.8269567205E+08
5.7383868992E+00	1.8269559804E+08
5.7503823266E+00	1.8269552392E+08
5.7623777540E+00	1.8269544967E+08
5.7743731813E+00	1.8269537531E+08
5.7863686087E+00	1.8269530082E+08
5.7983640361E+00	1.8269522621E+08
5.8103594635E+00	1.8269515149E+08
5.8223548909E+00	1.8269507664E+08
5.8343503183E+00	1.8269500167E+08
5.8463457457E+00	1.8269492659E+08
5.8583411731E+00	1.8269485138E+08
5.8703366005E+00	1.8269477606E+08
5.8823320279E+00	1.8269470061E+08
5.8943274553E+00	1.8269462505E+08
5.9063228827E+00	1.8269454937E+08
5.9183183101E+00	1.8269447358E+08
5.9303137375E+00	1.8269439766E+08
5.9423091649E+00	1.8269432163E+08
5.9543045923E+00	1.8269424548E+08
5.9663000197E+00	1.8269416921E+08
5.9782954471E+00	1.8269409282E+08
5.9902908745E+00	1.8269401632E+08
6.0022863019E+00	1.8269393970E+08
6.0142817293E+00	1.8269386297E+08
6.0262771567E+00	1.8269378612E+08
6.0382725841E+00	1.8269370915E+08
6.0502680115E+00	1.8269363207E+08
6.0622634389E+00	1.8269355487E+08
6.0742588663E+00	1.8269347756E+08
6.0862542937E+00	1.8269340013E+08
6.0982497210E+00	1.8269332259E+08
6.1102451484E+00	1.8269324493E+08
6.1222405758E+00	1.8269316716E+08
6.1342360032E+00	1.8269308927E+08
6.1462314306E+00	1.8269301128E+08
6.1582268580E+00	1.8269293316E+08
6.1702222854E+00	1.8269285494E+08
6.1822177128E+00	1.8269277660E+08
6.1942131402E+00	1.8269269814E+08
6.2062085676E+00	1.8269261958E+08
6.2182039950E+00	1.8269254090E+08
6.2301994224E+00	1.8269246211E+08
6.2421948498E+00	1.8269238320E+08
6.2541902772E+00	1.8269230419E+08
6.2661857046E+00	1.8269222506E+08
6.2781811320E+00	1.8269214583E+08
6.2901765594E+00	1.8269206648E+08
6.3021719868E+00	1.8269198702E+08
6.3141674142E+00	1.8269190745E+08
6.3261628416E+00	1.8269182777E+08
6.3381582690E+00	1.8269174797E+08
6.3501536964E+00	1.8269166807E+08
6.3621491238E+00	1.8269158806E+08
6.3741445512E+00	1.8269150794E+08
6.3861399786E+00	1.8269142771E+08
6.3981354060E+00	1.8269134737E+08
6.4101308333E+00	1.8269126692E+08
6.4221262607E+00	1.8269118637E+08
6.4341216881E+00	1.8269110570E+08
6.4461171155E+00	1.8269102493E+08
6.4581125429E+00	1.8269094405E+08
6.4701079703E+00	1.8269086306E+08
6.4821033977E+00	1.8269078196E+08
6.4940988251E+00	1.8269070076E+08
6.5060942525E+00	1.8269061945E+08
6.5180896799E+00	1.8269053803E+08
6.5300851073E+00	1.8269045651E+08
6.5420805347E+00	1.8269037488E+08
6.5540759621E+00	1.8269029314E+08
6.5660713895E+00	1.8269021130E+08
6.5780668169E+00	1.8269012935E+08
6.5900622443E+00	1.8269004730E+08
6.6020576717E+00	1.8268996514E+08
6.6140530991E+00	1.8268988288E+08
6.6260485265E+00	1.8268980051E+08
6.6380439539E+00	1.8268971804E+08
6.6500393813E+00	1.8268963546E+08
6.6620348087E+00	1.8268955278E+08
6.6740302361E+00	1.8268947000E+08
6.6860256635E+00	1.8268938711E+08
6.6980210909E+00	1.8268930412E+08
6.7100165183E+00	1.8268922103E+08
6.7220119457E+00	1.8268913783E+08
6.7340073730E+00	1.8268905454E+08
6.7460028004E+00	1.8268897114E+08
6.7579982278E+00	1.8268888763E+08
6.7699936552E+00	1.8268880403E+08
6.7819890826E+00	1.8268872033E+08
6.7939845100E+00	1.8268863652E+08
6.8059799374E+00	1.8268855261E+08
6.8179753648E+00	1.8268846860E+08
6.8299707922E+00	1.8268838450E+08
6.8419662196E+00	1.8268830029E+08
6.8539616470E+00	1.8268821598E+08
6.8659570744E+00	1.8268813157E+08
6.8779525018E+00	1.8268804706E+08
6.8899479292E+00	1.8268796246E+08
6.9019433566E+00	1.8268787775E+08
6.9139387840E+00	1.8268779295E+08
6.9259342114E+00	1.8268770804E+08
6.9379296388E+00	1.8268762304E+08
6.9499250662E+00	1.8268753794E+08
6.9619204936E+00	1.8268745275E+08
6.9739159210E+00	1.8268736745E+08
6.9859113484E+00	1.8268728206E+08
6.9979067758E+00	1.8268719657E+08
7.0099022032E+00	1.8268711099E+08
7.0218976306E+00	1.8268702531E+08
7.0338930580E+00	1.8268693953E+08
7.0458884854E+00	1.8268685366E+08
7.0578839127E+00	1.8268676769E+08
7.0698793401E+00	1.8268668162E+08
7.0818747675E+00	1.8268659546E+08
7.0938701949E+00	1.8268650921E+08
7.1058656223E+00	1.8268642286E+08
7.1178610497E+00	1.8268633642E+08
7.1298564771E+00	1.8268624988E+08
7.1418519045E+00	1.8268616325E+08
7.1538473319E+00	1.8268607653E+08
7.1658427593E+00	1.8268598971E+08
7.1778381867E+00	1.8268590280E+08
7.1898336141E+00	1.8268581579E+08
7.2018290415E+00	1.8268572870E+08
7.2138244689E+00	1.8268564151E+08
7.2258198963E+00	1.8268555423E+08
7.2378153237E+00	1.8268546686E+08
7.2498107511E+00	1.8268537939E+08
7.2618061785E+00	1.8268529184E+08
7.2738016059E+00	1.8268520419E+08
7.2857970333E+00	1.8268511646E+08
7.2977924607E+00	1.8268502863E+08
7.3097878881E+00	1.8268494072E+08
7.3217833155E+00	1.8268485271E+08
7.3337787429E+00	1.8268476461E+08
7.3457741703E+00	1.8268467643E+08
7.3577695977E+00	1.8268458815E+08
7.3697650250E+00	1.8268449979E+08
7.3817604524E+00	1.8268441134E+08
7.3937558798E+00	1.8268432280E+08
7.4057513072E+00	1.8268423417E+08
7.4177467346E+00	1.8268414546E+08
7.4297421620E+00	1.8268405665E+08
7.4417375894E+00	1.8268396776E+08
7.4537330168E+00	1.8268387879E+08
7.4657284442E+00	1.8268378972E+08
7.4777238716E+00	1.8268370057E+08
7.4897192990E+00	1.8268361134E+08
7.5017147264E+00	1.8268352202E+08
7.5137101538E+00	1.8268343261E+08
7.5257055812E+00	1.8268334312E+08
7.5377010086E+00	1.8268325354E+08
7.5496964360E+00	1.8268316388E+08
7.5616918634E+00	1.8268307413E+08
7.5736872908E+00	1.8268298430E+08
7.5856827182E+00	1.8268289439E+08
7.5976781456E+00	1.8268280439E+08
7.6096735730E+00	1.8268271431E+08
7.6216690004E+00	1.8268262415E+08
7.6336644278E+00	1.8268253390E+08
7.6456598552E+00	1.8268244357E+08
7.6576552826E+00	1.8268235316E+08
7.6696507100E+00	1.8268226267E+08
7.6816461374E+00	1.8268217210E+08
7.6936415647E+00	1.8268208144E+08
7.7056369921E+00	1.8268199071E+08
7.7176324195E+00	1.8268189989E+08
7.7296278469E+00	1.8268180899E+08
7.7416232743E+00	1.8268171801E+08
7.7536187017E+00	1.8268162696E+08
7.7656141291E+00	1.8268153582E+08
7.7776095565E+00	1.8268144460E+08
7.7896049839E+00	1.8268135331E+08
7.8016004113E+00	1.8268126193E+08
7.8135958387E+00	1.8268117048E+08
7.8255912661E+00	1.8268107895E+08
7.8375866935E+00	1.8268098734E+08
7.8495821209E+00	1.8268089566E+08
7.8615775483E+00	1.8268080389E+08
7.8735729757E+00	1.8268071205E+08
7.8855684031E+00	1.8268062014E+08
7.8975638305E+00	1.8268052814E+08
7.9095592579E+00	1.8268043607E+08
7.9215546853E+00	1.8268034393E+08
7.9335501127E+00	1.8268025171E+08
7.9455455401E+00	1.8268015941E+08
7.9575409675E+00	1.8268006704E+08
7.9695363949E+00	1.8267997460E+08
7.9815318223E+00	1.8267988208E+08
7.9935272497E+00	1.8267978948E+08
8.0055226771E+00	1.8267969682E+08
8.0175181044E+00	1.8267960408E+08
8.0295135318E+00	1.8267951126E+08
8.0415089592E+00	1.8267941838E+08
8.0535043866E+00	1.8267932542E+08
8.0654998140E+00	1.8267923239E+08
8.0774952414E+00	1.8267913928E+08
8.0894906688E+00	1.8267904611E+08
8.1014860962E+00	1.8267895286E+08
8.1134815236E+00	1.8267885955E+08
8.1254769510E+00	1.8267876616E+08
8.1374723784E+00	1.8267867270E+08
8.1494678058E+00	1.8267857917E+08
8.1614632332E+00	1.8267848558E+08
8.1734586606E+00	1.8267839191E+08
8.1854540880E+00	1.8267829817E+08
8.1974495154E+00	1.8267820437E+08
8.2094449428E+00	1.8267811049E+08
8.2214403702E+00	1.8267801655E+08
8.2334357976E+00	1.8267792254E+08
8.2454312250E+00	1.8267782847E+08
8.2574266524E+00	1.8267773432E+08
8.2694220798E+00	1.8267764011E+08
8.2814175072E+00	1.8267754583E+08
8.2934129346E+00	1.8267745149E+08
8.3054083620E+00	1.8267735708E+08
8.3174037894E+00	1.8267726260E+08
8.3293992167E+00	1.8267716806E+08
8.3413946441E+00	1.8267707345E+08
8.3533900715E+00	1.8267697878E+08
8.3653854989E+00	1.8267688404E+08
8.3773809263E+00	1.8267678924E+08
8.3893763537E+00	1.8267669438E+08
8.4013717811E+00	1.8267659945E+08
8.4133672085E+00	1.8267650446E+08
8.4253626359E+00	1.8267640940E+08
8.4373580633E+00	1.8267631429E+08
8.4493534907E+00	1.8267621911E+08
8.4613489181E+00	1.8267612387E+08
8.4733443455E+00	1.8267602857E+08
8.4853397729E+00	1.8267593320E+08
8.4973352003E+00	1.8267583778E+08
8.5093306277E+00	1.8267574229E+08
8.5213260551E+00	1.8267564675E+08
8.5333214825E+00	1.8267555114E+08
8.5453169099E+00	1.8267545548E+08
8.5573123373E+00	1.8267535975E+08
8.5693077647E+00	1.8267526397E+08
8.5813031921E+00	1.8267516813E+08
8.5932986195E+00	1.8267507223E+08
8.6052940469E+00	1.8267497627E+08
8.6172894743E+00	1.8267488025E+08
8.6292849017E+00	1.8267478418E+08
8.6412803291E+00	1.8267468805E+08
8.6532757564E+00	1.8267459186E+08
8.6652711838E+00	1.8267449562E+08
8.6772666112E+00	1.8267439932E+08
8.6892620386E+00	1.8267430297E+08
8.7012574660E+00	1.8267420656E+08
8.7132528934E+00	1.8267411009E+08
8.7252483208E+00	1.8267401357E+08
8.7372437482E+00	1.8267391700E+08
8.7492391756E+00	1.8267382037E+08
8.7612346030E+00	1.8267372369E+08
8.7732300304E+00	1.8267362695E+08
8.7852254578E+00	1.8267353017E+08
8.7972208852E+00	1.8267343332E+08
8.8092163126E+00	1.8267333643E+08
8.8212117400E+00	1.8267323949E+08
8.8332071674E+00	1.8267314249E+08
8.8452025948E+00	1.8267304544E+08
8.8571980222E+00	1.8267294834E+08
8.8691934496E+00	1.8267285120E+08
8.8811888770E+00	1.8267275400E+08
8.8931843044E+00	1.8267265675E+08
8.9051797318E+00	1.8267255945E+08
8.9171751592E+00	1.8267246210E+08
8.9291705866E+00	1.8267236470E+08
8.9411660140E+00	1.8267226726E+08
8.9531614414E+00	1.8267216977E+08
8.9651568687E+00	1.8267207222E+08
8.9771522961E+00	1.8267197464E+08
8.9891477235E+00	1.8267187700E+08
9.0011431509E+00	1.8267177932E+08
9.0131385783E+00	1.8267168159E+08
9.0251340057E+00	1.8267158382E+08
9.0371294331E+00	1.8267148600E+08
9.0491248605E+00	1.8267138813E+08
9.0611202879E+00	1.8267129022E+08
9.0731157153E+00	1.8267119227E+08
9.0851111427E+00	1.8267109427E+08
9.0971065701E+00	1.8267099623E+08
9.1091019975E+00	1.8267089814E+08
9.1210974249E+00	1.8267080001E+08
9.1330928523E+00	1.8267070184E+08
9.1450882797E+00	1.8267060363E+08
9.1570837071E+00	1.8267050537E+08
9.1690791345E+00	1.8267040707E+08
9.1810745619E+00	1.8267030873E+08
9.1930699893E+00	1.8267021035E+08
9.2050654167E+00	1.8267011193E+08
9.2170608441E+00	1.8267001347E+08
9.2290562715E+00	1.8266991497E+08
9.2410516989E+00	1.8266981644E+08
9.2530471263E+00	1.8266971786E+08
9.2650425537E+00	1.8266961924E+08
9.2770379811E+00	1.8266952059E+08
9.2890334084E+00	1.8266942189E+08
9.3010288358E+00	1.8266932316E+08
9.3130242632E+00	1.8266922439E+08
9.3250196906E+00	1.8266912559E+08
9.3370151180E+00	1.8266902675E+08
9.3490105454E+00	1.8266892787E+08
9.3610059728E+00	1.8266882896E+08
9.3730014002E+00	1.8266873001E+08
9.3849968276E+00	1.8266863103E+08
9.3969922550E+00	1.8266853202E+08
9.4089876824E+00	1.8266843297E+08
9.4209831098E+00	1.8266833388E+08
9.4329785372E+00	1.8266823476E+08
9.4449739646E+00	1.8266813561E+08
9.4569693920E+00	1.8266803643E+08
9.4689648194E+00	1.8266793722E+08
9.4809602468E+00	1.8266783797E+08
9.4929556742E+00	1.8266773869E+08
9.5049511016E+00	1.8266763939E+08
9.5169465290E+00	1.8266754005E+08
9.5289419564E+00	1.8266744068E+08
9.5409373838E+00	1.8266734128E+08
9.5529328112E+00	1.8266724185E+08
9.5649282386E+00	1.8266714240E+08
9.5769236660E+00	1.8266704291E+08
9.5889190934E+00	1.8266694340E+08
9.6009145208E+00	1.8266684386E+08
9.6129099481E+00	1.8266674429E+08
9.6249053755E+00	1.8266664470E+08
9.6369008029E+00	1.8266654508E+08
9.6488962303E+00	1.8266644543E+08
9.6608916577E+00	1.8266634576E+08
9.6728870851E+00	1.8266624606E+08
9.6848825125E+00	1.8266614634E+08
9.6968779399E+00	1.8266604659E+08
9.7088733673E+00	1.8266594682E+08
9.7208687947E+00	1.8266584703E+08
9.7328642221E+00	1.8266574721E+08
9.7448596495E+00	1.8266564737E+08
9.7568550769E+00	1.8266554751E+08
9.7688505043E+00	1.8266544763E+08
9.7808459317E+00	1.8266534772E+08
9.7928413591E+00	1.8266524780E+08
9.8048367865E+00	1.8266514785E+08
9.8168322139E+00	1.8266504789E+08
9.8288276413E+00	1.8266494790E+08
9.8408230687E+00	1.8266484790E+08
9.8528184961E+00	1.8266474788E+08
9.8648139235E+00	1.8266464783E+08
9.8768093509E+00	1.8266454778E+08
9.8888047783E+00	1.8266444770E+08
9.9008002057E+00	1.8266434761E+08
9.9127956331E+00	1.8266424750E+08
9.9247910604E+00	1.8266414737E+08
9.9367864878E+00	1.8266404723E+08
9.9487819152E+00	1.8266394707E+08
9.9607773426E+00	1.8266384690E+08
9.9727727700E+00	1.8266374672E+08
9.9847681974E+00	1.8266364652E+08
9.9967636248E+00	1.8266354631E+08
1.0008759052E+01	1.8266344608E+08
1.0020754480E+01	1.8266334584E+08
1.0032749907E+01	1.8266324559E+08
1.0044745334E+01	1.8266314533E+08
1.0056740762E+01	1.8266304506E+08
1.0068736189E+01	1.8266294478E+08
1.0080731617E+01	1.8266284449E+08
1.0092727044E+01	1.8266274419E+08
1.0104722471E+01	1.8266264387E+08
1.0116717899E+01	1.8266254356E+08
1.0128713326E+01	1.8266244323E+08
1.0140708754E+01	1.8266234289E+08
1.0152704181E+01	1.8266224255E+08
1.0164699608E+01	1.8266214220E+08
1.0176695036E+01	1.8266204185E+08
1.0188690463E+01	1.8266194149E+08
1.0200685891E+01	1.8266184112E+08
1.0212681318E+01	1.8266174075E+08
1.0224676745E+01	1.8266164038E+08
1.0236672173E+01	1.8266154000E+08
1.0248667600E+01	1.8266143962E+08
1.0260663028E+01	1.8266133923E+08
1.0272658455E+01	1.8266123885E+08
1.0284653882E+01	1.8266113846E+08
1.0296649310E+01	1.8266103807E+08
1.0308644737E+01	1.8266093768E+08
1.0320640165E+01	1.8266083730E+08
1.0332635592E+01	1.8266073691E+08
1.0344631019E+01	1.8266063652E+08
1.0356626447E+01	1.8266053613E+08
1.0368621874E+01	1.8266043575E+08
1.0380617302E+01	1.8266033537E+08
1.0392612729E+01	1.8266023499E+08
1.0404608156E+01	1.8266013462E+08
1.0416603584E+01	1.8266003425E+08
1.0428599011E+01	1.8265993388E+08
1.0440594438E+01	1.8265983352E+08
1.0452589866E+01	1.8265973317E+08
1.0464585293E+01	1.8265963282E+08
1.0476580721E+01	1.8265953248E+08
1.0488576148E+01	1.8265943214E+08
1.0500571575E+01	1.8265933182E+08
1.0512567003E+01	1.8265923150E+08
1.0524562430E+01	1.8265913120E+08
1.0536557858E+01	1.8265903090E+08
1.0548553285E+01	1.8265893061E+08
1.0560548712E+01	1.8265883034E+08
1.0572544140E+01	1.8265873007E+08
1.0584539567E+01	1.8265862982E+08
1.0596534995E+01	1.8265852958E+08
1.0608530422E+01	1.8265842936E+08
1.0620525849E+01	1.8265832914E+08
1.0632521277E+01	1.8265822895E+08
1.0644516704E+01	1.8265812877E+08
1.0656512132E+01	1.8265802860E+08
1.0668507559E+01	1.8265792845E+08
1.0680502986E+01	1.8265782832E+08
1.0692498414E+01	1.8265772820E+08
1.0704493841E+01	1.8265762811E+08
1.0716489269E+01	1.8265752803E+08
1.0728484696E+01	1.8265742797E+08
1.0740480123E+01	1.8265732794E+08
1.0752475551E+01	1.8265722792E+08
1.0764470978E+01	1.8265712792E+08
1.0776466406E+01	1.8265702795E+08
1.0788461833E+01	1.8265692800E+08
1.0800457260E+01	1.8265682808E+08
1.0812452688E+01	1.8265672818E+08
1.0824448115E+01	1.8265662830E+08
1.0836443543E+01	1.8265652845E+08
1.0848438970E+01	1.8265642862E+08
1.0860434397E+01	1.8265632883E+08
1.0872429825E+01	1.8265622906E+08
1.0884425252E+01	1.8265612932E+08
1.0896420680E+01	1.8265602960E+08
1.0908416107E+01	1.8265592992E+08
1.0920411534E+01	1.8265583027E+08
1.0932406962E+01	1.8265573065E+08
1.0944402389E+01	1.8265563107E+08
1.0956397817E+01	1.8265553151E+08
1.0968393244E+01	1.8265543199E+08
1.0980388671E+01	1.8265533250E+08
1.0992384099E+01	1.8265523305E+08
1.1004379526E+01	1.8265513364E+08
1.1016374954E+01	1.8265503426E+08
1.1028370381E+01	1.8265493492E+08
1.1040365808E+01	1.8265483562E+08
1.1052361236E+01	1.8265473636E+08
1.1064356663E+01	1.8265463714E+08
1.1076352090E+01	1.8265453796E+08
1.1088347518E+01	1.8265443882E+08
1.1100342945E+01	1.8265433972E+08
1.1112338373E+01	1.8265424067E+08
1.1124333800E+01	1.8265414166E+08
1.1136329227E+01	1.8265404270E+08
1.1148324655E+01	1.8265394379E+08
1.1160320082E+01	1.8265384492E+08
1.1172315510E+01	1.8265374610E+08
1.1184310937E+01	1.8265364733E+08
1.1196306364E+01	1.8265354861E+08
1.1208301792E+01	1.8265344994E+08
1.1220297219E+01	1.8265335132E+08
1.1232292647E+01	1.8265325276E+08
1.1244288074E+01	1.8265315425E+08
1.1256283501E+01	1.8265305579E+08
1.1268278929E+01	1.8265295740E+08
1.1280274356E+01	1.8265285905E+08
1.1292269784E+01	1.8265276077E+08
1.1304265211E+01	1.8265266255E+08
1.1316260638E+01	1.8265256439E+08
1.1328256066E+01	1.8265246629E+08
1.1340251493E+01	1.8265236825E+08
1.1352246921E+01	1.8265227028E+08
1.1364242348E+01	1.8265217237E+08
1.1376237775E+01	1.8265207453E+08
1.1388233203E+01	1.8265197676E+08
1.1400228630E+01	1.8265187905E+08
1.1412224058E+01	1.8265178142E+08
1.1424219485E+01	1.8265168386E+08
1.1436214912E+01	1.8265158637E+08
1.1448210340E+01	1.8265148895E+08
1.1460205767E+01	1.8265139162E+08
1.1472201195E+01	1.8265129435E+08
1.1484196622E+01	1.8265119717E+08
1.1496192049E+01	1.8265110007E+08
1.1508187477E+01	1.8265100305E+08
1.1520182904E+01	1.8265090612E+08
1.1532178332E+01	1.8265080926E+08
1.1544173759E+01	1.8265071250E+08
1.1556169186E+01	1.8265061582E+08
1.1568164614E+01	1.8265051924E+08
1.1580160041E+01	1.8265042274E+08
1.1592155469E+01	1.8265032635E+08
1.1604150896E+01	1.8265023004E+08
1.1616146323E+01	1.8265013384E+08
1.1628141751E+01	1.8265003773E+08
1.1640137178E+01	1.8264994173E+08
1.1652132606E+01	1.8264984583E+08
1.1664128033E+01	1.8264975005E+08
1.1676123460E+01	1.8264965437E+08
1.1688118888E+01	1.8264955882E+08
1.1700114315E+01	1.8264946339E+08
1.1712109742E+01	1.8264936810E+08
1.1724105170E+01	1.8264927293E+08
1.1736100597E+01	1.8264917790E+08
1.1748096025E+01	1.8264908301E+08
1.1760091452E+01	1.8264898827E+08
1.1772086879E+01	1.8264889368E+08
1.1784082307E+01	1.8264879924E+08
1.1796077734E+01	1.8264870495E+08
1.1808073162E+01	1.8264861082E+08
1.1820068589E+01	1.8264851686E+08
1.1832064016E+01	1.8264842306E+08
1.1844059444E+01	1.8264832942E+08
1.1856054871E+01	1.8264823595E+08
1.1868050299E+01	1.8264814265E+08
1.1880045726E+01	1.8264804952E+08
1.1892041153E+01	1.8264795656E+08
1.1904036581E+01	1.8264786378E+08
1.1916032008E+01	1.8264777117E+08
1.1928027436E+01	1.8264767873E+08
1.1940022863E+01	1.8264758647E+08
1.1952018290E+01	1.8264749439E+08
1.1964013718E+01	1.8264740248E+08
1.1976009145E+01	1.8264731075E+08
1.1988004573E+01	1.8264721919E+08
1.2000000000E+01	1.8264712782E+08
