4.5726037539E-03	4.2952598698E-01
1.6668031150E-02	4.2952550198E-01
2.8763458546E-02	4.2952444577E-01
4.0858885943E-02	4.2952284096E-01
5.2954313339E-02	4.2952067713E-01
6.5049740735E-02	4.2951795314E-01
7.7145168131E-02	4.2951467199E-01
8.9240595528E-02	4.2951083296E-01
1.0133602292E-01	4.2950643545E-01
1.1343145032E-01	4.2950147962E-01
1.2552687772E-01	4.2949596567E-01
1.3762230511E-01	4.2948989356E-01
1.4971773251E-01	4.2948326327E-01
1.6181315991E-01	4.2947607476E-01
1.7390858730E-01	4.2946832802E-01
1.8600401470E-01	4.2946002308E-01
1.9809944209E-01	4.2945115993E-01
2.1019486949E-01	4.2944173857E-01
2.2229029689E-01	4.2943175900E-01
2.3438572428E-01	4.2942122121E-01
2.4648115168E-01	4.2941012520E-01
2.5857657908E-01	4.2939847096E-01
2.7067200647E-01	4.2938625849E-01
2.8276743387E-01	4.2937348779E-01
2.9486286126E-01	4.2936015885E-01
3.0695828866E-01	4.2934627167E-01
3.1905371606E-01	4.2933182625E-01
3.3114914345E-01	4.2931682258E-01
3.4324457085E-01	4.2930126066E-01
3.5533999825E-01	4.2928514047E-01
3.6743542564E-01	4.2926846203E-01
3.7953085304E-01	4.2925122532E-01
3.9162628043E-01	4.2923343034E-01
4.0372170783E-01	4.2921507708E-01
4.1581713523E-01	4.2919616554E-01
4.2791256262E-01	4.2917669571E-01
4.4000799002E-01	4.2915666758E-01
4.5210341742E-01	4.2913608116E-01
4.6419884481E-01	4.2911493642E-01
4.7629427221E-01	4.2909323338E-01
4.8838969960E-01	4.2907097201E-01
5.0048512700E-01	4.2904815232E-01
5.1258055440E-01	4.2902477430E-01
5.2467598179E-01	4.2900083794E-01
5.3677140919E-01	4.2897634324E-01
5.4886683658E-01	4.2895129018E-01
5.6096226398E-01	4.2892567876E-01
5.7305769138E-01	4.2889950897E-01
5.8515311877E-01	4.2887278080E-01
5.9724854617E-01	4.2884549426E-01
6.0934397357E-01	4.2881764931E-01
6.2143940096E-01	4.2878924597E-01
6.3353482836E-01	4.2876028422E-01
6.4563025575E-01	4.2873076405E-01
6.5772568315E-01	4.2870068545E-01
6.6982111055E-01	4.2867004841E-01
6.8191653794E-01	4.2863885293E-01
6.9401196534E-01	4.2860709900E-01
7.0610739274E-01	4.2857478660E-01
7.1820282013E-01	4.2854191573E-01
7.3029824753E-01	4.2850848637E-01
7.4239367492E-01	4.2847449852E-01
7.5448910232E-01	4.2843995216E-01
7.6658452972E-01	4.2840484729E-01
7.7867995711E-01	4.2836918389E-01
7.9077538451E-01	4.2833296196E-01
8.0287081191E-01	4.2829618148E-01
8.1496623930E-01	4.2825884244E-01
8.2706166670E-01	4.2822094483E-01
8.3915709409E-01	4.2818248863E-01
8.5125252149E-01	4.2814347385E-01
8.6334794889E-01	4.2810390045E-01
8.7544337628E-01	4.2806376844E-01
8.8753880368E-01	4.2802307780E-01
8.9963423108E-01	4.2798182851E-01
9.1172965847E-01	4.2794002057E-01
9.2382508587E-01	4.2789765396E-01
9.3592051326E-01	4.2785472866E-01
9.4801594066E-01	4.2781124467E-01
9.6011136806E-01	4.2776720198E-01
9.7220679545E-01	4.2772260056E-01
9.8430222285E-01	4.2767744040E-01
9.9639765025E-01	4.2763172149E-01
1.0084930776E+00	4.2758544381E-01
1.0205885050E+00	4.2753860735E-01
1.0326839324E+00	4.2749121210E-01
1.0447793598E+00	4.2744325803E-01
1.0568747872E+00	4.2739474514E-01
1.0689702146E+00	4.2734567341E-01
1.0810656420E+00	4.2729604282E-01
1.0931610694E+00	4.2724585336E-01
1.1052564968E+00	4.2719510500E-01
1.1173519242E+00	4.2714379774E-01
1.1294473516E+00	4.2709193156E-01
1.1415427790E+00	4.2703950644E-01
1.1536382064E+00	4.2698652236E-01
1.1657336338E+00	4.2693297931E-01
1.1778290612E+00	4.2687887727E-01
1.1899244886E+00	4.2682421622E-01
1.2020199160E+00	4.2676899615E-01
1.2141153434E+00	4.2671321702E-01
1.2262107708E+00	4.2665687884E-01
1.2383061982E+00	4.2659998157E-01
1.2504016256E+00	4.2654252520E-01
1.2624970530E+00	4.2648450972E-01
1.2745924804E+00	4.2642593509E-01
1.2866879078E+00	4.2636680131E-01
1.2987833352E+00	4.2630710835E-01
1.3108787625E+00	4.2624685620E-01
1.3229741899E+00	4.2618604482E-01
1.3350696173E+00	4.2612467420E-01
1.3471650447E+00	4.2606274432E-01
1.3592604721E+00	4.2600025516E-01
1.3713558995E+00	4.2593720670E-01
1.3834513269E+00	4.2587359892E-01
1.3955467543E+00	4.2580943179E-01
1.4076421817E+00	4.2574470530E-01
1.4197376091E+00	4.2567941941E-01
1.4318330365E+00	4.2561357411E-01
1.4439284639E+00	4.2554716938E-01
1.4560238913E+00	4.2548020519E-01
1.4681193187E+00	4.2541268151E-01
1.4802147461E+00	4.2534459833E-01
1.4923101735E+00	4.2527595563E-01
1.5044056009E+00	4.2520675337E-01
1.5165010283E+00	4.2513699153E-01
1.5285964557E+00	4.2506667010E-01
1.5406918831E+00	4.2499578904E-01
1.5527873105E+00	4.2492434833E-01
1.5648827379E+00	4.2485234794E-01
1.5769781653E+00	4.2477978784E-01
1.5890735927E+00	4.2470666802E-01
1.6011690201E+00	4.2463298844E-01
1.6132644475E+00	4.2455874908E-01
1.6253598749E+00	4.2448394991E-01
1.6374553022E+00	4.2440859090E-01
1.6495507296E+00	4.2433267203E-01
1.6616461570E+00	4.2425619328E-01
1.6737415844E+00	4.2417915460E-01
1.6858370118E+00	4.2410155598E-01
1.6979324392E+00	4.2402339738E-01
1.7100278666E+00	4.2394467878E-01
1.7221232940E+00	4.2386540014E-01
1.7342187214E+00	4.2378556143E-01
1.7463141488E+00	4.2370516263E-01
1.7584095762E+00	4.2362420371E-01
1.7705050036E+00	4.2354268463E-01
1.7826004310E+00	4.2346060538E-01
1.7946958584E+00	4.2337796591E-01
1.8067912858E+00	4.2329476619E-01
1.8188867132E+00	4.2321100620E-01
1.8309821406E+00	4.2312668589E-01
1.8430775680E+00	4.2304180525E-01
1.8551729954E+00	4.2295636422E-01
1.8672684228E+00	4.2287036278E-01
1.8793638502E+00	4.2278380090E-01
1.8914592776E+00	4.2269667855E-01
1.9035547050E+00	4.2260899568E-01
1.9156501324E+00	4.2252075227E-01
1.9277455598E+00	4.2243194828E-01
1.9398409872E+00	4.2234258369E-01
1.9519364145E+00	4.2225265844E-01
1.9640318419E+00	4.2216217252E-01
1.9761272693E+00	4.2207112587E-01
1.9882226967E+00	4.2197951846E-01
2.0003181241E+00	4.2188735026E-01
2.0124135515E+00	4.2179462122E-01
2.0245089789E+00	4.2170133131E-01
2.0366044063E+00	4.2160748049E-01
2.0486998337E+00	4.2151306873E-01
2.0607952611E+00	4.2141809599E-01
2.0728906885E+00	4.2132256222E-01
2.0849861159E+00	4.2122646740E-01
2.0970815433E+00	4.2112981148E-01
2.1091769707E+00	4.2103259443E-01
2.1212723981E+00	4.2093481618E-01
2.1333678255E+00	4.2083647672E-01
2.1454632529E+00	4.2073757599E-01
2.1575586803E+00	4.2063811395E-01
2.1696541077E+00	4.2053809056E-01
2.1817495351E+00	4.2043750578E-01
2.1938449625E+00	4.2033635956E-01
2.2059403899E+00	4.2023465187E-01
2.2180358173E+00	4.2013238265E-01
2.2301312447E+00	4.2002955188E-01
2.2422266721E+00	4.1992615950E-01
2.2543220995E+00	4.1982220547E-01
2.2664175269E+00	4.1971768975E-01
2.2785129542E+00	4.1961261228E-01
2.2906083816E+00	4.1950697303E-01
2.3027038090E+00	4.1940077193E-01
2.3147992364E+00	4.1929400894E-01
2.3268946638E+00	4.1918668402E-01
2.3389900912E+00	4.1907879712E-01
2.3510855186E+00	4.1897034819E-01
2.3631809460E+00	4.1886133718E-01
2.3752763734E+00	4.1875176404E-01
2.3873718008E+00	4.1864162873E-01
2.3994672282E+00	4.1853093119E-01
2.4115626556E+00	4.1841967139E-01
2.4236580830E+00	4.1830784927E-01
2.4357535104E+00	4.1819546477E-01
2.4478489378E+00	4.1808251783E-01
2.4599443652E+00	4.1796900842E-01
2.4720397926E+00	4.1785493646E-01
2.4841352200E+00	4.1774030191E-01
2.4962306474E+00	4.1762510472E-01
2.5083260748E+00	4.1750934482E-01
2.5204215022E+00	4.1739302216E-01
2.5325169296E+00	4.1727613670E-01
2.5446123570E+00	4.1715868837E-01
2.5567077844E+00	4.1704067712E-01
2.5688032118E+00	4.1692210290E-01
2.5808986392E+00	4.1680296565E-01
2.5929940666E+00	4.1668326532E-01
2.6050894939E+00	4.1656300184E-01
2.6171849213E+00	4.1644217515E-01
2.6292803487E+00	4.1632078519E-01
2.6413757761E+00	4.1619883190E-01
2.6534712035E+00	4.1607631521E-01
2.6655666309E+00	4.1595323507E-01
2.6776620583E+00	4.1582959141E-01
2.6897574857E+00	4.1570538417E-01
2.7018529131E+00	4.1558061330E-01
2.7139483405E+00	4.1545527871E-01
2.7260437679E+00	4.1532938037E-01
2.7381391953E+00	4.1520291820E-01
2.7502346227E+00	4.1507589214E-01
2.7623300501E+00	4.1494830213E-01
2.7744254775E+00	4.1482014811E-01
2.7865209049E+00	4.1469142999E-01
2.7986163323E+00	4.1456214772E-01
2.8107117597E+00	4.1443230122E-01
2.8228071871E+00	4.1430189043E-01
2.8349026145E+00	4.1417091526E-01
2.8469980419E+00	4.1403937565E-01
2.8590934693E+00	4.1390727154E-01
2.8711888967E+00	4.1377460284E-01
2.8832843241E+00	4.1364136949E-01
2.8953797515E+00	4.1350757143E-01
2.9074751789E+00	4.1337320857E-01
2.9195706062E+00	4.1323828085E-01
2.9316660336E+00	4.1310278819E-01
2.9437614610E+00	4.1296673054E-01
2.9558568884E+00	4.1283010780E-01
2.9679523158E+00	4.1269291991E-01
2.9800477432E+00	4.1255516679E-01
2.9921431706E+00	4.1241684834E-01
3.0042385980E+00	4.1227796450E-01
3.0163340254E+00	4.1213851517E-01
3.0284294528E+00	4.1199850029E-01
3.0405248802E+00	4.1185791977E-01
3.0526203076E+00	4.1171677352E-01
3.0647157350E+00	4.1157506148E-01
3.0768111624E+00	4.1143278356E-01
3.0889065898E+00	4.1128993967E-01
3.1010020172E+00	4.1114652974E-01
3.1130974446E+00	4.1100255369E-01
3.1251928720E+00	4.1085801143E-01
3.1372882994E+00	4.1071290289E-01
3.1493837268E+00	4.1056722799E-01
3.1614791542E+00	4.1042098662E-01
3.1735745816E+00	4.1027417869E-01
3.1856700090E+00	4.1012680412E-01
3.1977654364E+00	4.0997886281E-01
3.2098608638E+00	4.0983035467E-01
3.2219562912E+00	4.0968127961E-01
3.2340517186E+00	4.0953163753E-01
3.2461471459E+00	4.0938142835E-01
3.2582425733E+00	4.0923065196E-01
3.2703380007E+00	4.0907930828E-01
3.2824334281E+00	4.0892739722E-01
3.2945288555E+00	4.0877491868E-01
3.3066242829E+00	4.0862187257E-01
3.3187197103E+00	4.0846825880E-01
3.3308151377E+00	4.0831407728E-01
3.3429105651E+00	4.0815932791E-01
3.3550059925E+00	4.0800401058E-01
3.3671014199E+00	4.0784812520E-01
3.3791968473E+00	4.0769167166E-01
3.3912922747E+00	4.0753464985E-01
3.4033877021E+00	4.0737705966E-01
3.4154831295E+00	4.0721890098E-01
3.4275785569E+00	4.0706017372E-01
3.4396739843E+00	4.0690087777E-01
3.4517694117E+00	4.0674101302E-01
3.4638648391E+00	4.0658057935E-01
3.4759602665E+00	4.0641957668E-01
3.4880556939E+00	4.0625800489E-01
3.5001511213E+00	4.0609586387E-01
3.5122465487E+00	4.0593315353E-01
3.5243419761E+00	4.0576987374E-01
3.5364374035E+00	4.0560602442E-01
3.5485328309E+00	4.0544160544E-01
3.5606282583E+00	4.0527661669E-01
3.5727236856E+00	4.0511105806E-01
3.5848191130E+00	4.0494492940E-01
3.5969145404E+00	4.0477823061E-01
3.6090099678E+00	4.0461096156E-01
3.6211053952E+00	4.0444312213E-01
3.6332008226E+00	4.0427471220E-01
3.6452962500E+00	4.0410573164E-01
3.6573916774E+00	4.0393618033E-01
3.6694871048E+00	4.0376605815E-01
3.6815825322E+00	4.0359536498E-01
3.6936779596E+00	4.0342410069E-01
3.7057733870E+00	4.0325226516E-01
3.7178688144E+00	4.0307985827E-01
3.7299642418E+00	4.0290687990E-01
3.7420596692E+00	4.0273332993E-01
3.7541550966E+00	4.0255920823E-01
3.7662505240E+00	4.0238451467E-01
3.7783459514E+00	4.0220924911E-01
3.7904413788E+00	4.0203341142E-01
3.8025368062E+00	4.0185700144E-01
3.8146322336E+00	4.0168001905E-01
3.8267276610E+00	4.0150246409E-01
3.8388230884E+00	4.0132433642E-01
3.8509185158E+00	4.0114563592E-01
3.8630139432E+00	4.0096636242E-01
3.8751093706E+00	4.0078651579E-01
3.8872047979E+00	4.0060609590E-01
3.8993002253E+00	4.0042510259E-01
3.9113956527E+00	4.0024353573E-01
3.9234910801E+00	4.0006139517E-01
3.9355865075E+00	3.9987868077E-01
3.9476819349E+00	3.9969539240E-01
3.9597773623E+00	3.9951152991E-01
3.9718727897E+00	3.9932709315E-01
3.9839682171E+00	3.9914208199E-01
3.9960636445E+00	3.9895649626E-01
4.0081590719E+00	3.9877033579E-01
4.0202544993E+00	3.9858360043E-01
4.0323499267E+00	3.9839629001E-01
4.0444453541E+00	3.9820840436E-01
4.0565407815E+00	3.9801994332E-01
4.0686362089E+00	3.9783090672E-01
4.0807316363E+00	3.9764129440E-01
4.0928270637E+00	3.9745110621E-01
4.1049224911E+00	3.9726034196E-01
4.1170179185E+00	3.9706900150E-01
4.1291133459E+00	3.9687708467E-01
4.1412087733E+00	3.9668459129E-01
4.1533042007E+00	3.9649152121E-01
4.1653996281E+00	3.9629787426E-01
4.1774950555E+00	3.9610365027E-01
4.1895904829E+00	3.9590884909E-01
4.2016859103E+00	3.9571347055E-01
4.2137813376E+00	3.9551751447E-01
4.2258767650E+00	3.9532098066E-01
4.2379721924E+00	3.9512386894E-01
4.2500676198E+00	3.9492617911E-01
4.2621630472E+00	3.9472791098E-01
4.2742584746E+00	3.9452906435E-01
4.2863539020E+00	3.9432963905E-01
4.2984493294E+00	3.9412963487E-01
4.3105447568E+00	3.9392905162E-01
4.3226401842E+00	3.9372788912E-01
4.3347356116E+00	3.9352614717E-01
4.3468310390E+00	3.9332382558E-01
4.3589264664E+00	3.9312092416E-01
4.3710218938E+00	3.9291744272E-01
4.3831173212E+00	3.9271338106E-01
4.3952127486E+00	3.9250873900E-01
4.4073081760E+00	3.9230351634E-01
4.4194036034E+00	3.9209771289E-01
4.4314990308E+00	3.9189132847E-01
4.4435944582E+00	3.9168436287E-01
4.4556898856E+00	3.9147681587E-01
4.4677853130E+00	3.9126868727E-01
4.4798807404E+00	3.9105997682E-01
4.4919761678E+00	3.9085068431E-01
4.5040715952E+00	3.9064080951E-01
4.5161670226E+00	3.9043035220E-01
4.5282624499E+00	3.9021931215E-01
4.5403578773E+00	3.9000768915E-01
4.5524533047E+00	3.8979548297E-01
4.5645487321E+00	3.8958269338E-01
4.5766441595E+00	3.8936932016E-01
4.5887395869E+00	3.8915536308E-01
4.6008350143E+00	3.8894082193E-01
4.6129304417E+00	3.8872569647E-01
4.6250258691E+00	3.8850998650E-01
4.6371212965E+00	3.8829369177E-01
4.6492167239E+00	3.8807681207E-01
4.6613121513E+00	3.8785934717E-01
4.6734075787E+00	3.8764129686E-01
4.6855030061E+00	3.8742266089E-01
4.6975984335E+00	3.8720343902E-01
4.7096938609E+00	3.8698363098E-01
4.7217892883E+00	3.8676323650E-01
4.7338847157E+00	3.8654225534E-01
4.7459801431E+00	3.8632068721E-01
4.7580755705E+00	3.8609853187E-01
4.7701709979E+00	3.8587578905E-01
4.7822664253E+00	3.8565245848E-01
4.7943618527E+00	3.8542853990E-01
4.8064572801E+00	3.8520403305E-01
4.8185527075E+00	3.8497893767E-01
4.8306481349E+00	3.8475325349E-01
4.8427435623E+00	3.8452698025E-01
4.8548389896E+00	3.8430011770E-01
4.8669344170E+00	3.8407266555E-01
4.8790298444E+00	3.8384462356E-01
4.8911252718E+00	3.8361599146E-01
4.9032206992E+00	3.8338676899E-01
4.9153161266E+00	3.8315695588E-01
4.9274115540E+00	3.8292655187E-01
4.9395069814E+00	3.8269555668E-01
4.9516024088E+00	3.8246397000E-01
4.9636978362E+00	3.8223179152E-01
4.9757932636E+00	3.8199902092E-01
4.9878886910E+00	3.8176565791E-01
4.9999841184E+00	3.8153170216E-01
5.0120795458E+00	3.8129715338E-01
5.0241749732E+00	3.8106201124E-01
5.0362704006E+00	3.8082627545E-01
5.0483658280E+00	3.8058994568E-01
5.0604612554E+00	3.8035302163E-01
5.0725566828E+00	3.8011550299E-01
5.0846521102E+00	3.7987738945E-01
5.0967475376E+00	3.7963868070E-01
5.1088429650E+00	3.7939937642E-01
5.1209383924E+00	3.7915947632E-01
5.1330338198E+00	3.7891898008E-01
5.1451292472E+00	3.7867788738E-01
5.1572246746E+00	3.7843619793E-01
5.1693201020E+00	3.7819391140E-01
5.1814155293E+00	3.7795102749E-01
5.1935109567E+00	3.7770754587E-01
5.2056063841E+00	3.7746346618E-01
5.2177018115E+00	3.7721878805E-01
5.2297972389E+00	3.7697351111E-01
5.2418926663E+00	3.7672763500E-01
5.2539880937E+00	3.7648115934E-01
5.2660835211E+00	3.7623408377E-01
5.2781789485E+00	3.7598640792E-01
5.2902743759E+00	3.7573813143E-01
5.3023698033E+00	3.7548925392E-01
5.3144652307E+00	3.7523977503E-01
5.3265606581E+00	3.7498969439E-01
5.3386560855E+00	3.7473901164E-01
5.3507515129E+00	3.7448772640E-01
5.3628469403E+00	3.7423583830E-01
5.3749423677E+00	3.7398334699E-01
5.3870377951E+00	3.7373025209E-01
5.3991332225E+00	3.7347655323E-01
5.4112286499E+00	3.7322225006E-01
5.4233240773E+00	3.7296734219E-01
5.4354195047E+00	3.7271182926E-01
5.4475149321E+00	3.7245571091E-01
5.4596103595E+00	3.7219898673E-01
5.4717057869E+00	3.7194165628E-01
5.4838012143E+00	3.7168371913E-01
5.4958966416E+00	3.7142517484E-01
5.5079920690E+00	3.7116602298E-01
5.5200874964E+00	3.7090626309E-01
5.5321829238E+00	3.7064589474E-01
5.5442783512E+00	3.7038491750E-01
5.5563737786E+00	3.7012333093E-01
5.5684692060E+00	3.6986113458E-01
5.5805646334E+00	3.6959832802E-01
5.5926600608E+00	3.6933491081E-01
5.6047554882E+00	3.6907088251E-01
5.6168509156E+00	3.6880624269E-01
5.6289463430E+00	3.6854099089E-01
5.6410417704E+00	3.6827512670E-01
5.6531371978E+00	3.6800864966E-01
5.6652326252E+00	3.6774155933E-01
5.6773280526E+00	3.6747385529E-01
5.6894234800E+00	3.6720553709E-01
5.7015189074E+00	3.6693660429E-01
5.7136143348E+00	3.6666705645E-01
5.7257097622E+00	3.6639689312E-01
5.7378051896E+00	3.6612611379E-01
5.7499006170E+00	3.6585471793E-01
5.7619960444E+00	3.6558270502E-01
5.7740914718E+00	3.6531007452E-01
5.7861868992E+00	3.6503682591E-01
5.7982823266E+00	3.6476295867E-01
5.8103777540E+00	3.6448847226E-01
5.8224731813E+00	3.6421336616E-01
5.8345686087E+00	3.6393763984E-01
5.8466640361E+00	3.6366129278E-01
5.8587594635E+00	3.6338432445E-01
5.8708548909E+00	3.6310673432E-01
5.8829503183E+00	3.6282852186E-01
5.8950457457E+00	3.6254968655E-01
5.9071411731E+00	3.6227022786E-01
5.9192366005E+00	3.6199014526E-01
5.9313320279E+00	3.6170943823E-01
5.9434274553E+00	3.6142810625E-01
5.9555228827E+00	3.6114614877E-01
5.9676183101E+00	3.6086356528E-01
5.9797137375E+00	3.6058035525E-01
5.9918091649E+00	3.6029651815E-01
6.0039045923E+00	3.6001205344E-01
6.0160000197E+00	3.5972696052E-01
6.0280954471E+00	3.5944123874E-01
6.0401908745E+00	3.5915488746E-01
6.0522863019E+00	3.5886790605E-01
6.0643817293E+00	3.5858029387E-01
6.0764771567E+00	3.5829205029E-01
6.0885725841E+00	3.5800317465E-01
6.1006680115E+00	3.5771366633E-01
6.1127634389E+00	3.5742352468E-01
6.1248588663E+00	3.5713274907E-01
6.1369542937E+00	3.5684133886E-01
6.1490497210E+00	3.5654929341E-01
6.1611451484E+00	3.5625661209E-01
6.1732405758E+00	3.5596329424E-01
6.1853360032E+00	3.5566933925E-01
6.1974314306E+00	3.5537474646E-01
6.2095268580E+00	3.5507951525E-01
6.2216222854E+00	3.5478364496E-01
6.2337177128E+00	3.5448713497E-01
6.2458131402E+00	3.5418998463E-01
6.2579085676E+00	3.5389219331E-01
6.2700039950E+00	3.5359376037E-01
6.2820994224E+00	3.5329468517E-01
6.2941948498E+00	3.5299496705E-01
6.3062902772E+00	3.5269460525E-01
6.3183857046E+00	3.5239359899E-01
6.3304811320E+00	3.5209194750E-01
6.3425765594E+00	3.5178964998E-01
6.3546719868E+00	3.5148670566E-01
6.3667674142E+00	3.5118311376E-01
6.3788628416E+00	3.5087887350E-01
6.3909582690E+00	3.5057398410E-01
6.4030536964E+00	3.5026844478E-01
6.4151491238E+00	3.4996225476E-01
6.4272445512E+00	3.4965541325E-01
6.4393399786E+00	3.4934791948E-01
6.4514354060E+00	3.4903977267E-01
6.4635308333E+00	3.4873097203E-01
6.4756262607E+00	3.4842151679E-01
6.4877216881E+00	3.4811140617E-01
6.4998171155E+00	3.4780063938E-01
6.5119125429E+00	3.4748921565E-01
6.5240079703E+00	3.4717713419E-01
6.5361033977E+00	3.4686439422E-01
6.5481988251E+00	3.4655099497E-01
6.5602942525E+00	3.4623693565E-01
6.5723896799E+00	3.4592221548E-01
6.5844851073E+00	3.4560683369E-01
6.5965805347E+00	3.4529078941E-01
6.6086759621E+00	3.4497408170E-01
6.6207713895E+00	3.4465670959E-01
6.6328668169E+00	3.4433867210E-01
6.6449622443E+00	3.4401996828E-01
6.6570576717E+00	3.4370059715E-01
6.6691530991E+00	3.4338055776E-01
6.6812485265E+00	3.4305984913E-01
6.6933439539E+00	3.4273847029E-01
6.7054393813E+00	3.4241642029E-01
6.7175348087E+00	3.4209369816E-01
6.7296302361E+00	3.4177030293E-01
6.7417256635E+00	3.4144623363E-01
6.7538210909E+00	3.4112148930E-01
6.7659165183E+00	3.4079606896E-01
6.7780119457E+00	3.4046997167E-01
6.7901073730E+00	3.4014319644E-01
6.8022028004E+00	3.3981574231E-01
6.8142982278E+00	3.3948760832E-01
6.8263936552E+00	3.3915879350E-01
6.8384890826E+00	3.3882929689E-01
6.8505845100E+00	3.3849911751E-01
6.8626799374E+00	3.3816825440E-01
6.8747753648E+00	3.3783670660E-01
6.8868707922E+00	3.3750447313E-01
6.8989662196E+00	3.3717155302E-01
6.9110616470E+00	3.3683794513E-01
6.9231570744E+00	3.3650364823E-01
6.9352525018E+00	3.3616866112E-01
6.9473479292E+00	3.3583298260E-01
6.9594433566E+00	3.3549661144E-01
6.9715387840E+00	3.3515954644E-01
6.9836342114E+00	3.3482178638E-01
6.9957296388E+00	3.3448333005E-01
7.0078250662E+00	3.3414417624E-01
7.0199204936E+00	3.3380432375E-01
7.0320159210E+00	3.3346377135E-01
7.0441113484E+00	3.3312251784E-01
7.0562067758E+00	3.3278056200E-01
7.0683022032E+00	3.3243790263E-01
7.0803976306E+00	3.3209453851E-01
7.0924930580E+00	3.3175046842E-01
7.1045884854E+00	3.3140569117E-01
7.1166839127E+00	3.3106020553E-01
7.1287793401E+00	3.3071401030E-01
7.1408747675E+00	3.3036710426E-01
7.1529701949E+00	3.3001948620E-01
7.1650656223E+00	3.2967115491E-01
7.1771610497E+00	3.2932210918E-01
7.1892564771E+00	3.2897234780E-01
7.2013519045E+00	3.2862186956E-01
7.2134473319E+00	3.2827067320E-01
7.2255427593E+00	3.2791875729E-01
7.2376381867E+00	3.2756612030E-01
7.2497336141E+00	3.2721276068E-01
7.2618290415E+00	3.2685867690E-01
7.2739244689E+00	3.2650386744E-01
7.2860198963E+00	3.2614833075E-01
7.2981153237E+00	3.2579206531E-01
7.3102107511E+00	3.2543506958E-01
7.3223061785E+00	3.2507734202E-01
7.3344016059E+00	3.2471888111E-01
7.3464970333E+00	3.2435968530E-01
7.3585924607E+00	3.2399975307E-01
7.3706878881E+00	3.2363908288E-01
7.3827833155E+00	3.2327767321E-01
7.3948787429E+00	3.2291552250E-01
7.4069741703E+00	3.2255262924E-01
7.4190695977E+00	3.2218899188E-01
7.4311650250E+00	3.2182460890E-01
7.4432604524E+00	3.2145947876E-01
7.4553558798E+00	3.2109359993E-01
7.4674513072E+00	3.2072697087E-01
7.4795467346E+00	3.2035959005E-01
7.4916421620E+00	3.1999145593E-01
7.5037375894E+00	3.1962256699E-01
7.5158330168E+00	3.1925292169E-01
7.5279284442E+00	3.1888251838E-01
7.5400238716E+00	3.1851135517E-01
7.5521192990E+00	3.1813943011E-01
7.5642147264E+00	3.1776674124E-01
7.5763101538E+00	3.1739328662E-01
7.5884055812E+00	3.1701906430E-01
7.6005010086E+00	3.1664407233E-01
7.6125964360E+00	3.1626830877E-01
7.6246918634E+00	3.1589177166E-01
7.6367872908E+00	3.1551445906E-01
7.6488827182E+00	3.1513636903E-01
7.6609781456E+00	3.1475749960E-01
7.6730735730E+00	3.1437784884E-01
7.6851690004E+00	3.1399741480E-01
7.6972644278E+00	3.1361619552E-01
7.7093598552E+00	3.1323418907E-01
7.7214552826E+00	3.1285139349E-01
7.7335507100E+00	3.1246780683E-01
7.7456461374E+00	3.1208342715E-01
7.7577415647E+00	3.1169825250E-01
7.7698369921E+00	3.1131228093E-01
7.7819324195E+00	3.1092551049E-01
7.7940278469E+00	3.1053793923E-01
7.8061232743E+00	3.1014956522E-01
7.8182187017E+00	3.0976038649E-01
7.8303141291E+00	3.0937040105E-01
7.8424095565E+00	3.0897960653E-01
7.8545049839E+00	3.0858800042E-01
7.8666004113E+00	3.0819558019E-01
7.8786958387E+00	3.0780234332E-01
7.8907912661E+00	3.0740828729E-01
7.9028866935E+00	3.0701340959E-01
7.9149821209E+00	3.0661770769E-01
7.9270775483E+00	3.0622117906E-01
7.9391729757E+00	3.0582382119E-01
7.9512684031E+00	3.0542563156E-01
7.9633638305E+00	3.0502660765E-01
7.9754592579E+00	3.0462674693E-01
7.9875546853E+00	3.0422604689E-01
7.9996501127E+00	3.0382450500E-01
8.0117455401E+00	3.0342211875E-01
8.0238409675E+00	3.0301888560E-01
8.0359363949E+00	3.0261480305E-01
8.0480318223E+00	3.0220986857E-01
8.0601272497E+00	3.0180407964E-01
8.0722226771E+00	3.0139743373E-01
8.0843181044E+00	3.0098992834E-01
8.0964135318E+00	3.0058156093E-01
8.1085089592E+00	3.0017232899E-01
8.1206043866E+00	2.9976222999E-01
8.1326998140E+00	2.9935126135E-01
8.1447952414E+00	2.9893942002E-01
8.1568906688E+00	2.9852670280E-01
8.1689860962E+00	2.9811310651E-01
8.1810815236E+00	2.9769862793E-01
8.1931769510E+00	2.9728326386E-01
8.2052723784E+00	2.9686701112E-01
8.2173678058E+00	2.9644986649E-01
8.2294632332E+00	2.9603182678E-01
8.2415586606E+00	2.9561288879E-01
8.2536540880E+00	2.9519304931E-01
8.2657495154E+00	2.9477230516E-01
8.2778449428E+00	2.9435065312E-01
8.2899403702E+00	2.9392809001E-01
8.3020357976E+00	2.9350461261E-01
8.3141312250E+00	2.9308021774E-01
8.3262266524E+00	2.9265490218E-01
8.3383220798E+00	2.9222866275E-01
8.3504175072E+00	2.9180149623E-01
8.3625129346E+00	2.9137339944E-01
8.3746083620E+00	2.9094436917E-01
8.3867037894E+00	2.9051440222E-01
8.3987992167E+00	2.9008349540E-01
8.4108946441E+00	2.8965164549E-01
8.4229900715E+00	2.8921884930E-01
8.4350854989E+00	2.8878510313E-01
8.4471809263E+00	2.8835040257E-01
8.4592763537E+00	2.8791474321E-01
8.4713717811E+00	2.8747812059E-01
8.4834672085E+00	2.8704053027E-01
8.4955626359E+00	2.8660196782E-01
8.5076580633E+00	2.8616242880E-01
8.5197534907E+00	2.8572190876E-01
8.5318489181E+00	2.8528040327E-01
8.5439443455E+00	2.8483790789E-01
8.5560397729E+00	2.8439441817E-01
8.5681352003E+00	2.8394992968E-01
8.5802306277E+00	2.8350443798E-01
8.5923260551E+00	2.8305793863E-01
8.6044214825E+00	2.8261042718E-01
8.6165169099E+00	2.8216189919E-01
8.6286123373E+00	2.8171235024E-01
8.6407077647E+00	2.8126177587E-01
8.6528031921E+00	2.8081017166E-01
8.6648986195E+00	2.8035753314E-01
8.6769940469E+00	2.7990385590E-01
8.6890894743E+00	2.7944913549E-01
8.7011849017E+00	2.7899336746E-01
8.7132803291E+00	2.7853654738E-01
8.7253757564E+00	2.7807867081E-01
8.7374711838E+00	2.7761973331E-01
8.7495666112E+00	2.7715973044E-01
8.7616620386E+00	2.7669865776E-01
8.7737574660E+00	2.7623651082E-01
8.7858528934E+00	2.7577328520E-01
8.7979483208E+00	2.7530897644E-01
8.8100437482E+00	2.7484357974E-01
8.8221391756E+00	2.7437708895E-01
8.8342346030E+00	2.7390949760E-01
8.8463300304E+00	2.7344079925E-01
8.8584254578E+00	2.7297098744E-01
8.8705208852E+00	2.7250005571E-01
8.8826163126E+00	2.7202799762E-01
8.8947117400E+00	2.7155480671E-01
8.9068071674E+00	2.7108047652E-01
8.9189025948E+00	2.7060500061E-01
8.9309980222E+00	2.7012837251E-01
8.9430934496E+00	2.6965058578E-01
8.9551888770E+00	2.6917163396E-01
8.9672843044E+00	2.6869151059E-01
8.9793797318E+00	2.6821020922E-01
8.9914751592E+00	2.6772772341E-01
9.0035705866E+00	2.6724404668E-01
9.0156660140E+00	2.6675917260E-01
9.0277614414E+00	2.6627309470E-01
9.0398568687E+00	2.6578580654E-01
9.0519522961E+00	2.6529730165E-01
9.0640477235E+00	2.6480757359E-01
9.0761431509E+00	2.6431661590E-01
9.0882385783E+00	2.6382442212E-01
9.1003340057E+00	2.6333098581E-01
9.1124294331E+00	2.6283630051E-01
9.1245248605E+00	2.6234035976E-01
9.1366202879E+00	2.6184315711E-01
9.1487157153E+00	2.6134468552E-01
9.1608111427E+00	2.6084493610E-01
9.1729065701E+00	2.6034389961E-01
9.1850019975E+00	2.5984156681E-01
9.1970974249E+00	2.5933792845E-01
9.2091928523E+00	2.5883297529E-01
9.2212882797E+00	2.5832669808E-01
9.2333837071E+00	2.5781908759E-01
9.2454791345E+00	2.5731013457E-01
9.2575745619E+00	2.5679982978E-01
9.2696699893E+00	2.5628816398E-01
9.2817654167E+00	2.5577512791E-01
9.2938608441E+00	2.5526071235E-01
9.3059562715E+00	2.5474490804E-01
9.3180516989E+00	2.5422770574E-01
9.3301471263E+00	2.5370909622E-01
9.3422425537E+00	2.5318907022E-01
9.3543379811E+00	2.5266761850E-01
9.3664334084E+00	2.5214473183E-01
9.3785288358E+00	2.5162040095E-01
9.3906242632E+00	2.5109461663E-01
9.4027196906E+00	2.5056736962E-01
9.4148151180E+00	2.5003865068E-01
9.4269105454E+00	2.4950845057E-01
9.4390059728E+00	2.4897676004E-01
9.4511014002E+00	2.4844356896E-01
9.4631968276E+00	2.4790886459E-01
9.4752922550E+00	2.4737263369E-01
9.4873876824E+00	2.4683486303E-01
9.4994831098E+00	2.4629553937E-01
9.5115785372E+00	2.4575464947E-01
9.5236739646E+00	2.4521218010E-01
9.5357693920E+00	2.4466811803E-01
9.5478648194E+00	2.4412245001E-01
9.5599602468E+00	2.4357516282E-01
9.5720556742E+00	2.4302624322E-01
9.5841511016E+00	2.4247567797E-01
9.5962465290E+00	2.4192345383E-01
9.6083419564E+00	2.4136955758E-01
9.6204373838E+00	2.4081397597E-01
9.6325328112E+00	2.4025669578E-01
9.6446282386E+00	2.3969770376E-01
9.6567236660E+00	2.3913698669E-01
9.6688190934E+00	2.3857453131E-01
9.6809145208E+00	2.3801032441E-01
9.6930099481E+00	2.3744435274E-01
9.7051053755E+00	2.3687660307E-01
9.7172008029E+00	2.3630706176E-01
9.7292962303E+00	2.3573571164E-01
9.7413916577E+00	2.3516253381E-01
9.7534870851E+00	2.3458750936E-01
9.7655825125E+00	2.3401061936E-01
9.7776779399E+00	2.3343184488E-01
9.7897733673E+00	2.3285116701E-01
9.8018687947E+00	2.3226856683E-01
9.8139642221E+00	2.3168402541E-01
9.8260596495E+00	2.3109752383E-01
9.8381550769E+00	2.3050904318E-01
9.8502505043E+00	2.2991856452E-01
9.8623459317E+00	2.2932606895E-01
9.8744413591E+00	2.2873153753E-01
9.8865367865E+00	2.2813495134E-01
9.8986322139E+00	2.2753629147E-01
9.9107276413E+00	2.2693553899E-01
9.9228230687E+00	2.2633267498E-01
9.9349184961E+00	2.2572768053E-01
9.9470139235E+00	2.2512053670E-01
9.9591093509E+00	2.2451122391E-01
9.9712047783E+00	2.2389971747E-01
9.9833002057E+00	2.2328599037E-01
9.9953956331E+00	2.2267001555E-01
1.0007491060E+01	2.2205176598E-01
1.0019586488E+01	2.2143121462E-01
1.0031681915E+01	2.2080833441E-01
1.0043777343E+01	2.2018309832E-01
1.0055872770E+01	2.1955547931E-01
1.0067968197E+01	2.1892545033E-01
1.0080063625E+01	2.1829298435E-01
1.0092159052E+01	2.1765805432E-01
1.0104254480E+01	2.1702063320E-01
1.0116349907E+01	2.1638069394E-01
1.0128445334E+01	2.1573820951E-01
1.0140540762E+01	2.1509315286E-01
1.0152636189E+01	2.1444549696E-01
1.0164731617E+01	2.1379521475E-01
1.0176827044E+01	2.1314227747E-01
1.0188922471E+01	2.1248664865E-01
1.0201017899E+01	2.1182828965E-01
1.0213113326E+01	2.1116716183E-01
1.0225208754E+01	2.1050322655E-01
1.0237304181E+01	2.0983644519E-01
1.0249399608E+01	2.0916677910E-01
1.0261495036E+01	2.0849418965E-01
1.0273590463E+01	2.0781863820E-01
1.0285685891E+01	2.0714008613E-01
1.0297781318E+01	2.0645849478E-01
1.0309876745E+01	2.0577382554E-01
1.0321972173E+01	2.0508603975E-01
1.0334067600E+01	2.0439509880E-01
1.0346163028E+01	2.0370096403E-01
1.0358258455E+01	2.0300359682E-01
1.0370353882E+01	2.0230295510E-01
1.0382449310E+01	2.0159898590E-01
1.0394544737E+01	2.0089163406E-01
1.0406640165E+01	2.0018084441E-01
1.0418735592E+01	1.9946656180E-01
1.0430831019E+01	1.9874873106E-01
1.0442926447E+01	1.9802729704E-01
1.0455021874E+01	1.9730220458E-01
1.0467117302E+01	1.9657339851E-01
1.0479212729E+01	1.9584082367E-01
1.0491308156E+01	1.9510442491E-01
1.0503403584E+01	1.9436414707E-01
1.0515499011E+01	1.9361993498E-01
1.0527594438E+01	1.9287173349E-01
1.0539689866E+01	1.9211948412E-01
1.0551785293E+01	1.9136311284E-01
1.0563880721E+01	1.9060254102E-01
1.0575976148E+01	1.8983769007E-01
1.0588071575E+01	1.8906848135E-01
1.0600167003E+01	1.8829483626E-01
1.0612262430E+01	1.8751667618E-01
1.0624357858E+01	1.8673392249E-01
1.0636453285E+01	1.8594649658E-01
1.0648548712E+01	1.8515431983E-01
1.0660644140E+01	1.8435731362E-01
1.0672739567E+01	1.8355539935E-01
1.0684834995E+01	1.8274849801E-01
1.0696930422E+01	1.8193651671E-01
1.0709025849E+01	1.8111934494E-01
1.0721121277E+01	1.8029687103E-01
1.0733216704E+01	1.7946898334E-01
1.0745312132E+01	1.7863557021E-01
1.0757407559E+01	1.7779651997E-01
1.0769502986E+01	1.7695172098E-01
1.0781598414E+01	1.7610106159E-01
1.0793693841E+01	1.7524443012E-01
1.0805789269E+01	1.7438171494E-01
1.0817884696E+01	1.7351280414E-01
1.0829980123E+01	1.7263756949E-01
1.0842075551E+01	1.7175585583E-01
1.0854170978E+01	1.7086750554E-01
1.0866266406E+01	1.6997236098E-01
1.0878361833E+01	1.6907026451E-01
1.0890457260E+01	1.6816105850E-01
1.0902552688E+01	1.6724458532E-01
1.0914648115E+01	1.6632068733E-01
1.0926743543E+01	1.6538920690E-01
1.0938838970E+01	1.6444998499E-01
1.0950934397E+01	1.6350283211E-01
1.0963029825E+01	1.6254752913E-01
1.0975125252E+01	1.6158385569E-01
1.0987220680E+01	1.6061159143E-01
1.0999316107E+01	1.5963051600E-01
1.1011411534E+01	1.5864040903E-01
1.1023506962E+01	1.5764105017E-01
1.1035602389E+01	1.5663221907E-01
1.1047697817E+01	1.5561368615E-01
1.1059793244E+01	1.5458516761E-01
1.1071888671E+01	1.5354635988E-01
1.1083984099E+01	1.5249695936E-01
1.1096079526E+01	1.5143666243E-01
1.1108174954E+01	1.5036516550E-01
1.1120270381E+01	1.4928216495E-01
1.1132365808E+01	1.4818735683E-01
1.1144461236E+01	1.4708040261E-01
1.1156556663E+01	1.4596090043E-01
1.1168652090E+01	1.4482844167E-01
1.1180747518E+01	1.4368261772E-01
1.1192842945E+01	1.4252301996E-01
1.1204938373E+01	1.4134923976E-01
1.1217033800E+01	1.4016086422E-01
1.1229129227E+01	1.3895741394E-01
1.1241224655E+01	1.3773835711E-01
1.1253320082E+01	1.3650316051E-01
1.1265415510E+01	1.3525129094E-01
1.1277510937E+01	1.3398221517E-01
1.1289606364E+01	1.3269539163E-01
1.1301701792E+01	1.3139019899E-01
1.1313797219E+01	1.3006597161E-01
1.1325892647E+01	1.2872204335E-01
1.1337988074E+01	1.2735774810E-01
1.1350083501E+01	1.2597241600E-01
1.1362178929E+01	1.2456531259E-01
1.1374274356E+01	1.2313564871E-01
1.1386369784E+01	1.2168263348E-01
1.1398465211E+01	1.2020547602E-01
1.1410560638E+01	1.1870335714E-01
1.1422656066E+01	1.1717535204E-01
1.1434751493E+01	1.1562051129E-01
1.1446846921E+01	1.1403788547E-01
1.1458942348E+01	1.1242646904E-01
1.1471037775E+01	1.1078504252E-01
1.1483133203E+01	1.0911232298E-01
1.1495228630E+01	1.0740672422E-01
1.1507324058E+01	1.0566632922E-01
1.1519419485E+01	1.0388863619E-01
1.1531514912E+01	1.0207033253E-01
1.1543610340E+01	1.0020664939E-01
1.1555705767E+01	9.8290953135E-02
1.1567801195E+01	9.6313409816E-02
1.1579896622E+01	9.4259020509E-02
1.1591992049E+01	9.2105590444E-02
1.1604087477E+01	8.9817988277E-02
1.1616182904E+01	8.7339875115E-02
1.1628278332E+01	8.4582348665E-02
1.1640373759E+01	8.1403769891E-02
1.1652469186E+01	7.7621211522E-02
1.1664564614E+01	7.3173615378E-02
1.1676660041E+01	6.8389751100E-02
1.1688755469E+01	6.3694249859E-02
1.1700850896E+01	5.9215496683E-02
1.1712946323E+01	5.4921399108E-02
1.1725041751E+01	5.0768692086E-02
1.1737137178E+01	4.6739527366E-02
1.1749232606E+01	4.2841397318E-02
1.1761328033E+01	3.9099322131E-02
1.1773423460E+01	3.5546259559E-02
1.1785518888E+01	3.2213656237E-02
1.1797614315E+01	2.9124222832E-02
1.1809709742E+01	2.6288402349E-02
1.1821805170E+01	2.3704575167E-02
1.1833900597E+01	2.1361707086E-02
1.1845996025E+01	1.9242808617E-02
1.1858091452E+01	1.7328047462E-02
1.1870186879E+01	1.5597021941E-02
1.1882282307E+01	1.4030180676E-02
1.1894377734E+01	1.2609571153E-02
1.1906473162E+01	1.1319141587E-02
1.1918568589E+01	1.0144774634E-02
1.1930664016E+01	9.0741778476E-03
1.1942759444E+01	8.0967099864E-03
1.1954854871E+01	7.2031875709E-03
1.1966950299E+01	6.3856960165E-03
1.1979045726E+01	5.6374171504E-03
1.1991141153E+01	4.9524783048E-03
1.2003236581E+01	4.3258212624E-03
1.2015332008E+01	3.7530934529E-03
1.2027427436E+01	3.2305575333E-03
1.2039522863E+01	2.7550195894E-03
1.2051618290E+01	2.3237769643E-03
1.2063713718E+01	1.9345894858E-03
1.2075809145E+01	1.5856849947E-03
1.2087904573E+01	1.2758173304E-03
1.2100000000E+01	1.0043817712E-03
