0.00001584893192461114	1.234154044504664e25
0.000025118864315095822	1.2961694334316464e25
0.000039810717055349776	1.3125628657081235e25
0.00006309573444801943	1.3177203252757033e25
0.0001	1.321269353553413e25
0.00015848931924611142	1.3229915976356316e25
0.0002511886431509582	1.3229577269078842e25
0.00039810717055349773	1.3228947592699224e25
0.0006309573444801936	1.3266928623011234e25
0.001	1.3265340999519234e25
0.001584893192461114	1.333216496632152e25
0.002511886431509582	1.3371821521814796e25
0.003981071705534978	1.3389347314212141e25
0.006309573444801936	1.3598067822854868e25
0.01000000000000001	1.3656143011968344e25
0.01584893192461114	1.3782050548378008e25
0.025118864315095822	1.4037404552224601e25
0.039810717055349776	1.4401730455926275e25
0.06309573444801936	1.534604337803846e25
0.1000000000000001	1.6322811132700836e25
0.1	1.6607470197880958e25
0.15848931924611134	1.8004206577833108e25
0.251188643150958	1.9985487718781087e25
0.3981071705534973	2.1745172176239265e25
0.6309573444801934	2.093742628319983e25
1.	1.5698835447163434e25
1.584893192461114	1.0056998533747768e25
2.511886431509581	6.439931335021724e24
3.981071705534973	4.0633219737800934e24
6.309573444801933	2.5637828423443054e24
10.	1.617637614029445e24
15.848931924611142	1.0206603332792943e24
25.11886431509582	6.43993133502172e23
39.810717055349734	4.0633219737800946e23
63.095734448019364	2.5637828423443036e23
100.	1.6176376140294454e23
100.	1.5997933876597314e23
158.48931924611142	1.0079924161635993e23
251.18864315095797	6.360002181602894e22
398.1071705534973	4.0128900873941366e22
630.957344480193	2.5355016494418307e22
1000.	1.5997933877196824e22
1584.893192461114	1.0082293671661916e22
2511.886431509582	6.298582352388088e21
3981.0717055349733	3.773188560429655e21
6309.57344480193	1.999917499472762e21
10000.	9.935002082922506e20
15848.93192461114	5.3686194393928316e20
25118.864315095823	3.27124954138878e20
39810.71705534969	2.05457990319755e20
63095.73444801943	1.3158756891592234e20
100000.	8.502199673838433e19