-4.8	5.424500832327037e8
-4.7	8.248981656200024e8
-4.6	1.424872584187166e9
-4.5	2.3185586668972893e9
-4.3999999999999995	3.6742284010094895e9
-4.3	6.005669201027259e9
-4.199999999999999	9.229121033263052e9
-4.1	1.475880319709672e10
-4.	2.325528333512125e10
-3.9	3.685297135327633e10
-3.8	5.858746528319533e10
-3.6999999999999997	9.326399299401096e10
-3.5999999999999996	1.4710595462732376e11
-3.5	2.3414895610395493e11
-3.3999999999999995	3.692762706554272e11
-3.3	5.876799656896128e11
-3.1999999999999997	9.308817101559521e11
-3.0999999999999996	1.4675739185866594e12
-3.	2.334502467925612e12
-2.8999999999999995	3.6805467613536646e12
-2.8	5.929304236417335e12
-2.6999999999999997	9.377176141408932e12
-2.5999999999999996	1.4894995748076398e13
-2.4999999999999996	2.3578420167391027e13
-2.3999999999999995	3.733375952374764e13
-2.3	5.99431496807114e13
-2.1999999999999997	9.4964577075179e13
-2.0999999999999996	1.49782125178444e14
-1.9999999999999996	2.357073794855981e14
-1.8999999999999995	3.700386417977773e14
-1.7999999999999998	5.837404299993264e14
-1.6999999999999997	9.067578375498344e14
-1.5999999999999996	1.4611800172261785e15
-1.4999999999999996	2.290150349013626e15
-1.3999999999999995	3.611789405849438e15
-1.2999999999999998	5.791180265389275e15
-1.1999999999999997	9.158871215122408e15
-1.	2.2387238768639428e16
-0.9	3.457358030734736e16
-0.8	5.0797931499322504e16
-0.7	7.978084957296957e16
-0.6	1.1345812827054678e17
-0.5	1.6929775362128218e17
-0.3999999999999999	2.379790582056656e17
-0.29999999999999993	3.284488824411343e17
-0.19999999999999996	3.99484470637823e17
-0.09999999999999998	4.323909502722125e17
0.	4.633730235778953e17
0.10000000000000009	4.6751802316348646e17
0.20000000000000018	4.5462822165610285e17
0.30000000000000004	4.396901067698931e17
0.40000000000000013	4.144843421394432e17
0.5	3.846333723948824e17
0.6000000000000001	3.512263834251227e17
0.7000000000000002	3.1501483592190394e17
0.8	2.7827136306621392e17
0.9000000000000001	2.421548717538029e17
1.	2.0789819773469245e17
1.1	1.7635658235410477e17
1.2000000000000002	1.479802897702343e17
1.3000000000000003	1.2306239890123638e17
1.4000000000000004	1.0149246842423034e17
1.5	8.313719481282066e16
1.6	6.770177799291867e16
1.7000000000000002	5.487385360289112e16
1.8000000000000003	4.43082764928655e16
1.9000000000000004	3.5668112308125964e16
2.	2.8631482443937388e16
2.2	1.83406321152226e16
2.3000000000000003	1.4655788902813556e16
2.4000000000000004	1.16876484668871e16
2.5	9.319266168246874e15
2.6	7.424800369393138e15
2.7	5.907535374467163e15
2.8000000000000003	4.698935856741679e15
2.9000000000000004	3.739385448456366e15
3.	2.972167379182063e15
3.1	2.3603906762040375e15
3.2	1.876253567751586e15
3.3000000000000003	1.4893611682511835e15
3.4000000000000004	1.1779661205886082e15
3.5	9.181005930832885e14
3.6000000000000005	7.04949381225426e14
3.7	5.4326705388580106e14
3.8000000000000003	3.9602672932654175e14
3.9000000000000004	2.9713155531969175e14
4.	1.8232979332186806e14
4.1000000000000005	1.545707566334063e14
4.2	1.0460918072042933e14
4.300000000000001	9.021376464186488e13
4.4	6.173086958341851e13
4.5	5.382637912863293e13
4.6000000000000005	3.0947394444002758e13
4.7	2.462748647629252e13
4.800000000000001	2.7517167394933664e13
4.9	1.6020391704658541e13
5.	1.5236758346867764e13