-4.8	0.022021731017032302
-4.75	0.032938875680826506
-4.7	0.04752921208778808
-4.6499999999999995	0.08251147316808431
-4.6	0.1318312228665233
-4.55	0.21671978877057088
-4.5	0.32842156594873473
-4.45	0.5217098885148962
-4.3999999999999995	0.8093437568403681
-4.35	1.2782331976605803
-4.3	2.059529692576112
-4.25	3.2736013099721117
-4.199999999999999	5.021427985464498
-4.1499999999999995	8.068915096972319
-4.1	12.730837932993644
-4.05	20.097686537731683
-4.	31.74037666234853
-3.9499999999999997	50.92481792632823
-3.9	79.71463855724002
-3.8499999999999996	127.45693809421763
-3.8	200.88192442587604
-3.75	318.3392725276563
-3.6999999999999997	508.9602775212088
-3.6499999999999995	806.5181246701529
-3.5999999999999996	1266.7192051030042
-3.55	2007.2094207187117
-3.5	3208.8509743673762
-3.4499999999999997	5084.3919861060685
-3.3999999999999995	7984.729013772167
-3.3499999999999996	12763.68044731288
-3.3	20221.802377710475
-3.25	32036.47950322431
-3.1999999999999997	50751.44118575003
-3.1499999999999995	79684.63717269973
-3.0999999999999996	126219.89894842969
-3.05	201698.9499122531
-3.	319442.45741750917
-2.9499999999999997	506965.06222851673
-2.8999999999999995	795690.474657066
-2.8499999999999996	1.276000732723488e6
-2.8	2.0223212359976133e6
-2.7499999999999996	3.2142738969212e6
-2.6999999999999997	5.042642972225732e6
-2.65	7.979276999355522e6
-2.5999999999999996	1.273463742585941e7
-2.55	2.0168343687544823e7
-2.4999999999999996	3.1892603759896267e7
-2.4499999999999997	5.0548902355487056e7
-2.3999999999999995	7.988752900495687e7
-2.3499999999999996	1.2882108986572777e8
-2.3	2.059574033724844e8
-2.2499999999999996	3.277518146606541e8
-2.1999999999999997	5.1712368796491265e8
-2.1499999999999995	8.14211344211026e8
-2.0999999999999996	1.2975919388233223e9
-2.05	2.026871452279163e9
-1.9999999999999996	3.214311892914661e9
-1.95	6.111210285009872e9
-1.9	9.599955224350603e9
-1.8499999999999999	1.5241353462155567e10
-1.7999999999999998	2.5427839911383152e10
-1.75	3.9795824374344765e10
-1.7	6.219134549968576e10
-1.65	9.703244594950642e10
-1.5999999999999999	1.5112002274483722e11
-1.5499999999999998	2.3488824708274136e11
-1.5	3.6402494341977954e11
-1.45	5.631934159500723e11
-1.4	8.690001150892156e11
-1.3499999999999999	1.3992429319068013e12
-1.2999999999999998	2.145666494315924e12
-1.25	3.2786272885436025e12
-1.2	5.695696314693133e12
-1.15	8.625214240349772e12
-1.0999999999999999	1.3000729549139309e13
-1.0499999999999998	1.949711881499656e13
-0.9999999999999999	2.9080399390123445e13
-0.95	4.7786988467393664e13
-0.8999999999999999	7.606241271415355e13
-0.8499999999999999	1.1603608972284814e14
-0.7999999999999998	1.7534325204631706e14
-0.7499999999999998	2.669467222926841e14
-0.7	4.394037280691447e14
-0.6499999999999999	7.00435408317748e14
-0.5999999999999999	9.827059118878482e14
-0.5499999999999998	1.590315265481891e15
-0.4999999999999998	2.1903444187538225e15
-0.44999999999999996	3.131196153074171e15
-0.3999999999999999	4.68023264331533e15
-0.34999999999999987	6.204580621962283e15
-0.2999999999999998	9.76501655699709e15
-0.24999999999999978	1.3377062126271746e16
-0.19999999999999996	1.699618525747017e16
-0.1499999999999999	2.120267184466132e16
-0.09999999999999987	2.5955842213565776e16
-0.04999999999999982	3.109073882140832e16
2.220446049250313e-16	3.5903583662093316e16
0.050000000000000044	4.071472387007265e16
0.10000000000000031	4.575349561677952e16
0.15000000000000013	5.092283083343798e16
0.19999999999999996	5.618471126552467e16
0.2500000000000002	6.144095219927199e16
0.30000000000000004	6.119387282614681e16
0.3500000000000003	6.643484853257694e16
0.40000000000000013	7.265648376585413e16
0.4500000000000004	7.771105128248573e16
0.5000000000000002	8.112069336383392e16
0.55	8.362363664844149e16
0.6000000000000003	8.556344152576104e16
0.6500000000000001	8.691212692612928e16
0.7000000000000004	8.742103879683627e16
0.7500000000000002	8.725489758118405e16
0.8	8.645450666383366e16
0.8500000000000003	8.495462909042434e16
0.9000000000000001	8.285258066518731e16
0.9500000000000004	8.023525987656653e16
1.0000000000000002	7.718304172252826e16
1.05	7.377943973232053e16
1.1000000000000003	7.010846570298115e16
1.1500000000000001	6.625057292564434e16
1.2000000000000004	6.228133033812234e16
1.2500000000000002	5.826839046164207e16
1.3	5.427126600448144e16
1.3500000000000003	5.034045666984047e16
1.4000000000000001	4.651771410557651e16
1.4500000000000004	4.283600047652217e16
1.5000000000000002	3.932038390733561e16
1.55	3.598858844011705e16
1.6000000000000003	3.2852145474917108e16
1.6500000000000001	2.9917088193462356e16
1.7000000000000004	2.71848777075044e16
1.7500000000000002	2.4653481196651004e16
1.8	2.231796207682859e16
1.8500000000000003	2.0171176233934788e16
1.9000000000000001	1.8204412599121964e16
1.9500000000000004	1.6407908902685936e16
2.	1.4771307674701884e16
2.2	9.609272515848758e15
2.25	8.613477926569883e15
2.3000000000000003	7.715921420652435e15
2.35	6.908357564205049e15
2.4000000000000004	6.183103558509852e15
2.45	5.530858085854761e15
2.5	4.945558622456455e15
2.5500000000000003	4.420566992172646e15
2.6	3.9500738550588685e15
2.6500000000000004	3.528666287249539e15
2.7	3.1518644292270705e15
2.75	2.81379123090312e15
2.8000000000000003	2.511940303738706e15
2.85	2.2420888455666452e15
2.9000000000000004	2.0009845294165272e15
2.95	1.7851009015841358e15
3.	1.5931769260910458e15
3.0500000000000003	1.4209101825265888e15
3.1	1.2673901687990925e15
3.1500000000000004	1.1300455419364832e15
3.2	1.0076752334281685e15
3.25	8.988412262768912e14
3.3000000000000003	8.011495131761481e14
3.3500000000000005	7.134780130147045e14
3.4000000000000004	6.359162847925795e14
3.45	5.656845849551302e14
3.5	5.019504464357022e14
3.5500000000000003	4.459582539135283e14
3.6000000000000005	3.937455683948466e14
3.6500000000000004	3.4718009562582006e14
3.7	3.066706278312875e14
3.75	2.6910213596255844e14
3.8000000000000003	2.3237624578297384e14
3.8500000000000005	2.0078839132963825e14
3.9000000000000004	1.7440314231538472e14
3.95	1.47930918854623e14
4.	1.1558338996500925e14
4.050000000000001	1.1686543828354689e14
4.1000000000000005	9.576730539009558e13
4.15	7.909481812079047e13
4.2	6.202602688190507e13
4.25	5.010591119658106e13
4.300000000000001	5.090637694330553e13
4.35	3.635202144186992e13
4.4	3.265567086571698e13
4.45	2.099642773562185e13
4.5	2.9277910072462652e13
4.550000000000001	2.7916870300138297e13
4.6000000000000005	1.5332598998880992e13
4.65	1.5208116642933209e13
4.7	1.272557659504299e13
4.75	1.4598967456990092e13
4.800000000000001	1.4989393400803492e13
4.8500000000000005	1.0135405042239209e13
4.9	8.016605473878051e12
4.95	6.666438842518406e12
5.	8.169337063285008e12