-4.8	6.991416866624343e-8
-4.7	1.4142605089744222e-7
-4.6	3.9725844520114446e-7
-4.5	9.79902603460602e-7
-4.3999999999999995	2.3848855652794174e-6
-4.3	6.0594501255727116e-6
-4.199999999999999	0.000014705540022430303
-4.1	0.00003737047460756045
-4.	0.00009285486807416107
-3.9	0.00023319492634452124
-3.8	0.0005881080898422831
-3.6999999999999997	0.0014942062690796129
-3.5999999999999996	0.0037081380027590544
-3.5	0.009419397442697822
-3.3999999999999995	0.023370589588241127
-3.3	0.05934844524850391
-3.1999999999999997	0.14892887396640778
-3.0999999999999996	0.3692830774280519
-3.	0.9370347152361732
-2.8999999999999995	2.3271080299916194
-2.8	5.929671588443979
-2.6999999999999997	14.73564905005875
-2.5999999999999996	37.29657462423135
-2.4999999999999996	93.3105400832589
-2.3999999999999995	233.71128592953994
-2.3	606.0599206417908
-2.1999999999999997	1523.384910326994
-2.0999999999999996	3820.721051644984
-1.9999999999999996	9429.919517735463
-1.8999999999999995	23415.452097145277
-1.7999999999999998	58856.02173889438
-1.6999999999999997	142532.4981670563
-1.5999999999999996	363815.39710208226
-1.4999999999999996	910320.2311087442
-1.3999999999999995	2.2698552376773553e6
-1.2999999999999998	5.90691520749677e6
-1.1999999999999997	1.4831071501755057e7
-1.	8.261842765598531e7
-0.9	2.208138359644553e8
-0.8	5.0307953581663716e8
-0.7	1.258656123313216e9
-0.6	2.7565224332712903e9
-0.5	5.960774026721296e9
-0.3999999999999999	1.2330418351267178e10
-0.29999999999999993	2.4692277779965847e10
-0.19999999999999996	4.0010464487071144e10
-0.09999999999999998	5.6202911928969666e10
0.	7.17381022045967e10
0.10000000000000009	8.448101659653294e10
0.20000000000000018	9.601798480203827e10
0.30000000000000004	1.0546997753964575e11
0.40000000000000013	1.1193184237724913e11
0.5	1.1492648992860399e11
0.6000000000000001	1.143912745848357e11
0.7000000000000002	1.1057321557336337e11
0.8	1.040155912345364e11
0.9000000000000001	9.544466007038153e10
1.	8.564324421842035e10
1.1	7.534159547637434e10
1.2000000000000002	6.5144126940449356e10
1.3000000000000003	5.549621095634871e10
1.4000000000000004	4.668428642111169e10
1.5	3.885746195176685e10
1.6	3.2058880473919422e10
1.7000000000000002	2.6258054636123886e10
1.8000000000000003	2.1379028735980423e10
1.9000000000000004	1.732226663957806e10
2.	1.3980158624569542e10
2.2	8.748975603458134e9
2.3000000000000003	7.015601405401758e9
2.4000000000000004	5.60863230220059e9
2.5	4.477971311650574e9
2.6	3.5665459881038146e9
2.7	2.8461755368026934e9
2.8000000000000003	2.2666415939459953e9
2.9000000000000004	1.8016498877517066e9
3.	1.4354345660677013e9
3.1	1.1417476097602627e9
3.2	9.075989999512727e8
3.3000000000000003	7.201752340813687e8
3.4000000000000004	5.717316364913669e8
3.5	4.4827622925456095e8
3.6000000000000005	3.537163534601186e8
3.7	2.700397648614572e8
3.8000000000000003	2.0335824585682565e8
3.9000000000000004	1.4637791794775796e8
4.	9.754644172361815e7
4.1000000000000005	7.738733851741073e7
4.2	5.2357776300234675e7
4.300000000000001	4.3573683524828054e7
4.4	3.1297885554122616e7
4.5	2.7007408193951152e7
4.6000000000000005	1.3848387054594623e7
4.7	1.313579249555214e7
4.800000000000001	1.3303795759352049e7
4.9	6.73985026430368e6
5.	7.804401482281354e6