-4.8	2.2031904762958747e-8
-4.7	3.9192291470739025e-8
-4.6	1.1310933594153649e-7
-4.5	2.7316639924446193e-7
-4.3999999999999995	6.467528466808477e-7
-4.3	1.6375351796573569e-6
-4.199999999999999	3.932280819607962e-6
-4.1	0.000010046751042860497
-4.	0.000024768809246142754
-3.9	0.00006220034519676872
-3.8	0.00015714632778392242
-3.6999999999999997	0.00040182158986662604
-3.5999999999999996	0.0009906245253169703
-3.5	0.002532355353649791
-3.3999999999999995	0.006241236842645095
-3.3	0.015948463819070027
-3.1999999999999997	0.040008635169102406
-3.0999999999999996	0.09852584420414179
-3.	0.2515056130301194
-2.8999999999999995	0.620354610218129
-2.8	1.5900297668968013
-2.6999999999999997	3.920644978298812
-2.5999999999999996	9.97473722887782
-2.4999999999999996	24.8970097819792
-2.3999999999999995	62.34571705577471
-2.3	163.85162760702067
-2.1999999999999997	412.8866612865501
-2.0999999999999996	1034.4465547255322
-1.9999999999999996	2532.0890438030515
-1.8999999999999995	6264.973329893705
-1.7999999999999998	15794.00142749592
-1.6999999999999997	37800.78599398671
-1.5999999999999996	97234.68756815582
-1.4999999999999996	244641.10935551376
-1.3999999999999995	610401.9664388628
-1.2999999999999998	1.618194291771047e6
-1.1999999999999997	4.094550417500476e6
-1.	2.0761191158150915e7
-0.9	5.891013349923531e7
-0.8	1.3186187932559377e8
-0.7	3.343117626240341e8
-0.6	7.133859204507453e8
-0.5	1.4826224048019397e9
-0.3999999999999999	2.986666394025539e9
-0.29999999999999993	5.869803267006498e9
-0.19999999999999996	8.54296929307512e9
-0.09999999999999998	9.948196719960499e9
0.	1.0359683903228634e10
0.10000000000000009	9.904813418153177e9
0.20000000000000018	8.936711545277636e9
0.30000000000000004	7.615878564649788e9
0.40000000000000013	6.137430250664024e9
0.5	4.686882541783056e9
0.6000000000000001	3.400287372694948e9
0.7000000000000002	2.3507655039999223e9
0.8	1.5541761633597476e9
0.9000000000000001	9.864713531531315e8
1.	6.036139870890054e8
1.1	3.575666369670143e8
1.2000000000000002	2.0591132551914164e8
1.3000000000000003	1.1573004940982573e8
1.4000000000000004	6.371529697744177e7
1.5	3.447517605359937e7
1.6	1.8386521683924362e7
1.7000000000000002	9.689884501664178e6
1.8000000000000003	5.057052727975768e6
1.9000000000000004	2.61831458585121e6
2.	1.3469307483047245e6
2.2	339087.120711238
2.3000000000000003	172324.79413621014
2.4000000000000004	87276.52641061995
2.5	44108.472605706884
2.6	22237.194807049113
2.7	11212.551223826136
2.8000000000000003	5643.277263758383
2.9000000000000004	2835.6791480768597
3.	1426.0654991914025
3.1	716.2393099319448
3.2	359.56302526211755
3.3000000000000003	180.28634272745683
3.4000000000000004	90.43775931536024
3.5	44.964980912758946
3.6000000000000005	22.50212489416996
3.7	11.096896578593554
3.8000000000000003	5.417772235710306
3.9000000000000004	2.6076725017641134
4.	1.104596034742622
4.1000000000000005	0.5668851034350467
4.2	0.22751622412071423
4.300000000000001	0.12251146343934709
4.4	0.051915807672985675
4.5	0.02969873006099277
4.6000000000000005	0.007006498850433769
4.7	0.0049730909760749365
4.800000000000001	0.0035900908939233986
4.9	0.0007698240771753083
5.	0.0007646321927858537