0.00001584893192461114	9.287508754409209e12
0.000025118864315095822	2.4830789975478543e13
0.000039810717055349776	6.392254706624173e13
0.00006309573444801943	1.6122021631692956e14
0.0001	4.062665876322179e14
0.00015848931924611142	1.0222132087639162e15
0.0002511886431509582	2.566849710718458e15
0.00039810717055349773	6.44428692268319e15
0.0006309573444801936	1.6223941500837886e16
0.001	4.0699603748811784e16
0.001584893192461114	1.0293068357634683e17
0.002511886431509582	2.5872158021081286e17
0.003981071705534978	6.483545564424891e17
0.006309573444801936	1.6430756873045924e18
0.01000000000000001	4.0929664746326487e18
0.01584893192461114	1.0171359766778266e19
0.025118864315095822	2.543871197373803e19
0.039810717055349776	6.287651470049129e19
0.06309573444801936	1.57945379510346e20
0.1000000000000001	3.8152892645190815e20
0.1	3.929018591978383e20
0.15848931924611134	9.086453533705273e20
0.251188643150958	2.061360150813076e21
0.3981071705534973	4.188540279994507e21
0.6309573444801934	7.043428470137241e21
1.	8.746034424878818e21
1.584893192461114	8.434091386923113e21
2.511886431509581	7.406684434631261e21
3.981071705534973	5.99703108713907e21
6.309573444801933	4.545101638601448e21
10.	3.265475055513913e21
15.848931924611142	2.2544214011504228e21
25.11886431509582	1.5118130402047694e21
39.810717055349734	9.928466602690776e20
63.095734448019364	6.430062320990913e20
100.	4.1264003346408394e20
100.	4.128393734843004e20
158.48931924611142	2.632548498243746e20
251.18864315095797	1.6726341441068053e20
398.1071705534973	1.0603448821715712e20
630.957344480193	6.704550584843742e19
1000.	4.235950981503775e19
1584.893192461114	2.6722813206419358e19
2511.886431509582	1.6697814980388794e19
3981.0717055349733	9.907782931477512e18
6309.57344480193	5.332168960267295e18
10000.	2.536438847662818e18
15848.93192461114	1.4207506326120302e18
25118.864315095823	8.631324078770676e17
39810.71705534969	5.419297721715813e17
63095.73444801943	3.675927727160408e17
100000.	2.1600727982345395e17