0.00001584893192461114	161211.38576701263	67982.36089003632	28668.27472322644	12090.790396014554
0.00001778279410038923	186004.38533081135	78437.48447166075	33077.17371654302	13950.049610295468
0.000019952623149688786	218980.69935984007	92343.48500804314	38941.30329171736	16423.007510733005
0.000022387211385683423	259466.60369021594	109416.25433198296	46140.85162979143	19459.12132941466
0.000025118864315095822	307078.74139419553	129494.13151711007	54607.64414081173	23029.630516920177
0.00002818382931264455	361277.4000515547	152349.52121861832	64245.70253691407	27094.05239738324
0.000031622776601683795	424238.6762862139	178900.07614131298	75441.9993042618	31815.578447009437
0.000035481338923357534	496477.51018847816	209362.94452947844	88288.10429161243	37232.81994977388
0.000039810717055349776	582233.6048398134	245525.9949644124	103537.95802704671	43663.72194802568
0.00004466835921509635	685669.9198103801	289144.7332467106	121931.85245857653	51420.468408090695
0.00005011872336272725	805278.4507411472	339583.23838659556	143201.61845183888	60389.958684555095
0.00005623413251903491	938901.8312597739	395931.75587151624	166963.61294055948	70410.40016013298
0.00006309573444801943	1.0967201107547947e6	462483.1781190697	195028.13864694975	82245.21224690226
0.00007079457843841388	1.2860898220737712e6	542339.7296556553	228703.3942708742	96446.06393686417
0.00007943282347242822	1.508580550597293e6	636163.2986706513	268268.4937340843	113130.64810512023
0.00008912509381337459	1.7654890956550685e6	744500.740506776	313954.04233457445	132396.20308195983
0.0001	2.0674552842488037e6	871838.8334692399	367652.10074145853	155040.6124423653
0.00011220184543019641	2.4210337968824073e6	1.0209416633198212e6	430528.27388535993	181555.406148546
0.00012589254117941674	2.8374214131692466e6	1.196530873039022e6	504573.66280955914	212780.22753385283
0.00014125375446227554	3.324235163045688e6	1.4018185373242465e6	591142.7873676787	249286.26944759508
0.00015848931924611142	3.897237657118825e6	1.6434516941692748e6	693038.681150142	292255.565192452
0.00017782794100389227	4.568196232629318e6	1.9263925883962745e6	812353.9048282075	342570.5376747881
0.0001995262314968881	5.354688519130532e6	2.258053644978717e6	952214.2523154721	401549.32418765634
0.00022387211385683424	6.266435127094947e6	2.642534011010279e6	1.1143483181165892e6	469920.86069880857
0.0002511886431509582	7.340290940016408e6	3.095375262575345e6	1.3053099329731637e6	550448.8850434672
0.0002818382931264455	8.603383165002085e6	3.6280168480234463e6	1.529923072106304e6	645167.6500765493
0.00031622776601683794	1.0085066506028105e7	4.252837543294209e6	1.7934078216825996e6	756278.4463476941
0.0003548133892335757	1.1802083605218366e7	4.976897661563955e6	2.0987414891186873e6	885036.7857066281
0.00039810717055349773	1.3824313047721528e7	5.829664758558803e6	2.4583504425992654e6	1.0366828366931473e6
0.0004466835921509635	1.620053816454255e7	6.83171059430544e6	2.880909721043985e6	1.2148748313983346e6
0.0005011872336272725	1.8992884637602396e7	8.009233351666342e6	3.377467006660346e6	1.4242715391942642e6
0.0005623413251903491	2.2247119093736827e7	9.381532656780446e6	3.9561608827423253e6	1.6683049655939238e6
0.0006309573444801936	2.606329579543311e7	1.0990801042632284e7	4.634783794356297e6	1.9544781285247873e6
0.0007079457843841388	3.049835522325067e7	1.2861050110339265e7	5.423461347887983e6	2.2870609530052496e6
0.0007943282347242822	3.572364002623457e7	1.5064534456662465e7	6.352663057397685e6	2.678902340278723e6
0.0008912509381337459	4.186732977185752e7	1.765530695692122e7	7.445182831007618e6	3.1396144000121895e6
0.001	4.907432021001108e7	2.0694469642097607e7	8.726787181076327e6	3.6800627784372973e6
0.0011220184543019641	5.740431720421401e7	2.4207200265196823e7	1.0208093474321067e7	4.304724766417054e6
0.0012589254117941688	6.726417079677455e7	2.8365066068049822e7	1.196145102334461e7	5.044109844016794e6
0.0014125375446227555	7.897101009235764e7	3.330179928546102e7	1.4043254244937122e7	5.9219993437316995e6
0.001584893192461114	9.269507098803794e7	3.9089187799108796e7	1.6483775834096534e7	6.951159139612771e6
0.0017782794100389247	1.0853731919910622e8	4.576980849700839e7	1.9300970311033554e7	8.139160570688443e6
0.0019952623149688807	1.271521552735226e8	5.361961980350527e7	2.2611208384411834e7	9.535076783313084e6
0.00223872113856834	1.4920901230202886e8	6.29209196762394e7	2.6533535650846023e7	1.1189115362145476e7
0.002511886431509582	1.793211725795609e8	7.56191127801656e7	3.1888320987170953e7	1.344721680303441e7
0.002818382931264455	2.1595578842330065e8	9.106780221944238e7	3.840297944763099e7	1.6194426092972983e7
0.0031622776601683824	2.592189451511743e8	1.0931172410095288e8	4.60963773539957e7	1.9438704415323246e7
0.0035481338923357567	3.094616640507112e8	1.3049890293291868e8	5.503093637109257e7	2.320637581068297e7
0.003981071705534978	3.684860909429887e8	1.5538929732746324e8	6.5527128475723974e7	2.7632582559339177e7
0.004466835921509635	4.377905079339071e8	1.8461472761412182e8	7.7851390109899e7	3.2829680054228794e7
0.005011872336272725	5.2187342295309323e8	2.2007219940811697e8	9.28036842306262e7	3.913501966932479e7
0.005623413251903496	6.261590197268064e8	2.6404907104067823e8	1.1134857771527617e8	4.6955338455474705e7
0.006309573444801936	7.495387837209727e8	3.160778860829364e8	1.332889469783685e8	5.6207514961068414e7
0.007079457843841388	8.9321146796042e8	3.766641546094504e8	1.588379643379132e8	6.698144526140332e7
0.00794328234724282	1.061021714029832e9	4.4742914856560594e8	1.886793146401239e8	7.956543743797512e7
0.008912509381337459	1.255916036944366e9	5.296154030378144e8	2.2333697061677265e8	9.41804490880496e7
0.01000000000000001	1.4835672470980814e9	6.2561512233721e8	2.638197164754629e8	1.112518810441943e8
0.01122018454301964	1.747721005969812e9	7.370078388099778e8	3.1079363547323173e8	1.3106061824303204e8
0.012589254117941687	2.0573901700031526e9	8.67594242505577e8	3.658614653199983e8	1.542825295957161e8
0.014125375446227554	2.4200595628496523e9	1.0205306573846732e9	4.303542167853465e8	1.8147889765473542e8
0.01584893192461114	2.843000415584786e9	1.1988833361648734e9	5.055649179082018e8	2.1319498777774343e8
0.017782794100389247	3.3274588914227734e9	1.403177781510703e9	5.917151713010675e8	2.4952424891176867e8
0.01995262314968881	3.9018341196440554e9	1.6453898069483154e9	6.938551356881095e8	2.925963154779302e8
0.022387211385683423	4.589903554627932e9	1.9355462818514984e9	8.162131068313581e8	3.4419424504308164e8
0.025118864315095822	5.394333095020078e9	2.274771406349896e9	9.592631559620252e8	4.045179516502732e8
0.02818382931264455	6.316377407164631e9	2.6635942688478127e9	1.1232283977849672e9	4.736615218839563e8
0.031622776601683826	7.397537988493475e9	3.119515905705895e9	1.3154889581675534e9	5.547371291341048e8
0.035481338923357565	8.659912945920765e9	3.651855011340603e9	1.5399744979548478e9	6.494018976097497e8
0.039810717055349776	1.0152968851309546e10	4.281471466146977e9	1.8054815557873816e9	7.61365296965362e8
0.04466835921509635	1.1917009603523474e10	5.025361283349758e9	2.119177291011728e9	8.93649693226253e8
0.05011872336272725	1.3986057948805752e10	5.8978717360741e9	2.487111898527329e9	1.0488064323794829e9
0.05623413251903497	1.6383898868932005e10	6.909032867964628e9	2.9135150126503816e9	1.2286191363511539e9
0.06309573444801936	1.919460160630277e10	8.094296384591892e9	3.413336493678925e9	1.4393921090331202e9
0.07079457843841387	2.244479679274478e10	9.464892330276186e9	3.9913120120145206e9	1.6831223659837842e9
0.07943282347242822	2.6255068446008083e10	1.1071670563677715e10	4.668884775277778e9	1.9688524329792736e9
0.08912509381337459	3.07182413554939e10	1.295377497391817e10	5.462561624640704e9	2.303543187219374e9
0.1000000000000001	3.60194987893982e10	1.5189296698724062e10	6.4052733241949415e9	2.701081435177994e9
0.11220184543019641	4.2540131964809586e10	1.79390249094691e10	7.564824098295443e9	3.1900599516538672e9
0.12589254117941687	5.01140372468591e10	2.113291428434348e10	8.911676080586224e9	3.7580227256193223e9
0.14125375446227553	5.859998776050334e10	2.4711409944211914e10	1.0420715187873095e10	4.394379240640136e9
0.15848931924611143	6.8648715371426994e10	2.894892324162986e10	1.2207659728563908e10	5.147927505006863e9
0.1778279410038923	8.102095571578201e10	3.4166253734453075e10	1.4407789754748117e10	6.075714644682388e9
0.19952623149688828	9.719183360917604e10	4.0985456399531296e10	1.7283423675049824e10	7.288359415141663e9
0.22387211385683423	1.1270680683806334e11	4.752806636094976e10	2.00424194191134e10	8.451818273541083e9
0.25118864315095824	1.307365343628534e11	5.513113941595712e10	2.3248608741862637e10	9.803857100867266e9
0.2818382931264455	1.5255358255255258e11	6.43313123527699e10	2.712828950060798e10	1.143990491273841e10
0.31622776601683794	1.775406319126751e11	7.486826369902228e10	3.1571685040504772e10	1.3313669276886911e10
0.354813389233576	2.0541378191827502e11	8.662227359600432e10	3.652830991566522e10	1.5403860656975258e10
0.39810717055349776	2.3714242315046582e11	1.0000213066224353e11	4.2170548857228485e10	1.7783173091642227e10
0.4466835921509635	2.7417923930621222e11	1.1562042653335449e11	4.875672961603379e10	2.0560542490454533e10
0.5011872336272725	3.1497612934439484e11	1.3282433241329999e11	5.601155657127356e10	2.3619877651944317e10
0.5623413251903491	3.5852642495577313e11	1.51189339795943e11	6.3756015970158264e10	2.6885689102174812e10
0.6309573444801942	4.0507287172055963e11	1.7081781364368875e11	7.203327475943697e10	3.0376180191776627e10
0.7079457843841388	4.534108960726543e11	1.9120178949557886e11	8.06291261020088e10	3.400102064632849e10
0.7943282347242822	5.057568660875598e11	2.1327590201939413e11	8.993770216938918e10	3.792641462499168e10
0.8912509381337459	5.650138649498499e11	2.3826437124325735e11	1.0047525226697325e11	4.237006265520632e10
1.000000000000002	6.297293706658796e11	2.6555467372127417e11	1.119834773992702e11	4.722304095335884e10
1.1220184543019653	6.983869300730913e11	2.945073264571673e11	1.241927098226903e11	5.237163157464764e10
1.2589254117941688	7.722368154515988e11	3.256495649000445e11	1.3732528288366153e11	5.790959171830812e10
1.4125375446227555	8.563873428728296e11	3.611355480764641e11	1.5228959791500897e11	6.4219991064846344e10
1.584893192461114	9.502004634106211e11	4.0069621298294305e11	1.6897219197924652e11	7.125498264928688e10
1.7782794100389265	1.054359276616874e12	4.4461962031311005e11	1.874945392682858e11	7.906579173315321e10
1.9952623149688828	1.1696931919858975e12	4.932555291510693e11	2.0800413196680472e11	8.771461526288818e10
2.2387211385683425	1.294375639230465e12	5.4583368119274475e11	2.3017615483834674e11	9.70644797768268e10
2.5118864315095824	1.428992337884013e12	6.026010723177273e11	2.5411476518317426e11	1.071593080505278e11
2.818382931264455	1.5746544448114543e12	6.640262734907643e11	2.800175577389539e11	1.1808242509490767e11
3.1622776601683857	1.7318031557205632e12	7.302953353991648e11	3.0796298943003845e11	1.298669159208633e11
3.5481338923357604	1.9012132877972256e12	8.017349957410149e11	3.380888444012573e11	1.4257088362053195e11
3.9810717055349776	2.0835999209216719e12	8.786468012014779e11	3.705222838353532e11	1.5624795162000208e11
4.4668359215096345	2.284072183015764e12	9.631852531616516e11	4.0617185343507715e11	1.7128125048097238e11
5.011872336272725	2.5088988651674966e12	1.0579938789024747e12	4.461523194048024e11	1.881408731856452e11
5.623413251903503	2.7527668300569443e12	1.1608321469943567e12	4.8951885747677716e11	2.0642839065208536e11
6.309573444801943	3.0148008488935493e12	1.271330976516802e12	5.3611582751811957e11	2.2607816998372498e11
7.0794578438413875	3.295399475504109e12	1.3896584362250515e12	5.860141035354697e11	2.4712009850227362e11
7.943282347242821	3.5955402665381895e12	1.5162267583401472e12	6.393875224151108e11	2.6962748261513724e11
8.91250938133746	3.916657202025045e12	1.6516406472264155e12	6.964910858731047e11	2.937078556544161e11
10.000000000000021	4.260123576622658e12	1.796479216439304e12	7.575690040708651e11	3.19464200191258e11
11.220184543019652	4.627800856244436e12	1.951527439645745e12	8.229522976590111e11	3.47036106476546e11
12.589254117941687	5.021282917043154e12	2.11745744884626e12	8.92924402351991e11	3.765430983599522e11
14.125375446227554	5.442588365020114e12	2.2951204831333936e12	9.678442826987008e11	4.081365499365519e11
15.848931924611142	5.893738856134731e12	2.485369067756365e12	1.0480714456158107e12	4.419680640160193e11
17.782794100389264	6.377461846284171e12	2.6893533613302627e12	1.1340909089696843e12	4.7824217093666876e11
19.95262314968883	6.895807522486493e12	2.907937920551975e12	1.2262672532964072e12	5.171126130357532e11
22.387211385683422	7.451290164420345e12	3.142183008370628e12	1.3250475877743352e12	5.587679346904125e11
25.11886431509582	8.046640694762183e12	3.393240245330017e12	1.4309175467600593e12	6.03412926210748e11
28.18382931264455	8.685234916878517e12	3.66253319590606e12	1.5444774424154763e12	6.513007371363851e11
31.622776601683857	9.370034043998352e12	3.9513105933633335e12	1.66625386119197e12	7.026534271326129e11
35.481338923357605	1.0104516067188242e13	4.2610390943735615e12	1.7968652870797344e12	7.577318087355138e11
39.81071705534978	1.0892390371647217e13	4.59328293370504e12	1.9369713524110999e12	8.168140465931732e11
44.668359215096345	1.1737884321987023e13	4.949824776233265e12	2.0873238007308474e12	8.802171483298956e11
50.11872336272725	1.2645289235882586e13	5.332474255616849e12	2.248685748225299e12	9.482629173731577e11
56.23413251903502	1.3619271975806484e13	5.743199371442461e12	2.4218870934389004e12	1.0213013190373497e12
63.09573444801943	1.4664954890445674e13	6.184160200240733e12	2.607838733091758e12	1.099716475284321e12
70.79457843841388	1.5787644018283066e13	6.657594279886969e12	2.8074842290821743e12	1.183906282867352e12
79.43282347242821	1.6993196037202916e13	7.165971350966664e12	3.0218650623794277e12	1.274309930669572e12
89.12509381337459	1.8286944772363e13	7.711540668898749e12	3.251929736129e12	1.3713273991509185e12
100.0000000000002	1.9676358309739457e13	8.29745149942667e12	3.4990062846832676e12	1.4755187157542207e12
112.20184543019653	2.1427163700140613e13	9.035760010742701e12	3.810348402356598e12	1.6068105981462632e12
125.89254117941688	2.3048332687483613e13	9.71940130417204e12	4.0986375453948696e12	1.7283811217407715e12
141.25375446227554	2.4790579519722613e13	1.0454100701436682e13	4.408457712292194e12	1.8590312028119268e12
158.48931924611142	2.6663377396205973e13	1.1243853017578129e13	4.741493502583416e12	1.9994712310932485e12
177.82794100389265	2.868770635597725e13	1.2097505461702996e13	5.101475753414549e12	2.1512744875668293e12
199.5262314968883	3.097221995779512e13	1.3060876859624672e13	5.507726103421417e12	2.3225888396821787e12
223.87211385683423	3.3453879080846504e13	1.4107383834517027e13	5.949034435546899e12	2.508687020272355e12
251.18864315095823	3.612109645598935e13	1.5232140075498643e13	6.423340209577985e12	2.7087001067358286e12
281.8382931264455	3.897954053513329e13	1.6437535948919695e13	6.931651434646539e12	2.923053172999276e12
316.2277660168386	4.203953906309062e13	1.7727926628655832e13	7.475804672347771e12	3.1525206906658467e12
354.81338923357606	4.531096927984419e13	1.910747731227135e13	8.057556371930646e12	3.3978433482423096e12
398.1071705534977	4.8812052981101016e13	2.058387206730209e13	8.68014687780713e12	3.6603875876370986e12
446.6835921509635	5.255550337439265e13	2.216247200891146e13	9.34583695349612e12	3.9411067649212017e12
501.18723362727246	5.656534457793591e13	2.3853408023749465e13	1.0058898758474537e13	4.241802434808116e12
562.3413251903502	6.086242760340466e13	2.566547291053189e13	1.0823040185216191e13	4.564038202589121e12
630.9573444801943	6.547345411870436e13	2.7609926669250207e13	1.1643009536346076e13	4.909816410878393e12
707.9457843841387	7.042351158643861e13	2.9697348595164242e13	1.2523268063684006e13	5.281018353969243e12
794.3282347242822	7.573895142988714e13	3.1938850991331418e13	1.3468501786574328e13	5.679620109834181e12
891.2509381337459	8.143441203126861e13	3.4340606812349203e13	1.4481313818386615e13	6.10671940227917e12
1000.000000000002	8.754668746209638e13	3.6918131989521664e13	1.5568247173099234e13	6.565075397420769e12
1122.0184543019652	9.410208923590955e13	3.9682521996108164e13	1.6733980772989545e13	7.056661180423148e12
1258.9254117941687	1.0114411798889298e14	4.26521208982848e13	1.7986250246622656e13	7.584738838804037e12
1412.5375446227554	1.0871727507007833e14	4.584569475933605e13	1.933296917726876e13	8.152645502958063e12
1584.893192461114	1.1685809929142989e14	4.927865186850669e13	2.0780635186626195e13	8.763121197236016e12
1778.2794100389265	1.2558722681591002e14	5.295969442356212e13	2.2332917961064777e13	9.417713415548717e12
1995.2623149688789	1.3495073160251712e14	5.69082516519111e13	2.3998010737847098e13	1.0119877217401564e13
2238.721138568342	1.4498396943978834e14	6.113923296595571e13	2.5782200764051273e13	1.0872263912903588e13
2511.8864315095875	1.5569147962289594e14	6.565455257059808e13	2.7686295253191387e13	1.1675213901171197e13
2818.382931264455	1.669964679655238e14	7.042182662598512e13	2.969663805323381e13	1.252296843064151e13
3162.277660168386	1.7895334895464447e14	7.546400153100897e13	3.1822905580357613e13	1.3419608012182967e13
3548.133892335753	1.9154955764373e14	8.077577869165306e13	3.4062863435992934e13	1.4364190407731387e13
3981.0717055349774	2.0491758533984275e14	8.641302922884022e13	3.644007227647558e13	1.536665106368206e13
4466.835921509644	2.1947932345995888e14	9.255366327793584e13	3.9029556183813625e13	1.6458627373090756e13
5011.872336272725	2.348590382905776e14	9.903923524573647e13	4.176449920536949e13	1.7611943282356934e13
5623.413251903502	2.4994288414085947e14	1.0540004029905605e14	4.4446828455345125e13	1.8743072148115523e13
6309.57344480193	2.654568983144945e14	1.1194224583021938e14	4.720565365254776e13	1.990645908734619e13
7079.457843841388	2.835499985631523e14	1.1957204294126119e14	5.042311241614351e13	2.126325019787988e13
7943.282347242838	3.0220784616373444e14	1.2743999203593003e14	5.374099903851937e13	2.2662391385307953e13
8912.509381337459	3.152963437903307e14	1.329593657201989e14	5.6068499622291195e13	2.364389024321213e13
10000.00000000002	3.271798260108862e14	1.3797058862116292e14	5.818171479752886e13	2.453502569360168e13
11220.18454301963	3.526122023279627e14	1.4869533278795394e14	6.270430191283067e13	2.6442184866575426e13
12589.254117941688	3.840220752885648e14	1.6194076638857578e14	6.8289854948608336e13	2.8797593051477637e13
14125.375446227583	4.0575694009633644e14	1.71106282880506e14	7.215492120537223e13	3.042747797747452e13
15848.93192461114	4.260575119060953e14	1.796669630302822e14	7.576493009150328e13	3.1949806102101812e13
17782.794100389263	4.6128799861189075e14	1.9452353608820325e14	8.202989500295984e13	3.4591719899365668e13
19952.62314968879	5.0222100637108294e14	2.117848423350696e14	8.930892749187328e13	3.7661262448283414e13
22387.211385683422	5.3138526453609844e14	2.2408330802834512e14	9.449514747226392e13	3.9848273280025375e13
25118.864315095874	5.587310878650481e14	2.3561494610953888e14	9.935799892990717e13	4.189892073640591e13
28183.82931264455	6.068887368251476e14	2.5592285828935397e14	1.0792177448806986e14	4.5510234945430164e13
31622.776601683858	6.604293807744164e14	2.7850076063407534e14	1.1744279696159083e14	4.952521683157882e13
35481.33892335753	6.876724438894646e14	2.899890650923753e14	1.2228737478197888e14	5.156815835902389e13
39810.71705534977	7.034509843888665e14	2.966428204501794e14	1.2509324015103397e14	5.275138197424553e13
44668.35921509644	7.461178790398495e14	3.1463530073665456e14	1.3268060617584822e14	5.595094769714238e13
50118.72336272725	8.127050968343754e14	3.427148976536435e14	1.4452167401342644e14	6.09442846011097e13
56234.132519035025	9.145596828209894e14	3.8566662042236456e14	1.6263426532122994e14	6.858230102364137e13
63095.73444801956	1.0220660960483822e15	4.310016989765044e14	1.817519094301708e14	7.664414469817377e13
70794.57843841388	1.0688719169291704e15	4.507395499820373e14	1.9007529218439834e14	8.01540861023291e13
79432.82347242838	1.0920597228481481e15	4.605177666602507e14	1.9419873196736794e14	8.18929262409055e13
89125.0938133746	1.1401341181830515e15	4.8079057107742294e14	2.027477027047809e14	8.549799730878569e13
100000.0000000002	1.3191715843011482e15	5.5629004452213756e14	2.345855666671162e14	9.892391321833738e13