0.00001584893192461114	3123.2151633786116	0.31232151633786115	0.025001755713022437	0.008811352977365336
0.00001778279410038923	3117.8618064719226	0.31178618064719227	0.02495890137394421	0.008796249849706457
0.000019952623149688786	3240.5757917767123	0.32405757917767125	0.02594124326288499	0.009142455981278268
0.000022387211385683423	3411.7205462327242	0.3411720546232724	0.027311279945802975	0.009625297144262726
0.000025118864315095822	3583.521625046779	0.35835216250467794	0.028686570593116613	0.010109989958601276
0.00002818382931264455	3719.564752122113	0.3719564752122114	0.02977561404726457	0.010493800855417165
0.000031622776601683795	3846.192876053663	0.38461928760536623	0.030789289140180733	0.010851049728279145
0.000035481338923357534	3950.114714588151	0.3950114714588153	0.03162119737716456	0.011144238622890424
0.000039810717055349776	4073.850517876277	0.4073850517876275	0.032611719055926414	0.011493327552623353
0.00004466835921509635	4236.827217285874	0.42368272172858745	0.033916369364150954	0.01195312463686601
0.00005011872336272725	4382.306187058546	0.4382306187058546	0.03508094800294824	0.012363556351107493
0.00005623413251903491	4467.3598759841825	0.4467359875984185	0.03576181417507256	0.012603513586183189
0.00006309573444801943	4570.904894784835	0.45709048947848346	0.036590705919614934	0.012895639380268236
0.00007079457843841388	4713.604897930705	0.4713604897930703	0.037733038558343916	0.013298230950753963
0.00007943282347242822	4863.485050254019	0.4863485050254019	0.03893284925296298	0.013721079476179721
0.00008912509381337459	4995.059414204747	0.49950594142047466	0.03998611965974269	0.014092282900502247
0.0001	5136.68379336427	0.513668379336427	0.041119841784389564	0.01449183987294754
0.00011220184543019641	5282.168947688137	0.5282168947688137	0.04228446993134754	0.01490228903531883
0.00012589254117941674	5440.743717128065	0.5440743717128066	0.04355388220056088	0.015349667199725544
0.00014125375446227554	5600.077859199603	0.5600077859199603	0.044829373349402256	0.015799187739840754
0.00015848931924611142	5771.974038327529	0.5771974038327531	0.046205425287466385	0.01628414885539775
0.00017782794100389227	5947.029493972566	0.594702949397257	0.04760676765721025	0.01677802306182076
0.0001995262314968881	6127.439291429816	0.6127439291429818	0.04905097225033303	0.01728700317456176
0.00022387211385683424	6292.912425098775	0.629291242509878	0.05037560684918153	0.01775384330972897
0.0002511886431509582	6474.960759155953	0.6474960759155953	0.05183292814725584	0.01826744613451285
0.0002818382931264455	6670.357708287411	0.6670357708287413	0.05339710689694204	0.018818708663487973
0.00031622776601683794	6873.344746800534	0.6873344746800535	0.055022045328761406	0.019391384688867645
0.0003548133892335757	7058.752729216581	0.7058752729216584	0.05650626106194703	0.01991446590243401
0.00039810717055349773	7262.693475953686	0.7262693475953689	0.058138834055841124	0.020489832571704447
0.0004466835921509635	7479.446830751314	0.7479446830751312	0.05987397369340804	0.02110134673843381
0.0005011872336272725	7708.900802683234	0.7708900802683241	0.06171078347228308	0.021748692448859838
0.0005623413251903491	7931.551643474761	0.7931551643474762	0.06349313327515321	0.02237684486433383
0.0006309573444801936	8163.365903248396	0.8163365903248395	0.0653488374743432	0.023030849523379658
0.0007079457843841388	8382.304526694357	0.8382304526694359	0.06710147048013966	0.023648528866827112
0.0007943282347242822	8624.263295871882	0.8624263295871882	0.06903838283588526	0.024331153665204986
0.0008912509381337459	8883.029913237131	0.8883029913237133	0.07110984426765304	0.02506119750947779
0.001	9152.066837692331	0.9152066837692335	0.073263520883303	0.02582021639908741
0.0011220184543019641	9390.737693531662	0.9390737693531667	0.07517411305238614	0.026493565190700997
0.0012589254117941688	9668.924840379179	0.966892484037918	0.07740103842388708	0.02727839909307869
0.0014125375446227555	9994.152796090524	0.9994152796090523	0.08000453177109039	0.028195946609331
0.001584893192461114	10325.804110672003	1.0325804110672003	0.08265944496640769	0.029131615990182557
0.0017782794100389247	10616.192391213392	1.061619239121339	0.08498404204737418	0.029950872271447656
0.0019952623149688807	10925.920883234548	1.0925920883234546	0.087463460111706	0.030824692014110925
0.00223872113856834	10744.023103515363	1.0744023103515365	0.08600734402127291	0.03031151393989495
0.002511886431509582	10171.553822758277	1.0171553822758277	0.081424650751042	0.028696438244632107
0.002818382931264455	9947.830581691649	0.9947830581691647	0.07963371624033011	0.02806526032599466
0.0031622776601683824	9869.293944696465	0.9869293944696466	0.07900501994181704	0.027843689286530575
0.0035481338923357567	9859.844236581448	0.9859844236581452	0.0789293737626421	0.027817029351374388
0.003981071705534978	9941.701811747822	0.9941701811747822	0.07958465461602904	0.0280479695687246
0.004466835921509635	10093.792379845685	1.0093792379845685	0.08080215998499128	0.02847705421705495
0.005011872336272725	9773.988415931239	0.9773988415931242	0.07824208641862328	0.027574809106742895
0.005623413251903496	9589.79972719238	0.958979972719238	0.07676763129463836	0.027055167818513314
0.006309573444801936	9539.618686747453	0.953961868674746	0.07636592534451996	0.026913594844189866
0.007079457843841388	9553.300596089808	0.9553300596089803	0.07647545086138999	0.026952194852935124
0.00794328234724282	9628.978896439288	0.9628978896439293	0.07708126579220237	0.027165701826430036
0.008912509381337459	9736.457608906216	0.9736457608906213	0.07794164728143066	0.02746892553134902
0.01000000000000001	9884.75151302156	0.9884751513021557	0.07912875984667947	0.027887298863059653
0.01122018454301964	10044.74714737021	1.0044747147370212	0.08040954632980087	0.028338685634491177
0.012589254117941687	10243.562929774154	1.0243562929774155	0.0820010932977592	0.02889959352734897
0.014125375446227554	10471.465039362032	1.0471465039362038	0.0838254802107104	0.02954256105498246
0.01584893192461114	10710.197224534268	1.0710197224534268	0.08573656332931802	0.030216082871626932
0.017782794100389247	10899.90170637912	1.0899901706379116	0.08725517311591362	0.03075128555971677
0.01995262314968881	11156.540542200737	1.1156540542200735	0.08930960137142495	0.03147532641243796
0.022387211385683423	11509.561569923471	1.1509561569923472	0.09213558198274344	0.03247128497468197
0.025118864315095822	11866.236876152434	1.1866236876152434	0.09499081558296629	0.03347755314933232
0.02818382931264455	12155.590115770989	1.215559011577099	0.09730712702270997	0.03429388932729362
0.031622776601683826	12466.564140196831	1.2466564140196832	0.09979651574077049	0.03517122302115406
0.035481338923357565	12781.844023637372	1.2781844023637372	0.10232037343697974	0.03606070459521635
0.039810717055349776	13150.859550484738	1.315085955048474	0.10527439215612866	0.03710178754694714
0.04466835921509635	13566.529697557231	1.3566529697557237	0.10860188735920023	0.038274494580056904
0.05011872336272725	13996.569230687324	1.3996569230687326	0.11204441142232943	0.03948774116167619
0.05623413251903497	14390.168451353382	1.4390168451353378	0.11519522590328986	0.04059818071946598
0.06309573444801936	14800.359178009063	1.480035917800906	0.11847885761199949	0.04175542896895748
0.07079457843841387	15166.781018905642	1.5166781018905646	0.12141211352770842	0.04278919449898361
0.07943282347242822	15555.65296845078	1.555565296845078	0.12452508557016505	0.04388629727006895
0.08912509381337459	15962.308211030859	1.5962308211030858	0.12778041525529907	0.045033571055264385
0.1000000000000001	15921.53066232152	1.5921530662321521	0.127453985516048	0.044918527628400075
0.11220184543019641	15761.011820910931	1.5761011820910937	0.1261690106903163	0.044465664762027346
0.12589254117941687	15651.152805808082	1.5651152805808084	0.12528957455966455	0.04415572564186446
0.14125375446227553	15444.104903129482	1.544410490312948	0.12363212836627953	0.04357159292660485
0.15848931924611143	15405.697132593774	1.5405697132593785	0.12332466901872156	0.043463235222905176
0.1778279410038923	15692.075047157503	1.56920750471575	0.12561716258287992	0.044271177282014865
0.19952623149688828	15270.521640958086	1.5270521640958092	0.12224257110248098	0.04308187213762786
0.22387211385683423	15171.914646929947	1.5171914646929945	0.12145320890765217	0.04280367771778551
0.25118864315095824	15127.925840986833	1.5127925840986827	0.12110107262412195	0.042679574549754545
0.2818382931264455	15301.01227406213	1.5301012274062136	0.12248665270446003	0.04316789366247614
0.31622776601683794	15424.005762628576	1.5424005762628579	0.12347123205444761	0.04351488834103171
0.354813389233576	15390.5901173235	1.5390590117323508	0.12320373533801683	0.04342061464218384
0.39810717055349776	15308.82772805687	1.530882772805687	0.1225492164605066	0.04318994296751071
0.4466835921509635	15287.778063993526	1.528777806399353	0.12238071108024216	0.043130556722755016
0.5011872336272725	15084.128684976129	1.508412868497613	0.12075047052397078	0.042556012073003024
0.5623413251903491	14620.621366504494	1.462062136650449	0.11704003235643513	0.04124834469275515
0.6309573444801942	13968.898065807736	1.396889806580774	0.11182290004113275	0.039409674045485205
0.7079457843841388	13104.54833302352	1.310454833302352	0.10490366465732721	0.036971132288658476
0.7943282347242822	12212.34773207218	1.221234773207218	0.09776147934343851	0.03445401642876511
0.8912509381337459	11418.751325943542	1.1418751325943544	0.09140863381636417	0.03221508709147171
1.000000000000002	10628.65851283058	1.0628658512830587	0.08508383502065911	0.029986042246003312
1.1220184543019653	9797.171628270224	0.9797171628270227	0.07842767113860635	0.02764021461241002
1.2589254117941688	8951.67420591079	0.8951674205910787	0.07165935102487032	0.02525485982891109
1.4125375446227555	7955.877376114185	0.7955877376114191	0.06368786402317289	0.02244547369888622
1.584893192461114	7134.392909339877	0.7134392909339876	0.057111770835242895	0.020127865329458063
1.7782794100389265	6419.892058911742	0.6419892058911741	0.051392095825780436	0.018112083877840288
1.9952623149688828	5737.292213828686	0.573729221382869	0.04592779263699473	0.016186302955716676
2.2387211385683425	5134.15992980643	0.5134159929806428	0.041099637918557315	0.014484719437270996
2.5118864315095824	4593.388274867861	0.45933882748678584	0.036770688388652016	0.012959070488172283
2.818382931264455	4110.342565375034	0.41103425653750325	0.03290384278397754	0.011596280533624666
3.1622776601683857	3676.098391065405	0.3676098391065409	0.02942766000502747	0.010371171632044054
3.5481338923357604	3284.979899929925	0.32849798999299235	0.02629670409623348	0.009267730818302237
3.9810717055349776	2931.962556208102	0.29319625562081014	0.023470752975835705	0.008271782649524793
4.4668359215096345	2569.541537255102	0.25695415372551	0.02056952417566382	0.007249304415602303
5.011872336272725	2256.5760871225034	0.22565760871225032	0.01806419382808483	0.00636635242331779
5.623413251903503	1985.654714168313	0.19856547141683117	0.015895431949793374	0.005602017044121748
6.309573444801943	1748.1370522316902	0.17481370522316894	0.013994071252362683	0.0049319216942329755
7.0794578438413875	1538.9615303610872	0.15389615303610882	0.012319593182367859	0.0043417864454553525
7.943282347242821	1354.3395682774133	0.1354339568277413	0.010841669647224165	0.0038209227872713866
8.91250938133746	1191.292648632579	0.11912926486325787	0.009536457216611106	0.003360927594590326
10.000000000000021	1047.1444600717443	0.10471444600717447	0.008382531659662287	0.0029542503392572935
11.220184543019652	919.7900379387645	0.09197900379387648	0.007363042452361743	0.0025949524017344276
12.589254117941687	807.223354046736	0.08072233540467359	0.006461931070381573	0.0022773742864337834
14.125375446227554	707.8168437157378	0.07078168437157377	0.005666168640459489	0.0019969242357792496
15.848931924611142	620.0895126238445	0.06200895126238448	0.004963899604680906	0.001749424002981757
17.782794100389264	542.8308069385024	0.054283080693850225	0.004345433317472034	0.0015314583199413638
19.95262314968883	474.789706699577	0.047478970669957696	0.003800755196487686	0.0013394977537263524
22.387211385683422	414.92390003746937	0.04149239000374695	0.0033215213956022233	0.0011706016879157902
25.11886431509582	362.30823181696996	0.03623082318169701	0.0029003259240410174	0.0010221600338578489
28.18382931264455	316.147791634127	0.031614779163412716	0.0025308054175484187	0.0008919301551063666
31.622776601683857	275.6731293213188	0.027567312932131886	0.0022068003244708027	0.0007777412447618038
35.481338923357605	240.2223276608412	0.02402223276608412	0.0019230119088218289	0.0006777258726466389
39.81071705534978	209.20240327819897	0.020920240327819892	0.001674693259263187	0.0005902110877955803
44.668359215096345	182.09234554520623	0.01820923455452062	0.0014576736159309634	0.0005137269919436182
50.11872336272725	158.41785261312575	0.015841785261312573	0.0012681561289970033	0.00044693546370352125
56.23413251903502	137.75993213828917	0.013775993213828922	0.001102786708629503	0.00038865442331397003
63.09573444801943	119.74907369630286	0.011974907369630285	0.0009586073743881678	0.0003378413915963523
70.79457843841388	104.05486341304454	0.010405486341304454	0.000832973118954303	0.00029356419029165885
79.43282347242821	90.38824575792162	0.00903882457579216	0.0007235700140887922	0.0002550073231318208
89.12509381337459	78.4859230644443	0.00784859230644443	0.0006282903267047283	0.00022142796307604972
100.0000000000002	68.1329692140953	0.006813296921409532	0.0005454135444357119	0.000192219751037557
112.20184543019653	59.12427827603027	0.00591242782760303	0.0004732977668330026	0.00016680403307805088
125.89254117941688	51.2967701613701	0.0051296770161370076	0.00041063751594182474	0.00014472072042633738
141.25375446227554	44.50041978819639	0.004450041978819638	0.0003562318208867385	0.00012554655567519675
158.48931924611142	38.60157176107735	0.0038601571761077364	0.00030901075232522043	0.00010890446430210227
177.82794100389265	33.19094200404656	0.003319094200404656	0.00026569793640876695	0.00009363975594065168
199.5262314968883	28.408939141907588	0.0028408939141907597	0.00022741736298556516	0.00008014855762324336
223.87211385683423	24.403742914364944	0.0024403742914364947	0.00019535523071946315	0.00006884892059589452
251.18864315095823	21.000665636388703	0.0021000665636388706	0.00016811314129375134	0.00005924800822293378
281.8382931264455	18.098248571978942	0.0018098248571978945	0.00014487890393714836	0.000051059580623735886
316.2277660168386	15.61493317120378	0.0015614933171203779	0.0001249996315333211	0.000044053541204188886
354.81338923357606	13.482391751808613	0.0013482391751808611	0.00010792835183386452	0.00003803712088019962
398.1071705534977	11.648945124354071	0.0011648945124354076	0.00009325136600529438	0.000032864520033133494
446.6835921509635	10.068147724853668	0.0010068147724853667	0.00008059687108687978	0.00002840470438033316
501.18723362727246	8.70546552314423	0.0008705465523144234	0.00006968841754160193	0.000024560244986044667
562.3413251903502	7.529580627289521	0.0007529580627289523	0.000060275301449725284	0.000021242786426154752
630.9573444801943	6.514919536932835	0.000651491953693284	0.000052152803515524684	0.000018380179608550973
707.9457843841387	5.638732570807008	0.0005638732570807009	0.000045138809493315	0.000015908242124631418
794.3282347242822	4.881594373636125	0.0004881594373636125	0.00003907781681223858	0.0000137721703015484
891.2509381337459	4.225551968290969	0.0004225551968290969	0.00003382610948571556	0.000011921314404908016
1000.000000000002	3.6578428960953246	0.00036578428960953245	0.000029281522322611584	0.000010319668420915974
1122.0184543019652	3.166130881137571	0.0003166130881137571	0.00002534530178190674	8.932428701473345e-6
1258.9254117941687	2.7408248210442703	0.00027408248210442705	0.00002194066980444865	7.73253640367832e-6
1412.5375446227554	2.3732007203900043	0.00023732007203900056	0.000018997789638346146	6.695379005163688e-6
1584.893192461114	2.0551625392634145	0.00020551625392634148	0.00001645185139970771	5.798115599476921e-6
1778.2794100389265	1.7793177078227136	0.00017793177078227144	0.000014243676576773111	5.019889941089514e-6
1995.2623149688789	1.5402142416491835	0.0001540214241649184	0.00001232962130401992	4.3453206500364435e-6
2238.721138568342	1.3328024884961343	0.0001332802488496135	0.000010669262438852104	3.7601614236997428e-6
2511.8864315095875	1.1523176713213286	0.0001152317671321329	9.224457302842009e-6	3.25096966200821e-6
2818.382931264455	0.994010385749561	0.00009940103857495612	7.957186277820668e-6	2.80434613493989e-6
3162.277660168386	0.8558613842675163	0.00008558613842675159	6.851285016981611e-6	2.414594051957541e-6
3548.133892335753	0.7352656988826543	0.00007352656988826543	5.885900402629531e-6	2.0743641619605255e-6
3981.0717055349774	0.6309679118547655	0.00006309679118547653	5.050982647600689e-6	1.780114624805151e-6
4466.835921509644	0.542762303828938	0.00005427623038289379	4.344884940904515e-6	1.5312650559339729e-6
5011.872336272725	0.46603235109147534	0.00004660323510914755	3.7306513918657317e-6	1.314791114133895e-6
5623.413251903502	0.3957914670960396	0.00003957914670960397	3.168363707266734e-6	1.1166244205345886e-6
6309.57344480193	0.3347801419438399	0.00003347801419438401	2.679959877434867e-6	9.444965672133063e-7
7079.457843841388	0.28643129006433105	0.0000286431290064331	2.292920842189876e-6	8.080926444365449e-7
7943.282347242838	0.24398565478605624	0.000024398565478605618	1.953137846527329e-6	6.883431378476992e-7
8912.509381337459	0.19915172230244238	0.00001991517223024425	1.594236211842364e-6	5.618556613815774e-7
10000.00000000002	0.16081033987773338	0.000016081033987773337	1.2873083100050926e-6	4.536852547616257e-7
11220.18454301963	0.14006558206898168	0.000014006558206898173	1.121243745148422e-6	3.95159225038739e-7
12589.254117941688	0.12457927997440833	0.000012457927997440837	9.97273822612651e-7	3.514685835262969e-7
14125.375446227583	0.10429481360674145	0.000010429481360674146	8.348939523942935e-7	2.942411484079109e-7
15848.93192461114	0.08623134450534055	8.623134450534057e-6	6.902934627775599e-7	2.4327968916730063e-7
17782.794100389263	0.07580037448718822	7.580037448718826e-6	6.067921506356238e-7	2.1385137446008448e-7
19952.62314968879	0.0673775889548327	6.7377588954832736e-6	5.393666242830532e-7	1.900886387867774e-7
22387.211385683422	0.05656446482800743	5.6564464828007456e-6	4.5280611731464435e-7	1.5958217397874503e-7
25118.864315095874	0.04689532032477079	4.6895320324770785e-6	3.75403320460161e-7	1.323031551630818e-7
28183.82931264455	0.0414897986198296	4.14897986198296e-6	3.321313951848685e-7	1.1705285786447306e-7
31622.776601683858	0.03684473326925184	3.6844733269251858e-6	2.9494702488341977e-7	1.0394799372101346e-7
35481.33892335753	0.029956113766012243	2.995611376601225e-6	2.3980270308342965e-7	8.451351521260811e-8
39810.71705534977	0.023506587106790943	2.350658710679093e-6	1.8817337831284897e-7	6.631782488756164e-8
44668.35921509644	0.019830630653976094	1.98306306539761e-6	1.5874685454252872e-7	5.594705369799792e-8
50118.72336272725	0.01764360755281152	1.764360755281152e-6	1.4123944168311412e-7	4.977692723986214e-8
56234.132519035025	0.016755035805994013	1.675503580599402e-6	1.341263058326233e-7	4.7270049264009395e-8
63095.73444801956	0.015692028492508163	1.569202849250816e-6	1.2561678990667633e-7	4.427104593997577e-8
70794.57843841388	0.012869816428800007	1.286981642880001e-6	1.0302460432352043e-7	3.6308896241839e-8
79432.82347242838	0.010074272989183886	1.0074272989183883e-6	8.064590464827427e-8	2.84219852474108e-8
89125.0938133746	0.008234415042820077	8.234415042820076e-7	6.591759535308949e-8	2.323129650341639e-8
100000.0000000002	0.008266532777476377	8.266532777476377e-7	6.617470212093187e-8	2.3321908479244484e-8