0.00001584893192461114	1100.7127477233428	0.11007127477233422	0.008811352977365336
0.00001778279410038923	1098.8260675293554	0.10988260675293558	0.008796249849706457
0.000019952623149688786	1142.0740798766058	0.1142074079876606	0.009142455981278268
0.000022387211385683423	1202.3905176118553	0.12023905176118543	0.009625297144262726
0.000025118864315095822	1262.9382633261423	0.12629382633261418	0.010109989958601276
0.00002818382931264455	1310.8838566902505	0.13108838566902492	0.010493800855417165
0.000031622776601683795	1355.511326441956	0.13555113264419558	0.010851049728279145
0.000035481338923357534	1392.136434370165	0.13921364343701642	0.011144238622890424
0.000039810717055349776	1435.7445653840043	0.14357445653840045	0.011493327552623353
0.00004466835921509635	1493.1823406373621	0.1493182340637362	0.01195312463686601
0.00005011872336272725	1544.4534020845715	0.15444534020845715	0.012363556351107493
0.00005623413251903491	1574.4288199613436	0.15744288199613432	0.012603513586183189
0.00006309573444801943	1610.921125548716	0.16109211255487157	0.012895639380268236
0.00007079457843841388	1661.2127975425553	0.16612127975425536	0.013298230950753963
0.00007943282347242822	1714.0349649767454	0.1714034964976745	0.013721079476179721
0.00008912509381337459	1760.4056349748666	0.17604056349748662	0.014092282900502247
0.0001	1810.3182254864516	0.18103182254864508	0.01449183987294754
0.00011220184543019641	1861.591466551133	0.18615914665511324	0.01490228903531883
0.00012589254117941674	1917.4778724050936	0.19174778724050923	0.015349667199725544
0.00014125375446227554	1973.631903476067	0.19736319034760672	0.015799187739840754
0.00015848931924611142	2034.213165333918	0.20342131653339168	0.01628414885539775
0.00017782794100389227	2095.907849019612	0.20959078490196123	0.01677802306182076
0.0001995262314968881	2159.4895600089267	0.2159489560008925	0.01728700317456176
0.00022387211385683424	2217.8071520118156	0.22178071520118153	0.01775384330972897
0.0002511886431509582	2281.9663314203085	0.22819663314203073	0.01826744613451285
0.0002818382931264455	2350.8299548097957	0.23508299548097966	0.018818708663487973
0.00031622776601683794	2422.3685486069344	0.2422368548606933	0.019391384688867645
0.0003548133892335757	2487.71176676493	0.24877117667649293	0.01991446590243401
0.00039810717055349773	2559.58647534918	0.255958647534918	0.020489832571704447
0.0004466835921509635	2635.976723301055	0.26359767233010534	0.02110134673843381
0.0005011872336272725	2716.8430417291484	0.27168430417291467	0.021748692448859838
0.0005623413251903491	2795.311736945597	0.27953117369455954	0.02237684486433383
0.0006309573444801936	2877.0098901272263	0.2877009890127225	0.023030849523379658
0.0007079457843841388	2954.1702909288397	0.29541702909288375	0.023648528866827112
0.0007943282347242822	3039.443667153437	0.3039443667153436	0.024331153665204986
0.0008912509381337459	3130.640622700701	0.31306406227006994	0.02506119750947779
0.001	3225.457136089991	0.3225457136089989	0.02582021639908741
0.0011220184543019641	3309.5717550931213	0.33095717550931203	0.026493565190700997
0.0012589254117941688	3407.6130755817803	0.340761307558178	0.02727839909307869
0.0014125375446227555	3522.232958632114	0.35222329586321127	0.028195946609331
0.001584893192461114	3639.1166219927054	0.3639116621992704	0.029131615990182557
0.0017782794100389247	3741.457980324097	0.3741457980324095	0.029950872271447656
0.0019952623149688807	3850.6153971739855	0.3850615397173985	0.030824692014110925
0.00223872113856834	3786.5092775357575	0.3786509277535755	0.03031151393989495
0.002511886431509582	3584.75429043212	0.35847542904321184	0.028696438244632107
0.002818382931264455	3505.9076498639347	0.3505907649863932	0.02806526032599466
0.0031622776601683824	3478.229032483503	0.3478229032483501	0.027843689286530575
0.0035481338923357567	3474.898677820007	0.3474898677820004	0.027817029351374388
0.003981071705534978	3503.74769134294	0.3503747691342938	0.0280479695687246
0.004466835921509635	3557.3488742126815	0.3557348874212681	0.02847705421705495
0.005011872336272725	3444.640565166087	0.3444640565166086	0.027574809106742895
0.005623413251903496	3379.7270619087594	0.3379727061908758	0.027055167818513314
0.006309573444801936	3362.0417895140163	0.3362041789514013	0.026913594844189866
0.007079457843841388	3366.863696183433	0.3366863696183432	0.026952194852935124
0.00794328234724282	3393.534951784858	0.3393534951784856	0.027165701826430036
0.008912509381337459	3431.41360654691	0.3431413606546909	0.02746892553134902
0.01000000000000001	3483.676733526881	0.3483676733526881	0.027887298863059653
0.01122018454301964	3540.0638939033474	0.35400638939033474	0.028338685634491177
0.012589254117941687	3610.13241454407	0.361013241454407	0.02889959352734897
0.014125375446227554	3690.4518111062503	0.36904518111062495	0.02954256105498246
0.01584893192461114	3774.588044367446	0.37745880443674446	0.030216082871626932
0.017782794100389247	3841.445475105902	0.3841445475105901	0.03075128555971677
0.01995262314968881	3931.892537947434	0.39318925379474323	0.03147532641243796
0.022387211385683423	4056.307515815454	0.4056307515815451	0.03247128497468197
0.025118864315095822	4182.010368749752	0.4182010368749747	0.03347755314933232
0.02818382931264455	4283.986948262336	0.4283986948262334	0.03429388932729362
0.031622776601683826	4393.583327311055	0.43935833273110514	0.03517122302115406
0.035481338923357565	4504.697217533185	0.4504697217533182	0.03606070459521635
0.039810717055349776	4634.749126627189	0.46347491266271873	0.03710178754694714
0.04466835921509635	4781.243494064813	0.4781243494064808	0.038274494580056904
0.05011872336272725	4932.802055156462	0.493280205515646	0.03948774116167619
0.05623413251903497	5071.517979938418	0.5071517979938417	0.04059818071946598
0.06309573444801936	5216.081238698789	0.5216081238698786	0.04175542896895748
0.07079457843841387	5345.21905669107	0.5345219056691066	0.04278919449898361
0.07943282347242822	5482.268952297147	0.5482268952297145	0.04388629727006895
0.08912509381337459	5625.5862026374025	0.56255862026374	0.045033571055264385
0.1000000000000001	5611.214996896741	0.5611214996896738	0.044918527628400075
0.11220184543019641	5606.331875545584	0.5606331875545584	0.04487943758792826
0.12589254117941687	5608.526770970336	0.560852677097033	0.044897008019792385
0.14125375446227553	5563.054333004981	0.556305433300498	0.04453299506320331
0.15848931924611143	5571.078897184288	0.5571078897184286	0.044597232774286094
0.1778279410038923	5691.935823669819	0.5691935823669814	0.04556470865864023
0.19952623149688828	5538.576535899421	0.5538576535899419	0.04433704701876437
0.22387211385683423	5512.430610086203	0.5512430610086203	0.044127745380587856
0.25118864315095824	5504.012463514341	0.5504012463514338	0.04406035698973538
0.2818382931264455	5573.030152342321	0.557303015234232	0.04461285283318151
0.31622776601683794	5622.645168955483	0.5622645168955483	0.045010027686712216
0.354813389233576	5614.268766799835	0.5614268766799833	0.04494297346550287
0.39810717055349776	5587.4407631270515	0.558744076312705	0.04472821170270157
0.4466835921509635	5582.130567033254	0.558213056703325	0.044685702871711565
0.5011872336272725	5509.6267962383845	0.5509626796238378	0.044105300475187174
0.5623413251903491	5341.753176080851	0.5341753176080848	0.04276144966047128
0.6309573444801942	5104.722937920436	0.5104722937920435	0.040863990855655744
0.7079457843841388	4789.664723161249	0.4789664723161248	0.038341907646931496
0.7943282347242822	4464.164373128608	0.4464164373128604	0.0357362337467011
0.8912509381337459	4174.511255750814	0.4174511255750811	0.03341752174532846
1.000000000000002	3885.9928623350447	0.3885992862335043	0.031107893361259208
1.1220184543019653	3582.2282923994976	0.3582228292399497	0.028676217292043338
1.2589254117941688	3272.5146337967512	0.3272514633796752	0.026196917971212784
1.4125375446227555	2903.057473421273	0.29030574734212705	0.023239363916517982
1.584893192461114	2600.767819140817	0.2600767819140816	0.020819494744674528
1.7782794100389265	2338.4786330458974	0.2338478633045896	0.018719834678405278
1.9952623149688828	2087.5383163276606	0.20875383163276598	0.016711023831588425
2.2387211385683425	1866.7502739701172	0.1866750273970115	0.014943585979689587
2.5118864315095824	1669.2072585657709	0.16692072585657697	0.013362227682040161
2.818382931264455	1493.0265268455098	0.14930265268455087	0.011951877326592189
3.1622776601683857	1334.8397121359628	0.1334839712135963	0.010685570686959054
3.5481338923357604	1192.5001061406106	0.11925001061406106	0.009546123075692367
3.9810717055349776	1064.1241877288473	0.10641241877288465	0.008518456653858744
4.4668359215096345	931.516427060633	0.09315164270606327	0.007456913767940153
5.011872336272725	817.3479471735112	0.08173479471735108	0.006542979794471253
5.623413251903503	718.7606219053222	0.07187606219053218	0.005753775050700372
6.309573444801943	632.4730791521789	0.06324730791521785	0.005063031713421837
7.0794578438413875	556.5788130351211	0.05565788130351211	0.004455487947713063
7.943282347242821	489.6598736184711	0.04896598736184709	0.0039197928744156675
8.91250938133746	430.60722733159616	0.04306072273315958	0.0034470685312503967
10.000000000000021	378.43144168399556	0.03784314416839953	0.0030293943786040673
11.220184543019652	332.3565713853365	0.03323565713853364	0.002660558870495778
12.589254117941687	291.64719168373864	0.02916471916837386	0.0023346748332823478
14.125375446227554	255.707925742995	0.025570792574299485	0.002046976195643883
15.848931924611142	223.99862799029393	0.022399862799029373	0.0017931390199217646
17.782794100389264	196.07843354909164	0.01960784335490916	0.0015696341237288647
19.95262314968883	171.49296424885526	0.017149296424885524	0.0013728241489496776
22.387211385683422	149.86400464756932	0.01498640046475693	0.0011996814303118742
25.11886431509582	130.85619353324097	0.013085619353324092	0.00104752135639445
28.18382931264455	114.18158658564475	0.01141815865856447	0.0009140388943461159
31.622776601683857	99.56169710112344	0.00995616971011234	0.0007970047208029858
35.481338923357605	86.75705898055563	0.008675705898055563	0.0006945018775669875
39.81071705534978	75.55322979603704	0.007555322979603706	0.0006048137242798652
44.668359215096345	65.76184924951933	0.006576184924951927	0.0005264324115263574
50.11872336272725	57.21148785853393	0.005721148785853392	0.0004579856233376693
56.23413251903502	49.75073412526567	0.004975073412526567	0.000398261290393407
63.09573444801943	43.24607661611406	0.004324607661611405	0.0003461906357847891
70.79457843841388	37.578144119292226	0.003757814411929222	0.00030081807697262435
79.43282347242821	32.64251602409287	0.003264251602409286	0.0002613077129818789
89.12509381337459	28.344083914646454	0.002834408391464645	0.00022689818820449063
100.0000000000002	24.60521507382935	0.0024605215073829354	0.00019696804234159142
112.20184543019653	20.83713205591901	0.0020837132055919003	0.00016680403307805088
125.89254117941688	18.078488314130194	0.001807848831413018	0.00014472072042633738
141.25375446227554	15.683254843998716	0.001568325484399871	0.00012554655567519675
158.48931924611142	13.604327558915763	0.0013604327558915752	0.00010890446430210227
177.82794100389265	11.697462730450827	0.0011697462730450821	0.00009363975594065168
199.5262314968883	10.012144481575572	0.001001214448157557	0.00008014855762324336
223.87211385683423	8.600595704378753	0.0008600595704378754	0.00006884892059589452
251.18864315095823	7.401251328340319	0.0007401251328340321	0.00005924800822293378
281.8382931264455	6.37835431520287	0.0006378354315202872	0.000051059580623735886
316.2277660168386	5.503161036718019	0.0005503161036718016	0.000044053541204188886
354.81338923357606	4.751590810977621	0.000475159081097762	0.00003803712088019962
398.1071705534977	4.105430373882904	0.00041054303738829003	0.000032864520033133494
446.6835921509635	3.54831094464841	0.0003548310944648408	0.00002840470438033316
501.18723362727246	3.068061716831934	0.00030680617168319323	0.000024560244986044667
562.3413251903502	2.6536453455555917	0.000265364534555559	0.000021242786426154752
630.9573444801943	2.296048978238301	0.00022960489782383004	0.000018380179608550973
707.9457843841387	1.9872549590774682	0.00019872549590774672	0.000015908242124631418
794.3282347242822	1.7204172223802876	0.00017204172223802866	0.0000137721703015484
891.2509381337459	1.4892086117543923	0.0001489208611754392	0.000011921314404908016
1000.000000000002	1.2891312619479982	0.00012891312619479979	0.000010319668420915974
1122.0184543019652	1.1158375070319142	0.00011158375070319143	8.932428701473345e-6
1258.9254117941687	0.9659471608534388	0.00009659471608534382	7.73253640367832e-6
1412.5375446227554	0.8363856312139817	0.0000836385631213981	6.695379005163688e-6
1584.893192461114	0.7242996358802216	0.00007242996358802206	5.798115599476921e-6
1778.2794100389265	0.6270838161312158	0.00006270838161312159	5.019889941089514e-6
1995.2623149688789	0.5428167325411963	0.000054281673254119654	4.3453206500364435e-6
2238.721138568342	0.46971873935771097	0.00004697187393577106	3.7601614236997428e-6
2511.8864315095875	0.40611058921671395	0.000040611058921671376	3.25096966200821e-6
2818.382931264455	0.3503184525334941	0.00003503184525334941	2.80434613493989e-6
3162.277660168386	0.30163068718208597	0.000030163068718208565	2.414594051957541e-6
3548.133892335753	0.2591292259379123	0.000025912922593791225	2.0743641619605255e-6
3981.0717055349774	0.2223716227195859	0.000022237162271958587	1.780114624805151e-6
4466.835921509644	0.19128537598476655	0.000019128537598476658	1.5312650559339729e-6
5011.872336272725	0.16424348719636478	0.000016424348719636477	1.314791114133895e-6
5623.413251903502	0.13948853680687728	0.000013948853680687717	1.1166244205345886e-6
6309.57344480193	0.11798635401205748	0.000011798635401205741	9.444965672133063e-7
7079.457843841388	0.10094679867639718	0.000010094679867639715	8.080926444365449e-7
7943.282347242838	0.08598771023963644	8.598771023963645e-6	6.883431378476992e-7
8912.509381337459	0.0701869157270046	7.018691572700459e-6	5.618556613815774e-7
10000.00000000002	0.05667428653159591	5.6674286531595884e-6	4.536852547616257e-7
11220.18454301963	0.04936322463734426	4.936322463734421e-6	3.95159225038739e-7
12589.254117941688	0.04390539696973272	4.390539696973269e-6	3.514685835262969e-7
14125.375446227583	0.036756555297389144	3.675655529738912e-6	2.942411484079109e-7
15848.93192461114	0.030390458289038923	3.0390458289038907e-6	2.4327968916730063e-7
17782.794100389263	0.026714278112685043	2.6714278112685037e-6	2.1385137446008448e-7
19952.62314968879	0.02374584112649473	2.3745841126494727e-6	1.900886387867774e-7
22387.211385683422	0.019934978618951084	1.993497861895107e-6	1.5958217397874503e-7
25118.864315095874	0.01652728812772716	1.6527288127727153e-6	1.323031551630818e-7
28183.82931264455	0.01462222352683443	1.4622223526834429e-6	1.1705285786447306e-7
31622.776601683858	0.012985166078682848	1.2985166078682845e-6	1.0394799372101346e-7
35481.33892335753	0.01055741425731008	1.0557414257310074e-6	8.451351521260811e-8
39810.71705534977	0.008284411649668137	8.284411649668137e-7	6.631782488756164e-8
44668.35921509644	0.0069888966383641685	6.988896638364163e-7	5.594705369799792e-8
50118.72336272725	0.006218125467922886	6.218125467922884e-7	4.977692723986214e-8
56234.132519035025	0.005904966688323856	5.904966688323855e-7	4.7270049264009395e-8
63095.73444801956	0.00553033169211973	5.530331692119728e-7	4.427104593997577e-8
70794.57843841388	0.004535701276730194	4.5357012767301923e-7	3.6308896241839e-8
79432.82347242838	0.003550469667688213	3.5504696676882115e-7	2.84219852474108e-8
89125.0938133746	0.002902049693519037	2.9020496935190356e-7	2.323129650341639e-8
100000.0000000002	0.0029133689264616513	2.913368926461649e-7	2.3321908479244484e-8