0.00001584893192461114	764857.9980137816	573562.5836721497	430111.2601855073	322537.9433817972	241869.3360320092	181376.41450548964
0.00001778279410038923	852562.2111643049	639331.4652477866	479430.9636333493	359522.5034033279	269603.8434268638	202174.36099957922
0.000019952623149688786	974869.8319704212	731049.2418475231	548209.5931983396	411099.199439936	308280.90912121645	231178.06859774532
0.000022387211385683423	1.123267691642529e6	842331.937492967	631659.8422617641	473678.0579799494	355208.43276700727	266368.74683803576
0.000025118864315095822	1.2917145948958278e6	968649.2948226003	726384.4970614348	544711.5280952383	408476.0206752524	306313.8025555364
0.00002818382931264455	1.4737188094184857e6	1.1051332013672434e6	828732.9882463347	621462.0689687086	466030.8068394017	349473.80341939966
0.000031622776601683795	1.6783755505478512e6	1.2586041064410063e6	943819.9312621604	707765.1011060504	530748.9508870274	398005.5648794579
0.000035481338923357534	1.906714466619681e6	1.4298341373685212e6	1.0722243399185212e6	804054.8236102137	602956.0562111284	452153.25503466
0.000039810717055349776	2.170245046587746e6	1.6274541932685967e6	1.2204184754859437e6	915184.7477292528	686291.7427915512	514646.2038320635
0.00004466835921509635	2.478036184042822e6	1.8582649849300082e6	1.3935021516042762e6	1.0449791941803647e6	783623.8465887515	587634.9848517295
0.00005011872336272725	2.825477571626273e6	2.1188092695612716e6	1.5888828019239279e6	1.1914940124706808e6	893494.4604060567	670026.3219291291
0.00005623413251903491	3.205918849531339e6	2.4040999808533206e6	1.8028206542981726e6	1.3519247691231489e6	1.0138005558185667e6	760243.1662263683
0.00006309573444801943	3.6426024706709683e6	2.731566499656256e6	2.0483859004987518e6	1.5360727252622624e6	1.1518920417876944e6	863797.1719127314
0.00007079457843841388	4.148063630721128e6	3.1106088966203365e6	2.33262759907361e6	1.7492239290743691e6	1.311732895238636e6	983660.90233035
0.00007943282347242822	4.725826370383644e6	3.543869829461312e6	2.657527463741035e6	1.9928644562013699e6	1.4944375156898813e6	1.1206700392250228e6
0.00008912509381337459	5.375914218814295e6	4.031366942556852e6	3.0230987259176704e6	2.2670042288059862e6	1.7000133437137986e6	1.2748301622388836e6
0.0001	6.118891907173071e6	4.588521608720313e6	3.4409057837762074e6	2.580315322112333e6	1.934963518303849e6	1.4510179376456118e6
0.00011220184543019641	6.962533668224706e6	5.221163680083969e6	3.9153204096719036e6	2.936076102894139e6	2.201746467719719e6	1.6510769265612059e6
0.00012589254117941674	7.927959206454099e6	5.9451307007438615e6	4.458219086212426e6	3.3431926766861314e6	2.5070408289296026e6	1.8800154001743493e6
0.00014125375446227554	9.02286317636194e6	6.766192847552869e6	5.073928835606576e6	3.804909852386341e6	2.8532798653365267e6	2.1396580486207507e6
0.00015848931924611142	1.0276448493953994e7	7.706249218119337e6	5.778871664340456e6	4.333542397564319e6	3.2496983498301706e6	2.436929974614882e6
0.00017782794100389227	1.1703232558221744e7	8.77618632588155e6	6.581211305801255e6	4.935212248613651e6	3.7008870870619854e6	2.775273795981043e6
0.0001995262314968881	1.3328838498083424e7	9.995218806840267e6	7.4953567042603735e6	5.6207245894060545e6	4.214948821848147e6	3.1607657141365814e6
0.00022387211385683424	1.5156523461360026e7	1.1365789177285392e7	8.523139488539813e6	6.3914529477887945e6	4.792913554767673e6	3.594178120551314e6
0.0002511886431509582	1.725054940405574e7	1.2936087105904846e7	9.700696812138293e6	7.274496365912319e6	5.455102700607642e6	4.0907499264995116e6
0.0002818382931264455	1.964444419048188e7	1.4731254943996962e7	1.104688277870343e7	8.283993426924132e6	6.2121187009985335e6	4.658431841564658e6
0.00031622776601683794	2.237385973026507e7	1.67780278521424e7	1.2581745930340244e7	9.434978416454341e6	7.075235679675815e6	5.305678265851276e6
0.0003548133892335757	2.5441474486370157e7	1.9078414394208398e7	1.430679247746185e7	1.0728580832969777e7	8.045300640999214e6	6.033124363024006e6
0.00039810717055349773	2.8955986024993684e7	2.1713926245654278e7	1.6283147553488176e7	1.2210638060066726e7	9.156686773498531e6	6.866546388117636e6
0.0004466835921509635	3.2969271547617376e7	2.472346581946756e7	1.8539983852647625e7	1.3903026532217687e7	1.0425799088705538e7	7.818246364283878e6
0.0005011872336272725	3.755428447122918e7	2.816174046059853e7	2.1118326096126363e7	1.5836510450279647e7	1.1875707482697628e7	8.90552427300107e6
0.0005623413251903491	4.2740513372110866e7	3.205086348164233e7	2.4034756928988654e7	1.802352504376171e7	1.3515737062075404e7	1.0135372957710408e7
0.0006309573444801936	4.865218989470855e7	3.648399547338496e7	2.7359136938802917e7	2.0516458362742e7	1.5385173322230661e7	1.1537252383916955e7
0.0007079457843841388	5.531885819224256e7	4.148329142524598e7	3.1108080023842677e7	2.332776907333027e7	1.7493358944735117e7	1.3118168574430985e7
0.0007943282347242822	6.295994670935783e7	4.721329945722745e7	3.5404979866454035e7	2.654998938338607e7	1.9909683296439394e7	1.4930156213643022e7
0.0008912509381337459	7.168907842145443e7	5.3759224780628994e7	4.031373136119554e7	3.0231033704344757e7	2.2670077117022436e7	1.7000159555175338e7
0.001	8.164698161145237e7	6.122659871990162e7	4.591347183717618e7	3.443024666104721e7	2.5819042597007424e7	1.936155053400388e7
0.0011220184543019641	9.28416153211207e7	6.962138971437982e7	5.2208676992491625e7	3.915098455357808e7	2.9359096606392626e7	2.201621653636599e7
0.0012589254117941688	1.0568657607351118e8	7.925375140170011e7	5.943192924400892e7	4.456765958953852e7	3.3421029849695038e7	2.5062236754213467e7
0.0014125375446227555	1.2040058402734119e8	9.028770076234895e7	6.770622397562702e7	5.0772505295089e7	3.807400771408869e7	2.855147791087436e7
0.001584893192461114	1.3718233023891014e8	1.0287223506889135e8	7.714329337924883e7	5.784930899393346e7	4.338086182843466e7	3.2531057080994528e7
0.0017782794100389247	1.5605289361125398e8	1.1702316126865315e8	8.775499099314111e7	6.580695958577835e7	4.934825792715012e7	3.7005972860214345e7
0.0019952623149688807	1.7763674860231918e8	1.3320876914152436e8	9.989248461153306e7	7.49087957660201e7	5.617367217300606e7	4.212431147947695e7
0.00223872113856834	2.0253702401341033e8	1.5188134148308495e8	1.1389493848381071e8	8.540915484128591e7	6.40478306394594e7	4.802909731683644e7
0.002511886431509582	2.365009015586528e8	1.7735065658073887e8	1.329942303912051e8	9.973160324499123e7	7.478815176086086e7	5.6083201932146475e7
0.002818382931264455	2.767277637441809e8	2.0751654759328118e8	1.5561545738086453e8	1.1669513037253186e8	8.750900252365765e7	6.562249425695013e7
0.0031622776601683824	3.2271617661958015e8	2.420029921049332e8	1.814766424206174e8	1.360882832803177e8	1.0205181558990511e8	7.652806556273349e7
0.0035481338923357567	3.7426687631526756e8	2.8066056329376566e8	2.1046573120198005e8	1.5782703309128603e8	1.1835357819127725e8	8.875266293941486e7
0.003981071705534978	4.3297108208254784e8	3.246825072621101e8	2.4347753206739938e8	1.8258239139990014e8	1.3691747803685707e8	1.0267362393624282e8
0.004466835921509635	4.9987274537648505e8	3.7485167716094315e8	2.810991020615505e8	2.107945888845097e8	1.580736415631095e8	1.1853850845627002e8
0.005011872336272725	5.790068194719491e8	4.3419386108601725e8	3.2559946215610504e8	2.4416515123262528e8	1.8309803303012905e8	1.3730415470945647e8
0.005623413251903496	6.748350830456334e8	5.060549210303075e8	3.794876548848208e8	2.845755949112805e8	2.1340159074130794e8	1.6002861715924144e8
0.006309573444801936	7.849113147154148e8	5.886004497446142e8	4.4138806887396544e8	3.309943569170218e8	2.4821075157379478e8	1.8613180529924542e8
0.007079457843841388	9.093689604158473e8	6.819305175625192e8	5.1137574628721774e8	3.8347771093384767e8	2.875677148373577e8	2.156453641475015e8
0.00794328234724282	1.0499948285255841e9	7.873850417403606e8	5.904554833160905e8	4.427791478073325e8	3.3203751895387834e8	2.4899301274462894e8
0.008912509381337459	1.2074258253213706e9	9.054416346069571e8	6.789854386802704e8	5.0916724868739206e8	3.818215713724138e8	2.8632578537039214e8
0.01000000000000001	1.3858289610400498e9	1.0392251130091469e9	7.793088944384263e8	5.843992272206539e8	4.3823759643113047e8	3.286318358754784e8
0.01122018454301964	1.5868390235946963e9	1.189961394936431e9	8.92345159392001e8	6.691644677539089e8	5.018025594596911e8	3.762988335670277e8
0.012589254117941687	1.8157493894487767e9	1.3616199527465796e9	1.0210709178761922e9	7.656951686331321e8	5.741903730718241e8	4.3058203582100326e8
0.014125375446227554	2.0760063122798998e9	1.5567851121163228e9	1.1674241407510085e9	8.754446029840991e8	6.564908383691268e8	4.922986781728174e8
0.01584893192461114	2.370313398748251e9	1.7774842920244458e9	1.3329251777685318e9	9.99552872282056e8	7.495589108459376e8	5.620898867969112e8
0.017782794100389247	2.6967624077935023e9	2.0222865135497983e9	1.5165009461221147e9	1.1372152779441643e9	8.527911516947281e8	6.395031464258325e8
0.01995262314968881	3.072083901277343e9	2.303737928151339e9	1.7275597321402383e9	1.2954870394078932e9	9.714782291172262e8	7.285058985075567e8
0.022387211385683423	3.5067945606189027e9	2.629724934326669e9	1.9720155003887417e9	1.4788030044553626e9	1.1089458097845142e9	8.315920412208984e8
0.025118864315095822	4.0012711494433804e9	3.0005300649366097e9	2.250080120623902e9	1.6873220529899373e9	1.2653130368161056e9	9.488509193012619e8
0.02818382931264455	4.5536335256504345e9	3.414743412307396e9	2.5606963112454667e9	1.920251335661955e9	1.439985357075814e9	1.0798366807946815e9
0.031622776601683826	5.183118253752619e9	3.8867903647744393e9	2.914681587433536e9	2.1857028444643383e9	1.639045906385285e9	1.2291110340283914e9
0.035481338923357565	5.894368119681266e9	4.420152520622816e9	3.314646779581309e9	2.485634425990496e9	1.863962862567676e9	1.3977749570502481e9
0.039810717055349776	6.713764536993974e9	5.034613149113377e9	3.7754272467491617e9	2.8311710300931726e9	2.123078761096675e9	1.5920844689031208e9
0.04466835921509635	7.658673871294316e9	5.74319518724939e9	4.306788813984346e9	3.229635992424657e9	2.4218853289709296e9	1.8161577838625298e9
0.05011872336272725	8.732957992802422e9	6.548794629146123e9	4.910903170504165e9	3.682657850153471e9	2.7616037967827992e9	2.070910695677945e9
0.05623413251903497	9.934063230897022e9	7.449496491992145e9	5.586334281787353e9	4.189159729307719e9	3.1414266229765763e9	2.3557376336129465e9
0.06309573444801936	1.1301676803984558e10	8.475061991054956e9	6.355399910825706e9	4.765877591120202e9	3.5739040079683537e9	2.6800499202855234e9
0.07079457843841387	1.2806244869426907e10	9.603328870876709e9	7.201480710585634e9	5.400348683487548e9	4.049690206123463e9	3.036839235162344e9
0.07943282347242822	1.4538090890234964e10	1.0902030173336126e10	8.175369296952473e9	6.130662094939009e9	4.597348004368746e9	3.447524646762244e9
0.08912509381337459	1.6539621251850018e10	1.2402966201314352e10	9.300912532911798e9	6.974700449938222e9	5.230287479237147e9	3.9221622938239837e9
0.1000000000000001	1.889104560934223e10	1.4166285710681053e10	1.0623215622188837e10	7.966287879569489e9	5.973873150764489e9	4.479772883044924e9
0.11220184543019641	2.180063385138332e10	1.6348169084929468e10	1.225939732997648e10	9.193251067655132e9	6.893965740574001e9	5.169744988192779e9
0.12589254117941687	2.5120228019492615e10	1.8837513528928417e10	1.4126142313565214e10	1.0593112321148735e10	7.943713588437726e9	5.956944820564995e9
0.14125375446227553	2.8730583531005245e10	2.1544898220643257e10	1.6156394416317505e10	1.2115586616487719e10	9.085408246369944e9	6.813095033374163e9
0.15848931924611143	3.280244171178125e10	2.4598361091630165e10	1.844616854168225e10	1.383267497377803e10	1.0373042862414124e10	7.778684775681713e9
0.1778279410038923	3.74784276636996e10	2.810485587989365e10	2.107566867845547e10	1.5804521899783169e10	1.1851719453915382e10	8.88753578912396e9
0.19952623149688828	4.3582663762083725e10	3.268238718247005e10	2.4508332895295567e10	1.8378656918574284e10	1.3782048398546732e10	1.0335078286809841e10
0.22387211385683423	4.937620480541237e10	3.702693006239211e10	2.776628044314567e10	2.0821772919015957e10	1.5614126940005411e10	1.1708943376091957e10
0.25118864315095824	5.5893367386368935e10	4.191411254312961e10	3.143115028540174e10	2.357003759168093e10	1.7675034703749832e10	1.3254406174092203e10
0.2818382931264455	6.333982632240784e10	4.74981689792971e10	3.5618601871469376e10	2.671018328793306e10	2.0029811777829536e10	1.502023986621339e10
0.31622776601683794	7.161104360315999e10	5.370070692226367e10	4.026984915806485e10	3.0198126694324303e10	2.2645400340761654e10	1.6981654583552383e10
0.354813389233576	8.07377002079198e10	6.054473386073887e10	4.540214532774274e10	3.40468058725449e10	2.5531502570087673e10	1.9145925932865456e10
0.39810717055349776	9.067782796985098e10	6.7998778109435844e10	5.09918899459485e10	3.823852299338465e10	2.8674846966165115e10	2.1503101693421562e10
0.4466835921509635	1.0150601406373572e11	7.611877215881422e10	5.708102646339135e10	4.280473120764984e10	3.2099020064648876e10	2.407086927172651e10
0.5011872336272725	1.1304895370803474e11	8.477475575674812e10	6.3572098439558685e10	4.767234849493791e10	3.574921808163276e10	2.680813162757953e10
0.5623413251903491	1.2517354081632158e11	9.386691341979936e10	7.039025482141853e10	5.278524448401772e10	3.958334917676285e10	2.96833243336391e10
0.6309573444801942	1.379570408012756e11	1.0345318603351793e11	7.757894514352838e10	5.8176001729252174e10	4.362584681888115e10	3.2714769906703712e10
0.7079457843841388	1.514921996359261e11	1.1360312326601735e11	8.51903242992676e10	6.388373088317477e10	4.790603985984573e10	3.5924461882948135e10
0.7943282347242822	1.6553316542617767e11	1.2413236220556213e11	9.308613960871002e10	6.98047570616842e10	5.234618310441584e10	3.925409959065788e10
0.8912509381337459	1.7972482443456165e11	1.3477460511677003e11	1.0106669594213423e11	7.578933004337047e10	5.683397972870985e10	4.2619472291877686e10
1.000000000000002	1.942299830861388e11	1.4565193959503632e11	1.0922354608035835e11	8.190610472841739e10	6.142091364481788e10	4.605918747415775e10
1.1220184543019653	2.0891044383476752e11	1.5666073210076538e11	1.1747897583214714e11	8.809680369483467e10	6.606328295145463e10	4.954047333478737e10
1.2589254117941688	2.2412165530709302e11	1.680675315007937e11	1.2603286864924533e11	9.451131838562706e10	7.08734903737578e10	5.3147620026460526e10
1.4125375446227555	2.4155165750728513e11	1.8113818921936972e11	1.3583447918457205e11	1.0186148936820058e11	7.638534103119313e10	5.728092491717657e10
1.584893192461114	2.6050609875874426e11	1.9535201495497116e11	1.464933447961602e11	1.0985451096838338e11	8.237926164423946e10	6.1775731276098434e10
1.7782794100389265	2.805416461347887e11	2.1037655591307297e11	1.57760161058519e11	1.18303431241139e11	8.871505803189049e10	6.652690829870745e10
1.9952623149688828	3.019955587676018e11	2.2646472076394394e11	1.6982458271897318e11	1.273504711832586e11	9.549938089608542e10	7.1614432728809e10
2.2387211385683425	3.245937858515773e11	2.43411000395397e11	1.8253249968432834e11	1.3688006452825613e11	1.0264556776279216e11	7.697331687896004e10
2.5118864315095824	3.481691086877371e11	2.6108999847337646e11	1.9578987796980472e11	1.4682169573546472e11	1.1010073943639673e11	8.256390694657545e10
2.818382931264455	3.72689141312786e11	2.794774289515435e11	2.0957850560988535e11	1.571617077574026e11	1.1785465457607596e11	8.837852300947617e10
3.1622776601683857	3.981599914794826e11	2.98577871998324e11	2.2390181724635034e11	1.6790267621205188e11	1.2590924462284001e11	9.441861344409137e10
3.5481338923357604	4.245991505040612e11	3.1840444425047546e11	2.3876964896915027e11	1.7905197712630896e11	1.3427004081654643e11	1.0068832609516068e11
3.9810717055349776	4.5204077865372705e11	3.389827622945643e11	2.542012105082141e11	1.906240157654104e11	1.4294784558218002e11	1.0719576163862688e11
4.4668359215096345	4.8142606308515295e11	3.610186169292778e11	2.707257702964775e11	2.0301568746239706e11	1.522402884316992e11	1.141641107220341e11
5.011872336272725	5.136999145187329e11	3.852205912321754e11	2.888746906806333e11	2.1662545776411124e11	1.6244617637129953e11	1.2181744698903635e11
5.623413251903503	5.475013668662518e11	4.105681046146067e11	3.078826441870955e11	2.308794120298678e11	1.7313513413528e11	1.2983303452004448e11
6.309573444801943	5.824818895456411e11	4.3679979601130334e11	3.2755363766647437e11	2.4563057613187048e11	1.841969466762846e11	1.3812822368926498e11
7.0794578438413875	6.185373020431359e11	4.638375410582678e11	3.478290861106002e11	2.6083501751173926e11	1.9559866922318298e11	1.4667830940359937e11
7.943282347242821	6.556583033067952e11	4.916743649505087e11	3.687037591535991e11	2.7648881394839233e11	2.073373605250982e11	1.5548108603604688e11
8.91250938133746	6.939106519584702e11	5.203595796977658e11	3.902146355860251e11	2.926196956227347e11	2.1943381528411453e11	1.6455214741328525e11
10.000000000000021	7.333290257721545e11	5.499191899619498e11	4.12381216153261e11	3.0924228603080615e11	2.3189899957523257e11	1.7389971693145654e11
11.220184543019652	7.740140472035208e11	5.804286519398982e11	4.352600850203731e11	3.263990173103302e11	2.4476473301282068e11	1.835476559351188e11
12.589254117941687	8.160071859151307e11	6.119190634914292e11	4.588745622923621e11	3.441073770730077e11	2.580441294556283e11	1.9350579843101028e11
14.125375446227554	8.594061962770177e11	6.444637300525675e11	4.832796192912153e11	3.6240858799487616e11	2.7176810154970935e11	2.037973256334019e11
15.848931924611142	9.042697603911539e11	6.781066569917736e11	5.0850825538792084e11	3.8132739611315137e11	2.8595520620507587e11	2.1443615326165475e11
17.782794100389264	9.507262918803038e11	7.12944140941158e11	5.3463268286927655e11	4.009179530035458e11	3.0064605137478064e11	2.25452732984616e11
19.95262314968883	9.988260908717102e11	7.490139016748687e11	5.616811875754934e11	4.212014700538395e11	3.15856543355692e11	2.368589928421992e11
22.387211385683422	1.0486838080868856e12	7.864019151050638e11	5.897182423452408e11	4.4222629507241e11	3.316229378893461e11	2.4868212080503735e11
25.11886431509582	1.100370312147324e12	8.251613252006249e11	6.187836995330441e11	4.64022313109144e11	3.479676456015988e11	2.6093892247168713e11
28.18382931264455	1.1540199467736865e12	8.653928755397363e11	6.489531061648109e11	4.866461764413022e11	3.649331497071131e11	2.736612557588183e11
31.622776601683857	1.209707545269128e12	9.071526831830989e11	6.802685440994056e11	5.101294420111646e11	3.825431145741692e11	2.868668664391717e11
35.481338923357605	1.2675556503763943e12	9.505326422238932e11	7.127989241851765e11	5.3452378566486804e11	4.008362916205473e11	3.00584813976544e11
39.81071705534978	1.327664084939709e12	9.956076092349617e11	7.466003809326282e11	5.598713023467834e11	4.1984424760127344e11	3.148387700977368e11
44.668359215096345	1.3901645583246514e12	1.0424763523068671e12	7.817469799609408e11	5.862275334358448e11	4.3960863267478876e11	3.296599680153826e11
50.11872336272725	1.4551730415566423e12	1.091225837440023e12	8.183039365702332e11	6.13641383507971e11	4.601661200993842e11	3.4507590879351166e11
56.23413251903502	1.522813399231265e12	1.1419489499773987e12	8.563409049413295e11	6.42165085830018e11	4.8155587929941003e11	3.6111596535662665e11
63.09573444801943	1.5932256894291096e12	1.1947507186625989e12	8.959366455208729e11	6.718577024048478e11	5.038222005288037e11	3.7781335070968524e11
70.79457843841388	1.6665273816952803e12	1.24971923322727e12	9.371572162885265e11	7.027687697288899e11	5.270022309193887e11	3.951959212717352e11
79.43282347242821	1.7428807900178792e12	1.306976211991183e12	9.800938931074567e11	7.349667350433846e11	5.511472986610154e11	4.133021677551211e11
89.12509381337459	1.8223757154714468e12	1.366588996260129e12	1.024797174832924e12	7.6848946714747e11	5.762858013468723e11	4.321533853505335e11
100.0000000000002	1.9052412833413003e12	1.4287294057587776e12	1.071395908081508e12	8.034335873728109e11	6.024901947540725e11	4.518039082256626e11
112.20184543019653	1.991543433817353e12	1.493446888653708e12	1.1199271737469883e12	8.398269024669296e11	6.297813310015637e11	4.722693732637593e11
125.89254117941688	2.0815549579891196e12	1.5609460094033042e12	1.170544373532143e12	8.777844474784412e11	6.582454742061724e11	4.9361446942650494e11
141.25375446227554	2.1754839755854548e12	1.6313828357870825e12	1.2233645417610938e12	9.173939857692974e11	6.879484376048176e11	5.158885496791629e11
158.48931924611142	2.273492033228567e12	1.7048785106815737e12	1.2784785227754534e12	9.587236409852247e11	7.189413067249482e11	5.3912992276294775e11
177.82794100389265	2.3764873183270513e12	1.7821140785654724e12	1.3363970278860928e12	1.0021563925808856e12	7.515112756419095e11	5.63553953851915e11
199.5262314968883	2.4927255241171753e12	1.8692804359906812e12	1.4017625745678599e12	1.0511736375273928e12	7.882690237847258e11	5.911183763323138e11
223.87211385683423	2.616143994457828e12	1.961831232223806e12	1.4711658807321887e12	1.1032187749285503e12	8.272973709457659e11	6.203855078681945e11
251.18864315095823	2.744758917199639e12	2.0582788180216306e12	1.543491366826072e12	1.1574552381375088e12	8.679689806408367e11	6.508849124627577e11
281.8382931264455	2.877901424068876e12	2.1581216129388784e12	1.6183629005780845e12	1.2136009677419822e12	9.100723381499772e11	6.824579764523164e11
316.2277660168386	3.0156559148908467e12	2.2614229079158154e12	1.6958279434978335e12	1.2716915548531921e12	9.53634133041396e11	7.151247141895197e11
354.81338923357606	3.1579811683837827e12	2.368151791351942e12	1.7758633151551035e12	1.3317096166007502e12	9.986413300012476e11	7.488753505679976e11
398.1071705534977	3.305398209482383e12	2.478698976828707e12	1.8587620094021304e12	1.3938748673778171e12	1.0452586915806698e12	7.838334400707639e11
446.6835921509635	3.4581814046182876e12	2.5932702101444326e12	1.9446783138216707e12	1.4583030065492751e12	1.0935729800634117e12	8.200640452319897e11
501.18723362727246	3.616819255533949e12	2.7122318159270317e12	2.0338869331309329e12	1.5252000335918342e12	1.1437386732641836e12	8.57683008070397e11
562.3413251903502	3.781365812200331e12	2.835624325936747e12	2.1264182618622148e12	1.5945887411892605e12	1.1957728632845564e12	8.967031458539794e11
630.9573444801943	3.9524701208746396e12	2.963934456203445e12	2.2226372855479043e12	1.6667428298787812e12	1.2498807965724888e12	9.372783717055464e11
707.9457843841387	4.1303064661705537e12	3.097292901749697e12	2.3226420116286167e12	1.741735794872586e12	1.3061175867620142e12	9.794500150201161e11
794.3282347242822	4.3155793749611665e12	3.2362279831979585e12	2.426828624679801e12	1.8198647326896309e12	1.3647060248123118e12	1.0233851454478673e12
891.2509381337459	4.508675209509212e12	3.381029431371755e12	2.5354143921682847e12	1.9012925709451648e12	1.4257682891985967e12	1.0691753839198699e12
1000.000000000002	4.710047950420057e12	3.5320376836982026e12	2.6486546061493022e12	1.9862107516730981e12	1.4894479411935208e12	1.1169283862031694e12
1122.0184543019652	4.919342558397818e12	3.688986498265233e12	2.7663496133547114e12	2.0744695560437764e12	1.555632707513698e12	1.1665599592126921e12
1258.9254117941687	5.137614118799015e12	3.8526670774720483e12	2.889092731882085e12	2.1665139098628608e12	1.6246562354443777e12	1.2183203031156057e12
1412.5375446227554	5.36565416207788e12	4.0236729854227925e12	3.017329072015988e12	2.2626775987552617e12	1.6967688288928364e12	1.2723971193625505e12
1584.893192461114	5.603680076928237e12	4.2021672406401357e12	3.1511808804025825e12	2.363052294773046e12	1.772039232200079e12	1.3288419589367703e12
1778.2794100389265	5.851054628150289e12	4.387671984137767e12	3.2902898133551587e12	2.4673692780606e12	1.8502659339024463e12	1.387503709558553e12
1995.2623149688789	6.108304259216316e12	4.580581992827092e12	3.434951911793556e12	2.5758505479894365e12	1.9316154100431116e12	1.4485072106486667e12
2238.721138568342	6.37551518920964e12	4.780961921899426e12	3.5852156602713486e12	2.6885324628455215e12	2.016114925490182e12	1.5118729079738232e12
2511.8864315095875	6.650695155495748e12	4.987317785141679e12	3.739960727178513e12	2.804574892441968e12	2.1031344714814268e12	1.577128361611397e12
2818.382931264455	6.926459585248793e12	5.194111934153353e12	3.8950344620462007e12	2.920863788238803e12	2.1903388410491392e12	1.642522413378712e12
3162.277660168386	7.208535516351299e12	5.405639041479184e12	4.053657414946686e12	3.0398142220860923e12	2.2795390825888047e12	1.7094131579803633e12
3548.133892335753	7.5097063859434795e12	5.6314853326059795e12	4.2230182408618833e12	3.16681692472766e12	2.374777673869288e12	1.7808320260865786e12
3981.0717055349774	7.818570189866269e12	5.863100510640074e12	4.3967051216631562e12	3.297063710877552e12	2.4724489845872544e12	1.8540751764118923e12
4466.835921509644	8.112704288675317e12	6.083669968104201e12	4.562108880571105e12	3.421099031884445e12	2.5654623535630156e12	1.9238253631973188e12
5011.872336272725	8.400067121585147e12	6.299161692480652e12	4.723704876840073e12	3.542278933737852e12	2.6563344602503613e12	1.9919698297920005e12
5623.413251903502	8.693411845592417e12	6.519139202351932e12	4.888664737675918e12	3.66598137815094e12	2.749098206996006e12	2.0615328263125415e12
6309.57344480193	8.978601244600773e12	6.7330010812313e12	5.049038522244516e12	3.7862447505276626e12	2.8392830135361025e12	2.1291618905067283e12
7079.457843841388	9.224947891237227e12	6.917735005032446e12	5.187569421970259e12	3.890128270045612e12	2.9171846632676885e12	2.1875798865378896e12
7943.282347242838	9.453386584715377e12	7.089039858459181e12	5.316029939585513e12	3.9864600683331406e12	2.9894233209780884e12	2.241751237644868e12
8912.509381337459	9.708078840586191e12	7.280032106298527e12	5.459253920267627e12	4.0938629020842017e12	3.0699640840739053e12	2.302148289505638e12
10000.00000000002	1.0001345477087328e13	7.499951058801133e12	5.624169869271792e12	4.217532417268991e12	3.162703137381931e12	2.3716927685603003e12
11220.18454301963	1.0404092612963148e13	7.801968803819645e12	5.850651227376818e12	4.387369476233702e12	3.290062964429622e12	2.4671991653649473e12
12589.254117941688	1.0850987533165281e13	8.137092716659313e12	6.10195870902412e12	4.575823501482936e12	3.4313835466894155e12	2.5731746516610576e12
14125.375446227583	1.115940206444339e13	8.368370987738753e12	6.275392945251014e12	4.7058808309294795e12	3.5289127849226226e12	2.646311262652745e12
15848.93192461114	1.1445569959837492e13	8.582966635391644e12	6.436316978773865e12	4.826556831810689e12	3.619407019188839e12	2.714172364906955e12
17782.794100389263	1.1942175634856334e13	8.955368355409906e12	6.715578872161008e12	5.035973708548925e12	3.776447522391331e12	2.8319361288891587e12
19952.62314968879	1.2516676484220598e13	9.386183215604748e12	7.03864444111549e12	5.278238707942586e12	3.958120642560569e12	2.9681717496954297e12
22387.211385683422	1.292890779460649e13	9.69531308816866e12	7.270459142482848e12	5.452075210136101e12	4.0884796289260938e12	3.0659271987053853e12
25118.864315095874	1.3329912867199717e13	9.996024470019262e12	7.495960866412973e12	5.621177647105787e12	4.2152885671936685e12	3.161020487203837e12
28183.82931264455	1.4005373769365385e13	1.0502548689183773e13	7.875800445251084e12	5.906017147751766e12	4.428888059317236e12	3.321197509463654e12
31622.776601683858	1.4739569169534309e13	1.1053117568288973e13	8.288668859530736e12	6.21562478083635e12	4.661061030532494e12	3.495302676141486e12
35481.33892335753	1.5122265692854137e13	1.1340099475058178e13	8.503874929600148e12	6.377006566594598e12	4.782080297164334e12	3.586054323406364e12
39810.71705534977	1.5392462703703947e13	1.1542718648873383e13	8.655817874743899e12	6.490947701306814e12	4.867524094289795e12	3.650128132094124e12
44668.35921509644	1.5985262502517225e13	1.198725578529691e13	8.989173699181135e12	6.740929303699542e12	5.054983850363751e12	3.790703117656858e12
50118.72336272725	1.6817046014351686e13	1.2611005424239785e13	9.456919941497604e12	7.091689502249679e12	5.318016892120802e12	3.9879500725335723e12
56234.132519035025	1.797121030844307e13	1.3476506544997197e13	1.0105954220124338e13	7.578396549450136e12	5.682995688457721e12	4.2616455584357583e12
63095.73444801956	1.9163947725504438e13	1.4370933427305666e13	1.0776679759838742e13	8.081369747733352e12	6.060172377299731e12	4.54448817329357e12
70794.57843841388	1.9710788773172336e13	1.4781006362377115e13	1.1084191079252787e13	8.311970705466127e12	6.233098700170057e12	4.674164621455182e12
79432.82347242838	2.00550022705411e13	1.503913007082803e13	1.1277756553511541e13	8.457124333739461e12	6.341948565475825e12	4.755790505134597e12
89125.0938133746	2.065858893649706e13	1.549175621645868e13	1.161717827911244e13	8.711654720289202e12	6.532819428448629e12	4.898923460008189e12
100000.0000000002	2.2378493882368484e13	1.6781502975969914e13	1.2584351905575213e13	9.436932622192709e12	7.07670112724286e12	5.306777196495883e12