0.00001584893192461114	4.1226129795868636e20	6.596180767338985e17	6.785376597916901e15
0.00001778279410038923	3.8411767985655225e20	6.145882877704837e17	6.322162979281111e15
0.000019952623149688786	3.766229182395349e20	6.025966691832557e17	6.198807281487297e15
0.000022387211385683423	3.7495705057197785e20	5.999312809151644e17	6.17138889527778e15
0.000025118864315095822	3.718346123099687e20	5.949353796959494e17	6.119996927085803e15
0.00002818382931264455	3.629508610586313e20	5.807213776938099e17	5.973779957069418e15
0.000031622776601683795	3.5301974403392523e20	5.648315904542801e17	5.810324475353629e15
0.000035481338923357534	3.41660222227119e20	5.4665635556339046e17	5.62335899056744e15
0.000039810717055349776	3.319275674805331e20	5.310841079688531e17	5.463169984031816e15
0.00004466835921509635	3.245219451170608e20	5.192351121872972e17	5.341281422270313e15
0.00005011872336272725	3.163850004759097e20	5.062160007614555e17	5.207356084092813e15
0.00005623413251903491	3.054506073888371e20	4.887209718221391e17	5.027387759797469e15
0.00006309573444801943	2.9570845786301884e20	4.7313353258083014e17	4.867042479429877e15
0.00007079457843841388	2.875648344516585e20	4.601037351226536e17	4.733007215893616e15
0.00007943282347242822	2.7990188723988686e20	4.47843019583819e17	4.60688336449334e15
0.00008912509381337459	2.7161951173797357e20	4.345912187807577e17	4.470564391104103e15
0.0001	2.6388128962512516e20	4.222100634002003e17	4.343201595969094e15
0.00011220184543019641	2.5621538523637635e20	4.0994461637820205e17	4.2170290726232395e15
0.00012589254117941674	2.4911614575800474e20	3.985858332128076e17	4.10018324290779e15
0.00014125375446227554	2.419787972866082e20	3.871660756585731e17	3.9827101802439125e15
0.00015848931924611142	2.3538855227886463e20	3.7662168364618323e17	3.87424185088217e15
0.00017782794100389227	2.289406319495679e20	3.663050111193085e17	3.768116032319335e15
0.0001995262314968881	2.2269437502484985e20	3.563110000397597e17	3.665309376027758e15
0.00022387211385683424	2.1594288281358837e20	3.455086125017414e17	3.554187091500572e15
0.0002511886431509582	2.0977922151884603e20	3.356467544301537e17	3.4527398702505655e15
0.0002818382931264455	2.0401169492342453e20	3.264187118774791e17	3.357812599167362e15
0.00031622776601683794	1.984625984976547e20	3.1754015759624755e17	3.26648045323603e15
0.0003548133892335757	1.9244440087549775e20	3.079110414007964e17	3.1674274072450015e15
0.00039810717055349773	1.8694946440650595e20	2.9911914305040954e17	3.076986675824529e15
0.0004466835921509635	1.8175914080905216e20	2.908146252944832e17	2.991559543934723e15
0.0005011872336272725	1.768602578575436e20	2.8297641257206966e17	2.910929210940354e15
0.0005623413251903491	1.718021366830015e20	2.7488341869280246e17	2.8276779884338815e15
0.0006309573444801936	1.6695380045922792e20	2.6712608073476474e17	2.747879600094933e15
0.0007079457843841388	1.61877146321582e20	2.5900343411453123e17	2.664323344992004e15
0.0007943282347242822	1.5726107112945664e20	2.516177138071307e17	2.5883477228854355e15
0.0008912509381337459	1.5291793576281178e20	2.4466869722049875e17	2.516864396111041e15
0.001	1.4876470378056565e20	2.3802352604890496e17	2.448506674351583e15
0.0011220184543019641	1.4427144913445354e20	2.308343186151257e17	2.3745525460470985e15
0.0012589254117941688	1.4022299387555598e20	2.243567902008896e17	2.307919336217661e15
0.0014125375446227555	1.364996749314344e20	2.183994798902949e17	2.2466375196728648e15
0.001584893192461114	1.329159719927719e20	2.1266555518843504e17	2.1876536320892118e15
0.0017782794100389247	1.2901606752832938e20	2.0642570804532694e17	2.123465408217195e15
0.0019952623149688807	1.2540059948996443e20	2.0064095918394304e17	2.0639587013312715e15
0.00223872113856834	1.2151885033252613e20	1.944301605320417e17	2.0000692942433792e15
0.002511886431509582	1.1244882855387998e20	1.79918125686208e17	1.8507865121239918e15
0.002818382931264455	1.032664184081538e20	1.65226269453046e17	1.6996539386231705e15
0.0031622776601683824	9.564556691351768e19	1.5303290706162832e17	1.5742229373529858e15
0.0035481338923357567	8.921346010124894e19	1.4274153616199826e17	1.4683573922354238e15
0.003981071705534978	8.414224065729031e19	1.3462758505166451e17	1.3848905863326628e15
0.004466835921509635	8.008985078296547e19	1.2814376125274477e17	1.3181926169743202e15
0.005011872336272725	7.57107690454404e19	1.2113723047270458e17	1.2461176516809588e15
0.005623413251903496	7.013736228865181e19	1.1221977966184291e17	1.154385383904577e15
0.006309573444801936	6.533295150202198e19	1.045327224032352e17	1.0753099609148485e15
0.007079457843841388	6.1303595516183536e19	9.808575282589366e16	1.0089911045333201e15
0.00794328234724282	5.794825567411976e19	9.271720907859162e16	9.537658273726218e14
0.008912509381337459	5.498065024132964e19	8.796904038612747e16	9.049222406590255e14
0.01000000000000001	5.247078465442034e19	8.395325544707251e16	8.636125584219161e14
0.01122018454301964	5.022578373171387e19	8.036125397074218e16	8.266622630663698e14
0.012589254117941687	4.830743459560133e19	7.729189535296211e16	7.950883040280988e14
0.014125375446227554	4.661700541046574e19	7.458720865674512e16	7.672656617135042e14
0.01584893192461114	4.504096904919257e19	7.206555047870808e16	7.413258019784279e14
0.017782794100389247	4.334989971537218e19	6.935983954459543e16	7.134926235064822e14
0.01995262314968881	4.193912296355363e19	6.710259674168587e16	6.90272758813693e14
0.022387211385683423	4.082939170277533e19	6.532702672444054e16	6.720077784137705e14
0.025118864315095822	3.978749622543079e19	6.365999396068925e16	6.548593018906174e14
0.02818382931264455	3.863241845565288e19	6.18118695290446e16	6.358479668304671e14
0.031622776601683826	3.757565069798896e19	6.0121041116782344e16	6.184547086037282e14
0.035481338923357565	3.6528434442576224e19	5.8445495108121944e16	6.012186578087109e14
0.039810717055349776	3.566352141530958e19	5.7061634264495304e16	5.869831216487371e14
0.04466835921509635	3.496333901511223e19	5.594134242417953e16	5.754588740511648e14
0.05011872336272725	3.4285341838708175e19	5.48565469419331e16	5.642997713243141e14
0.05623413251903497	3.34953521932664e19	5.359256350922626e16	5.51297393271077e14
0.06309573444801936	3.276680897034774e19	5.242689435255639e16	5.393063571009566e14
0.07079457843841387	3.1834477707426533e19	5.093516433188243e16	5.2396118945059456e14
0.07943282347242822	3.108025386985461e19	4.972840619176736e16	5.1154747804379544e14
0.08912509381337459	3.0512228106693435e19	4.881956497070948e16	5.0219838624339556e14
0.1000000000000001	2.9927215193976517e19	4.788354431036239e16	4.925697042713459e14
0.11220184543019641	2.903768848439746e19	4.646030157503592e16	4.7792905343100294e14
0.12589254117941687	2.7844438739451544e19	4.455110198312248e16	4.582894488042359e14
0.14125375446227553	2.6464481911509746e19	4.234317105841558e16	4.355768468384063e14
0.15848931924611143	2.5292433599794676e19	4.046789375967149e16	4.162861949501072e14
0.1778279410038923	2.442860670012853e19	3.908577072020565e16	4.02068535279727e14
0.19952623149688828	2.269719866000879e19	3.631551785601407e16	3.735714251822108e14
0.22387211385683423	2.1934963033732346e19	3.509594085397176e16	3.610258483690485e14
0.25118864315095824	2.1293913458468573e19	3.4070261533549708e16	3.5047486333204075e14
0.2818382931264455	2.083100958546972e19	3.3329615336751548e16	3.428559645353697e14
0.31622776601683794	2.0384004236199588e19	3.2614406777919316e16	3.354987383026389e14
0.354813389233576	1.992584574844662e19	3.1881353197514596e16	3.2795794343217925e14
0.39810717055349776	1.9409433202358764e19	3.1055093123774024e16	3.194583495521679e14
0.4466835921509635	1.8855414547531882e19	3.0168663276051e16	3.1033979965702725e14
0.5011872336272725	1.8198344273242753e19	2.9117350837188388e16	2.995251311823864e14
0.5623413251903491	1.7422223257687271e19	2.7875557212299636e16	2.8675101582841644e14
0.6309573444801942	1.658149940924727e19	2.653039905479564e16	2.729136074789985e14
0.7079457843841388	1.5718377067889682e19	2.5149403308623492e16	2.5870754407895088e14
0.7943282347242822	1.4800818239247655e19	2.3681309182796244e16	2.4360551477397456e14
0.8912509381337459	1.3803440033324165e19	2.2085504053318656e16	2.271897445543217e14
1.000000000000002	1.2793797494148559e19	2.0470075990637696e16	2.1057211662876734e14
1.1220184543019653	1.2188416251696607e19	1.9501466002714572e16	2.006081939038091e14
1.2589254117941688	1.1794721716172808e19	1.887155474587649e16	1.9412840620290628e14
1.4125375446227555	1.1291739390138325e19	1.8066783024221316e16	1.858498592688639e14
1.584893192461114	1.0749529645844263e19	1.719924743335082e16	1.7692567131255447e14
1.7782794100389265	1.0218338843114738e19	1.6349342148983566e16	1.681828432573465e14
1.9952623149688828	9.679068852212703e18	1.5486510163540322e16	1.5930704047318075e14
2.2387211385683425	9.154911049701761e18	1.464785767952282e16	1.5067996802086994e14
2.5118864315095824	8.657112127930314e18	1.3851379404688498e16	1.4248673433393103e14
2.818382931264455	8.185117792888038e18	1.3096188468620862e16	1.3471821633041434e14
3.1622776601683857	7.736233541263307e18	1.2377973666021292e16	1.2733006539015048e14
3.5481338923357604	7.30753454943047e18	1.1692055279088754e16	1.202741420688578e14
3.9810717055349776	6.896963473565937e18	1.1035141557705494e16	1.1351658470476106e14
4.4668359215096345	6.478571352123139e18	1.0365714163397024e16	1.0663030136056216e14
5.011872336272725	6.038218254607273e18	9.661149207371644e15	9.938256402140539e13
5.623413251903503	5.619221081257665e18	8.990753730012261e15	9.248632217499105e13
6.309573444801943	5.227878210613844e18	8.364605136982145e15	8.604524034321e13
7.0794578438413875	4.863662327494714e18	7.781859723991543e15	8.005063948656144e13
7.943282347242821	4.524429356212245e18	7.239086969939591e15	7.446723043026781e13
8.91250938133746	4.2082480531594e18	6.733196885055036e15	6.92632269861981e13
10.000000000000021	3.9126968748171034e18	6.260314999707365e15	6.439877315815156e13
11.220184543019652	3.6363489591958497e18	5.818158334713355e15	5.985038433576082e13
12.589254117941687	3.3774001329838577e18	5.40384021277417e15	5.558836577098891e13
14.125375446227554	3.1348322950638817e18	5.015731672102207e15	5.159596061683238e13
15.848931924611142	2.907473847619819e18	4.651958156191712e15	4.785388563607528e13
17.782794100389264	2.694746387087923e18	4.3115942193406765e15	4.435262092950543e13
19.95262314968883	2.495637192358748e18	3.993019507773998e15	4.107549819924903e13
22.387211385683422	2.3095712874741135e18	3.695314059958579e15	3.801305396078706e13
25.11886431509582	2.1357801551883694e18	3.41724824830139e15	3.5152639248622293e13
28.18382931264455	1.9737776118425853e18	3.158044178948137e15	3.2486252003774355e13
31.622776601683857	1.8228440612099052e18	2.916550497935849e15	3.000204844798453e13
35.481338923357605	1.6824375449854456e18	2.6919000719767145e15	2.7691108531718234e13
39.81071705534978	1.5519444996448297e18	2.483111199431728e15	2.554333366070945e13
44.668359215096345	1.4308355264675167e18	2.289336842348025e15	2.355001050264419e13
50.11872336272725	1.3185417425034388e18	2.1096667880055015e15	2.1701775857349543e13
56.23413251903502	1.2145205698586624e18	1.9432329117738608e15	1.9989699477522906e13
63.09573444801943	1.1182642690581905e18	1.7892228304931038e15	1.8405424518685938e13
70.79457843841388	1.0292434385290042e18	1.6467895016464068e15	1.6940237601575902e13
79.43282347242821	9.470039347610829e17	1.5152062956177325e15	1.558666401352818e13
89.12509381337459	8.710262789432196e17	1.39364204630915e15	1.433615369324393e13
100.0000000000002	8.009528078647661e17	1.2815244925836262e15	1.3182819889792428e13
112.20184543019653	7.362885250625764e17	1.178061640100122e15	1.2118515494935002e13
125.89254117941688	6.767272299270728e17	1.0827635678833158e15	1.1138200776684229e13
141.25375446227554	6.219068990572458e17	9.950510384915932e14	1.023591722007576e13
158.48931924611142	5.7145386568101715e17	9.14326185089627e14	9.405514672807578e12
177.82794100389265	5.244226894793678e17	8.390763031669885e14	8.631432206295869e12
199.5262314968883	4.778696222547211e17	7.645913956075539e14	7.865218898203525e12
223.87211385683423	4.348095364871856e17	6.956952583794965e14	7.156496299894984e12
251.18864315095823	3.958516792584028e17	6.333626868134444e14	6.515291961641387e12
281.8382931264455	3.607400427345293e17	5.771840683752465e14	5.937392270442306e12
316.2277660168386	3.2911990476338086e17	5.2659184762140906e14	5.416958882019232e12
354.81338923357606	3.0054464356850374e17	4.8087142970960556e14	4.946640883334543e12
398.1071705534977	2.7470382160420166e17	4.3952611456672256e14	4.521328806999199e12
446.6835921509635	2.5126840918531955e17	4.020294546965113e14	4.135607179048693e12
501.18723362727246	2.2998464222244963e17	3.679754275559196e14	3.785299316097546e12
562.3413251903502	2.105803818171399e17	3.369286109074239e14	3.465926105209172e12
630.9573444801943	1.9289294153951517e17	3.0862870646322406e14	3.174809903103594e12
707.9457843841387	1.767305618225221e17	2.8276889891603544e14	2.9087945540001206e12
794.3282347242822	1.6197274389298285e17	2.5915639022877244e14	2.6658967779749517e12
891.2509381337459	1.4848328314724326e17	2.375732530355892e14	2.443874794063592e12
1000.000000000002	1.3614625151612635e17	2.1783400242580216e14	2.240820551203447e12
1122.0184543019652	1.2481646126361354e17	1.997063380217816e14	2.0543444157540037e12
1258.9254117941687	1.1444187605317632e17	1.8310700168508206e14	1.883589925704709e12
1412.5375446227554	1.0495244858192886e17	1.679239177310862e14	1.7274041779523591e12
1584.893192461114	9.625949185612667e16	1.5401518696980262e14	1.5843274801734814e12
1778.2794100389265	8.826046108839915e16	1.412167377414386e14	1.452672055698505e12
1995.2623149688789	8.090605343106893e16	1.294496854897103e14	1.3316264327970068e12
2238.721138568342	7.413862678856446e16	1.1862180286170311e14	1.2202418847069e12
2511.8864315095875	6.786535736411414e16	1.0858457178258258e14	1.1169906317858496e12
2818.382931264455	6.192375389630701e16	9.907800623409112e13	1.0191982430164326e12
3162.277660168386	5.642423414193231e16	9.02787746270917e13	9.286820756587693e11
3548.133892335753	5.151899543625567e16	8.243039269800905e13	8.479471338015065e11
3981.0717055349774	4.69825229365453e16	7.517203669847248e13	7.732816862102721e11
4466.835921509644	4.255801044478005e16	6.80928167116481e13	7.0045897967083e11
5011.872336272725	3.838755124281416e16	6.142008198850264e13	6.318177164435887e11
5623.413251903502	3.4592778324910844e16	5.534844531985737e13	5.693598445088567e11
6309.57344480193	3.104605666540975e16	4.96736906646556e13	5.1098462891897253e11
7079.457843841388	2.7574289069603696e16	4.41188625113659e13	4.538430764263365e11
7943.282347242838	2.43635916016475e16	3.898174656263601e13	4.0099845683693176e11
8912.509381337459	2.1618478006875744e16	3.4589564811001195e13	3.5581684595854553e11
10000.00000000002	1.93049673264873e16	3.0887947722379676e13	3.177389538365648e11
11220.18454301963	1.7577439653728832e16	2.812390344596613e13	2.8930571040326086e11
12589.254117941688	1.608724743852361e16	2.573959590163777e13	2.6477875278313342e11
14125.375446227583	1.4316006879613284e16	2.2905611007381266e13	2.356260423608328e11
15848.93192461114	1.2671043531175098e16	2.027366964988015e13	2.0855171871175232e11
17782.794100389263	1.1606531269462894e16	1.8570450031140625e13	1.910309942959925e11
19952.62314968879	1.072783304307616e16	1.7164532868921857e13	1.765685686172349e11
22387.211385683422	9.630667032295626e15	1.5409067251673006e13	1.585103986884969e11
25118.864315095874	8.613631970470316e15	1.37818111527525e13	1.4177109780834973e11
28183.82931264455	8.000558460873968e15	1.2800893537398342e13	1.3168056865750337e11
31622.776601683858	7.455896031265063e15	1.1929433650024104e13	1.2271601214460184e11
35481.33892335753	6.603337444304685e15	1.0565339910887492e13	1.0868381675551686e11
39810.71705534977	5.756328687914477e15	9.21012590066316e12	9.474296559558875e10
44668.35921509644	5.22358411852605e15	8.357734589641679e12	8.597456421594287e10
50118.72336272725	4.864388146275883e15	7.783021034041413e12	8.006258568135695e10
56234.132519035025	4.673941258709318e15	7.478306013934914e12	7.69280351901057e10
63095.73444801956	4.47196497358023e15	7.155143957728361e12	7.360372324223409e10
70794.57843841388	3.98048801018922e15	6.368780816302752e12	6.5514542175951225e10
79432.82347242838	3.467158079972005e15	5.547452927955208e12	5.706568483049343e10
89125.0938133746	3.095490253894736e15	4.952784406231578e12	5.094843302502302e10
100000.0000000002	3.0562563448957865e15	4.890010151833257e12	5.030268517218202e10