0.00001584893192461114	3.9089544033870637e-66	1.2361185569150987e-64	3.9089070430250927e-63	1.2359688069595104e-61	3.9041767953130947e-60	1.2211748474202816e-58
0.00001778279410038923	3.6297419173531654e-67	1.1478240509540106e-65	3.6297027223473455e-64	1.1477001177504464e-62	3.625787491868503e-61	1.135440505384514e-59
0.000019952623149688786	2.0090293187982686e-67	6.35310297501946e-66	2.009009983905123e-64	6.352491606037083e-63	2.007078372181162e-61	6.291943257276797e-60
0.000022387211385683423	1.538387006204343e-67	4.864803068981646e-66	1.538373810834607e-64	4.86438582761264e-63	1.5370554160198505e-61	4.8230200526577304e-60
0.000025118864315095822	1.3028481398493591e-67	4.119964703979441e-66	1.3028381800596882e-64	4.119649769881429e-63	1.3018429695079818e-61	4.0883976616136627e-60
0.00002818382931264455	8.690191635879151e-68	2.748078185129079e-66	8.690132427102466e-65	2.74789096224964e-63	8.684215621064634e-62	2.729296630517361e-60
0.000031622776601683795	3.581806411922723e-68	1.1326660146752519e-66	3.5817846619273357e-65	1.1325972389853344e-63	3.579610995522954e-62	1.1257615937649603e-60
0.000035481338923357534	1.2079298811786625e-68	3.8198077989474176e-67	1.2079233438687468e-65	3.81960108132861e-64	1.2072699700208104e-62	3.7990416999329165e-61
0.000039810717055349776	4.2342750865744115e-69	1.3389947641824642e-67	4.234254662768407e-66	1.3389301812972367e-64	4.232213276670796e-63	1.3325032031091893e-61
0.00004466835921509635	2.8996363464537763e-69	9.16945165747848e-68	2.899623881192884e-66	9.169057486876597e-65	2.8983778960994114e-63	9.12981083216616e-62
0.00005011872336272725	1.188680080296878e-69	3.758935153732018e-68	1.1886755259822735e-66	3.7587911387250536e-65	1.1882202706935092e-63	3.7444451531532437e-62
0.00005623413251903491	3.93571234083461e-70	1.2445811348687368e-68	3.9356989013821914e-67	1.2445386369210501e-65	3.93435541949427e-64	1.2403034489039165e-62
0.00006309573444801943	1.361710729211895e-70	4.306106227214368e-69	1.3617065849876448e-67	4.3059751789986923e-66	1.3612922899101804e-64	4.292910516087531e-63
0.00007079457843841388	9.313255308910155e-71	2.9451091944607436e-69	9.313230047357382e-68	2.9450293124062055e-66	9.310704583946046e-65	2.937062931339332e-63
0.00007943282347242822	3.783444117983013e-71	1.1964298183407682e-69	3.783434971671545e-68	1.1964008958063238e-66	3.7825205637899294e-65	1.1935156869926536e-63
0.00008912509381337459	1.245262290956394e-71	3.937864352433601e-70	1.2452596079629267e-68	3.9377795104089576e-67	1.2449913669883706e-65	3.929313730419888e-64
0.0001	4.298332689996225e-72	1.359251906871457e-70	4.2983244361018317e-69	1.3592258062258019e-67	4.297499206712583e-66	1.3566207939794097e-64
0.00011220184543019641	2.9215976967623403e-72	9.238901691038717e-71	2.921592696654327e-69	9.23874357622464e-68	2.921092772267212e-66	9.222959378533424e-65
0.00012589254117941674	1.1864083729282163e-72	3.751752173310687e-71	1.1864065632837572e-69	3.751694948129681e-68	1.1862256267123852e-66	3.7459812323998323e-65
0.00014125375446227554	3.916509642351843e-73	1.238508941722753e-71	3.9165043181032216e-70	1.238492105180433e-68	3.915971966334621e-67	1.23681075949174e-65
0.00015848931924611142	1.3550996897761654e-73	4.285201004284361e-72	1.3550980479376558e-70	4.285149085369548e-69	1.3549338841757237e-67	4.2799635395293587e-66
0.00017782794100389227	9.211101494192025e-74	2.912805762120302e-72	9.211091547679877e-71	2.912774308798992e-69	9.210097004933641e-68	2.909632403352691e-66
0.0001995262314968881	3.747161057686058e-74	1.184956266503473e-72	3.7471574513876414e-71	1.1849448624873252e-69	3.746796856596893e-68	1.1838055683041377e-66
0.00022387211385683424	1.2385756230586345e-74	3.9167197178130404e-73	1.2385745606737687e-71	3.9166861225183434e-70	1.2384683313900782e-68	3.9133295009751284e-67
0.0002511886431509582	4.287772681727731e-75	1.3559126820987122e-73	4.28776940386214e-72	1.3559023166503425e-70	4.2874416426101123e-69	1.3548665715261462e-67
0.0002818382931264455	2.9537397501507407e-75	9.340544647305232e-74	2.9537377376703755e-72	9.340481007486308e-71	2.9535365034815727e-69	9.334121401935414e-68
0.00031622776601683794	1.2013943313834315e-75	3.799142245460598e-74	1.2013936018502744e-72	3.79911917572516e-71	1.2013206530085499e-69	3.79681361620722e-68
0.0003548133892335757	3.9423097369964913e-76	1.2466677397405023e-74	3.942307603410118e-73	1.24666099278151e-71	3.942094256434753e-70	1.2459866654791502e-68
0.00039810717055349773	1.3572252404393927e-76	4.2919228694584413e-75	1.3572245857859749e-73	4.291902167591349e-72	1.3571591236333233e-70	4.28983298892473e-69
0.0004466835921509635	9.19169295295875e-77	2.906668414830994e-75	9.19168900152193e-74	2.9066559193399084e-72	9.191293874995126e-71	2.9054069125391154e-69
0.0005011872336272725	3.725147203721806e-77	1.1779949372859722e-75	3.725145776462133e-74	1.1779904239104766e-72	3.725003056017914e-71	1.177539260948949e-69
0.0005623413251903491	1.230314719900526e-77	3.890596632941029e-76	1.2303142997781692e-74	3.89058334754723e-73	1.2302722889913387e-71	3.889255266209745e-70
0.0006309573444801936	4.260531010197704e-78	1.3472981661241582e-76	4.2605297135460454e-75	1.3472940657630357e-73	4.260400052365545e-72	1.3468841556506098e-70
0.0007079457843841388	2.916778891644997e-78	9.223664501257732e-77	2.9167781004872004e-75	9.223639482713748e-74	2.9166989868747953e-72	9.221138313525985e-71
0.0007943282347242822	1.187430596283069e-78	3.7549851651033155e-77	1.1874303092262606e-75	3.7549760875901294e-74	1.1874016042462486e-72	3.754068557857103e-71
0.0008912509381337459	3.911970315765592e-79	1.2370736094482258e-77	3.911969472906104e-76	1.237070944097771e-74	3.9118851887914896e-73	1.2368044670406837e-71
0.001	1.3505773821208615e-79	4.270900609252827e-78	1.3505771227751267e-76	4.27089240803502e-75	1.3505511887045298e-73	4.2700724452830636e-72
0.0011220184543019641	9.15965170100218e-80	2.896536149834563e-78	9.159650133390079e-77	2.896531192617617e-75	9.159493374889305e-74	2.896035556595905e-72
0.0012589254117941688	3.71922273810732e-80	1.1761214814820095e-78	3.719222170808545e-77	1.1761196875282837e-75	3.71916544180511e-74	1.175940319788445e-72
0.0014125375446227555	1.2291436522212372e-80	3.886893464520674e-79	1.2291434851266793e-77	3.886888180533384e-76	1.2291267759002777e-74	3.886359854345234e-73
0.001584893192461114	4.256591451776392e-81	1.3460523908154466e-79	4.2565909360472904e-78	1.3460507599386441e-76	4.2565393637681875e-75	1.345887692213146e-73
0.0017782794100389247	2.8723280911046757e-81	9.083098866008035e-80	2.872327780939012e-78	9.083089057718193e-77	2.8722967647106806e-75	9.082108335695286e-74
0.0019952623149688807	1.1694984454370118e-81	3.698278775250228e-80	1.169498332883427e-78	3.698275215996518e-77	1.1694870776343932e-75	3.6979193252193236e-74
0.00223872113856834	3.858636712029442e-82	1.2202080561099696e-80	3.8586363222400614e-79	1.22020682348886e-77	3.85859734369959e-76	1.2200835739526795e-74
0.002511886431509582	1.2124461575440029e-82	3.8340913626449206e-81	1.2124460340102087e-79	3.8340874561669776e-78	1.2124336807578492e-76	3.8336968485690204e-75
0.002818382931264455	7.701437997845848e-83	2.4354085134737013e-81	7.701437312501008e-80	2.4354063462247843e-78	7.701368778632576e-77	2.435189640810169e-75
0.0031622776601683824	2.84804110824686e-83	9.00629670952115e-82	2.848040891434797e-80	9.006289853326434e-79	2.848019210394937e-77	9.00560428656601e-76
0.0035481338923357567	8.504886425525042e-84	2.6894812186469444e-82	8.504885871615898e-81	2.6894794670334743e-79	8.504830481065674e-78	2.68930431720774e-76
0.003981071705534978	2.716897666730524e-84	8.591584752718717e-83	2.7168975145570173e-81	8.591579940572418e-80	2.716882297292539e-78	8.591098753163434e-77
0.004466835921509635	1.7110384898937091e-84	5.410778768442609e-83	1.711038406978271e-81	5.4107761464273765e-80	1.7110301154749885e-78	5.410513957737207e-77
0.005011872336272725	6.457925486695037e-85	2.042175340721692e-83	6.457925172270132e-82	2.042174346423283e-80	6.457893729934262e-79	2.0420749214717104e-77
0.005623413251903496	1.9499070869940438e-85	6.166147596302629e-84	1.949907002457197e-82	6.166144923013903e-81	1.9498985488096206e-79	6.165877605846172e-78
0.006309573444801936	6.2362814684305084e-86	1.972085350311874e-84	6.236281235297171e-83	1.9720846130797811e-81	6.236257922051422e-80	1.9720108926539882e-78
0.007079457843841388	3.8986755520687465e-86	1.2328694566524512e-84	3.898675426748274e-83	1.232869060354437e-81	3.898662894741672e-80	1.2328294318395284e-78
0.00794328234724282	1.5087063509102589e-86	4.7709483772046824e-85	1.508706309053464e-83	4.7709470535769576e-82	1.5087021233857211e-80	4.7708146945126386e-79
0.008912509381337459	4.822429478077509e-87	1.5249860972896206e-85	4.822429362014556e-84	1.524985730266424e-82	4.822417755747628e-81	1.5249490288388295e-79
0.01000000000000001	1.6225241039269322e-87	5.130871717146683e-86	1.6225240698856874e-84	5.1308706406682335e-83	1.6225206657684818e-81	5.1307629951039555e-80
0.01122018454301964	1.045358306597614e-87	3.3057132143054055e-86	1.045358287397389e-84	3.3057126071410756e-83	1.0453563673784255e-81	3.3056518918342385e-80
0.012589254117941687	4.1800008327371924e-88	1.3218323233459766e-86	4.180000765287986e-85	1.3218321100528856e-83	4.1799940203782166e-82	1.3218107810914131e-80
0.014125375446227554	1.3810078216796034e-88	4.367130177370862e-87	1.38100780204571e-85	4.367129556492713e-84	1.381005838659178e-82	4.367067469569518e-81
0.01584893192461114	4.7722784488033804e-89	1.50912695095288e-87	4.772278388885658e-86	1.509126761476431e-84	4.772272397121092e-83	1.5091078140716135e-81
0.017782794100389247	3.157261285628985e-89	9.984136820776343e-88	3.157261250556291e-86	9.984135711680507e-85	3.157257743290866e-83	9.984024803340752e-82
0.01995262314968881	1.2845543461985702e-89	4.062117508621019e-88	1.2845543335544813e-86	4.062117108779826e-85	1.2845530691467501e-83	4.0620771250580114e-82
0.022387211385683423	4.280908871820384e-90	1.3537422479827612e-88	4.280908834438257e-87	1.353742129770113e-85	4.280905096229074e-84	1.3537303086095007e-82
0.025118864315095822	1.4880875734052937e-90	4.7057460864365606e-89	1.4880875618664903e-87	4.7057457215476035e-86	1.4880864079871072e-84	4.705709232937442e-83
0.02818382931264455	1.0518422279451952e-90	3.3262171773691916e-89	1.051842220697256e-87	3.3262169481692634e-86	1.0518414959038983e-84	3.326194028335813e-83
0.031622776601683826	4.286725134161349e-91	1.3555815119490001e-89	4.286725107896094e-88	1.3555814288909838e-86	4.2867224813724865e-85	1.3555731231407776e-83
0.035481338923357565	1.3854157049178131e-91	4.381069131537119e-90	1.3854156973662815e-88	4.381068892736695e-87	1.3854149422134112e-85	4.381045012825696e-84
0.039810717055349776	4.708364301786649e-92	1.4889155240908297e-90	4.708364278947038e-89	1.488915451865641e-87	4.708361994987051e-86	1.4889082293821635e-84
0.04466835921509635	2.9450774392304548e-92	9.313152589888273e-91	2.945077426512721e-89	9.313152187718183e-88	2.9450761547397323e-86	9.313111970884618e-85
0.05011872336272725	1.1852612889046798e-92	3.7481252940554633e-91	1.1852612843471926e-89	3.748125149935051e-88	1.185260828598592e-86	3.7481107379497595e-85
0.05623413251903497	4.053359084574719e-93	1.28178468778008e-91	4.053359070694145e-90	1.2817846438858534e-88	4.053357682637278e-87	1.2817802544784275e-85
0.06309573444801936	1.4455037763128085e-93	4.571084298255471e-92	1.4455037719036255e-90	4.571084158824881e-89	1.4455033309855018e-87	4.571070215808615e-86
0.07079457843841387	8.93304955935386e-94	2.8248783051743484e-92	8.933049535080095e-91	2.8248782284139478e-89	8.933047107703719e-88	2.824870552395026e-86
0.07943282347242822	3.7237726238640863e-94	1.1775602977400393e-92	3.72377261484919e-91	1.1775602692324369e-89	3.723771713359856e-88	1.1775574184791935e-86
0.08912509381337459	1.3197047935805158e-94	4.173272985938447e-93	1.3197047907339113e-91	4.173272895920883e-90	1.319704506073427e-88	4.1732638941838115e-87
0.1000000000000001	4.7568249598709346e-95	1.504240130105842e-93	4.7568249498779305e-92	1.5042400985051937e-90	4.756823950577846e-89	1.5042369384469468e-87
0.11220184543019641	2.6940734543066527e-95	8.51940829787848e-94	2.6940734489911475e-92	8.519408129787436e-91	2.6940729174406705e-89	8.519391320715882e-88
0.12589254117941687	1.0754170471523809e-95	3.400767303031497e-94	1.0754170452645145e-92	3.400767243331911e-91	1.0754168564778802e-89	3.400761273383977e-88
0.14125375446227553	3.750694171101267e-96	1.1860736385738929e-94	3.7506941653326242e-93	1.1860736203318345e-91	3.7506935884681357e-90	1.1860717961287307e-88
0.15848931924611143	1.3452917430750012e-96	4.254186025015233e-95	1.3452917412667918e-93	4.254185967834619e-92	1.3452915604458404e-90	4.2541802497810944e-89
0.1778279410038923	6.67964289855722e-97	2.1122885513751368e-95	6.679642890701035e-94	2.1122885265316913e-92	6.679642105082394e-91	2.1122860421900996e-89
0.19952623149688828	2.5547284782691904e-97	8.078760793872967e-96	2.5547284756475947e-94	8.078760710970792e-93	2.554728213487909e-91	8.078752420761408e-90
0.22387211385683423	1.0003772913028484e-97	3.1634707597669433e-96	1.0003772903991049e-94	3.1634707311880616e-93	1.0003772000247517e-91	3.1634678733024526e-90
0.25118864315095824	3.995027948585243e-98	1.2633387632644042e-96	3.9950279454010864e-95	1.2633387531952056e-93	3.995027626985064e-92	1.2633377462760662e-90
0.2818382931264455	1.8334617704578277e-98	5.797915197120222e-97	1.83346176916615e-95	5.797915156273794e-94	1.83346163999842e-92	5.797911071634159e-91
0.31622776601683794	8.10823133558746e-99	2.564047881455163e-97	8.108231330530373e-96	2.564047865463237e-94	8.108230824821247e-93	2.5640462662715057e-91
0.354813389233576	3.57880715778486e-99	1.131718192454493e-97	3.5788071558061968e-96	1.1317181861974086e-94	3.5788069579398226e-93	1.1317175604893198e-91
0.39810717055349776	1.6101242980492816e-99	5.091660097588435e-98	1.6101242972593044e-96	5.091660072607144e-95	1.6101242182615247e-93	5.0916575744791304e-92
0.4466835921509635	7.125949114588342e-100	2.2534229691666674e-98	7.125949111483106e-97	2.2534229593470405e-95	7.125948800959226e-94	2.253421977384705e-92
0.5011872336272725	3.3721151600716415e-100	1.066356443783421e-98	3.372115158765612e-97	1.066356439653386e-95	3.372115028162416e-94	1.0663560266499702e-92
0.5623413251903491	1.6799771226239499e-100	5.312554124301326e-99	1.6799771220453246e-97	5.312554106003623e-96	1.679977064182895e-94	5.312552276233494e-93
0.6309573444801942	8.710208280525261e-101	2.7544097060151345e-99	8.710208277856203e-98	2.7544096975748306e-96	8.710208010950276e-95	2.754408853544432e-93
0.7079457843841388	4.633394662290047e-101	1.4652080430939957e-99	4.633394661026416e-98	1.4652080390980394e-96	4.6333945346631655e-95	1.4652076395024564e-93
0.7943282347242822	2.5383868988379954e-101	8.027084182882308e-100	2.5383868982216912e-98	8.027084163393058e-97	2.5383868365912578e-95	8.027082214468054e-94
0.8912509381337459	1.4255305773483569e-101	4.507923498547044e-100	1.4255305770401597e-98	4.5079234888009897e-97	1.425530546220432e-95	4.507922514195818e-94
1.000000000000002	8.176170921790869e-102	2.5855322651244994e-100	8.176170920216543e-99	2.5855322601460286e-97	8.176170762783496e-96	2.5855317622991095e-94
1.1220184543019653	4.775667805636458e-102	1.5101987613914053e-100	4.77566780481736e-99	1.5101987588011854e-97	4.775667722907439e-96	1.5101984997793243e-94
1.2589254117941688	2.834043194228729e-102	8.962031480935785e-101	2.834043193790582e-99	8.962031467080402e-98	2.8340431499760025e-96	8.96203008154192e-95
1.4125375446227555	1.6717813409722304e-102	5.2866367871724354e-101	1.6717813407273802e-99	5.2866367794295706e-98	1.6717813162422897e-96	5.286636005143129e-95
1.584893192461114	9.918130468991523e-103	3.1363882412354327e-101	9.918130467694345e-100	3.136388237133399e-98	9.918130337976634e-97	3.136387826930024e-95
1.7782794100389265	5.98201463524823e-103	1.891679124364634e-101	5.982014634554512e-100	1.891679122170891e-98	5.982014565182251e-97	1.8916789027965756e-95
1.9952623149688828	3.6308306824766664e-103	1.1481694754941017e-101	3.630830682098006e-100	1.1481694742966762e-98	3.630830644232103e-97	1.1481693545541849e-95
2.2387211385683425	2.2241312939207704e-103	7.033320703988162e-102	2.2241312937159294e-100	7.033320697510481e-99	2.2241312732317016e-97	7.033320049742347e-96
2.5118864315095824	1.3766149882318753e-103	4.353238823906488e-102	1.3766149881201131e-100	4.353238820372215e-99	1.37661497694375e-97	4.3532384669446164e-96
2.818382931264455	8.564351594424966e-104	2.708285772070121e-102	8.564351593811681e-101	2.7082857701307405e-99	8.564351532482974e-98	2.708285576192363e-96
3.1622776601683857	5.384733265282997e-104	1.7028021710672066e-102	5.384733264942456e-101	1.7028021699903173e-99	5.384733230888218e-98	1.7028020623013644e-96
3.5481338923357604	3.422418431494571e-104	1.082263734960875e-102	3.422418431303149e-101	1.0822637343555483e-99	3.4224184121610275e-98	1.082263673822845e-96
3.9810717055349776	2.1994229461163795e-104	6.95518604773423e-103	2.1994229460074397e-101	6.955186044289223e-100	2.1994229351133605e-98	6.955185699788253e-97
4.4668359215096345	1.425584713833685e-104	4.508094693214872e-103	1.4255847137678566e-101	4.50809469113319e-100	1.4255847071850063e-98	4.5080944829651775e-97
5.011872336272725	9.210790581522665e-105	2.9127077288328808e-103	9.210790581141337e-102	2.912707727627015e-100	9.210790543008472e-99	2.9127076070403153e-97
5.623413251903503	6.003442418824996e-105	1.8984551845094267e-103	6.0034424186050465e-102	1.8984551838138874e-100	6.003442396610121e-99	1.8984551142598254e-97
6.309573444801943	3.956100080350947e-105	1.251028690544737e-103	3.956100080223055e-102	1.25102869014031e-100	3.95610006743395e-99	1.2510286496975982e-97
7.0794578438413875	2.6397034344322367e-105	8.34747520015316e-104	2.6397034343569384e-102	8.347475197772029e-101	2.6397034268271345e-99	8.347474959658751e-98
7.943282347242821	1.7800905834551566e-105	5.62914068512344e-104	1.7800905834103053e-102	5.629140683705166e-101	1.7800905789253099e-99	5.629140541877123e-98
8.91250938133746	1.212223846020589e-105	3.8333883873865406e-104	1.212223845993579e-102	3.833388386532359e-101	1.2122238432924212e-99	3.833388301114271e-98
10.000000000000021	8.330112415900334e-106	2.6342128399445626e-104	8.330112415735972e-103	2.63421283942479e-101	8.330112399299263e-100	2.634212787447365e-98
11.220184543019652	5.773120128473559e-106	1.825620881171132e-104	5.773120128372579e-103	1.8256208808517823e-101	5.773120118273834e-100	1.8256208489167618e-98
12.589254117941687	4.032141906888726e-106	1.2750752274764965e-104	4.0321419068261383e-103	1.275075227278566e-101	4.0321419005670354e-100	1.2750752074855424e-98
14.125375446227554	2.8364139485109374e-106	8.96952846435488e-105	2.836413948471834e-103	8.969528463118298e-102	2.836413944561411e-100	8.96952833945979e-99
15.848931924611142	2.008427778274497e-106	6.351206295291982e-105	2.0084277782498892e-103	6.351206294513793e-102	2.008427775789043e-100	6.351206216694991e-99
17.782794100389264	1.4288639185426334e-106	4.5184644490235475e-105	1.4288639185270657e-103	4.518464448531239e-102	1.4288639169702582e-100	4.518464399300678e-99
19.95262314968883	1.0221582430068516e-106	3.232348177014685e-105	1.0221582429969453e-103	3.2323481767013733e-102	1.0221582420061732e-100	3.2323481453704134e-99
22.387211385683422	7.350205959029807e-107	2.324339210185824e-105	7.350205958966409e-104	2.3243392099853194e-102	7.35020595262589e-101	2.324339189934832e-99
25.11886431509582	5.310736467250579e-107	1.679402328941634e-105	5.3107364672098034e-104	1.6794023288126674e-102	5.3107364631315206e-101	1.6794023159160106e-99
28.18382931264455	3.8465422119409687e-107	1.2163834505708031e-105	3.846542211914667e-104	1.2163834504876283e-102	3.84654220928445e-101	1.2163834421701474e-99
31.622776601683857	2.796720207426329e-107	8.844005833680855e-106	2.796720207409297e-104	8.844005833142276e-103	2.7967202057061557e-101	8.844005779284211e-100
35.481338923357605	2.0408529808336722e-107	6.453743788975185e-106	2.0408529808226008e-104	6.45374378862511e-103	2.0408529797155722e-101	6.453743753617779e-100
39.81071705534978	1.4942743208694995e-107	4.725310303046819e-106	1.49427432086228e-104	4.725310302818487e-103	1.4942743201402172e-101	4.725310279984845e-100
44.668359215096345	1.0955581069784075e-107	3.4644589271128237e-106	1.0955581069736916e-104	3.4644589269636736e-103	1.0955581065020419e-101	3.4644589120488144e-100
50.11872336272725	8.052822755564674e-108	2.5465261501208884e-106	8.052822755533787e-105	2.546526150023208e-103	8.052822752444893e-102	2.5465261402552496e-100
56.23413251903502	5.933493256368657e-108	1.8763353171368505e-106	5.933493256348378e-105	1.8763353170727215e-103	5.9334932543203946e-102	1.8763353106596751e-100
63.09573444801943	4.381568554506412e-108	1.3855736356408059e-106	4.3815685544930714e-105	1.3855736355986072e-103	4.38156855315862e-102	1.385573631378704e-100
70.79457843841388	3.2387612315338737e-108	1.0241862289096471e-106	3.238761231525085e-105	1.0241862288818509e-103	3.2387612306460866e-102	1.0241862261022181e-100
79.43282347242821	2.3978807808043934e-108	7.582764824883181e-107	2.3978807807985938e-105	7.582764824699787e-104	2.3978807802186534e-102	7.582764806360391e-101
89.12509381337459	1.7779450022972857e-108	5.622355761771625e-107	1.7779450022934544e-105	5.622355761650443e-104	1.7779450019102457e-102	5.6223557495323264e-101
100.0000000000002	1.3200254850770343e-108	4.1742871023113067e-107	1.3200254850744994e-105	4.174287102231129e-104	1.3200254848209487e-102	4.174287094213114e-101
112.20184543019653	9.81025363718616e-109	3.102274591745456e-107	9.810253637169375e-106	3.102274591692355e-104	9.810253635490033e-103	3.102274586381808e-101
125.89254117941688	7.297788791057357e-109	2.30776344625847e-107	7.297788791046225e-106	2.307763446223262e-104	7.29778878993288e-103	2.3077634427025565e-101
141.25375446227554	5.43312149355082e-109	1.718103872403429e-107	5.433121493543431e-106	1.7181038723800704e-104	5.433121492804729e-103	1.718103870044077e-101
158.48931924611142	4.047604688372884e-109	1.2799649883232953e-107	4.0476046883679806e-106	1.2799649883077855e-104	4.047604687877516e-103	1.279964986756801e-101
177.82794100389265	3.0132935525068676e-109	9.528870884620916e-108	3.013293552503511e-106	9.528870884514794e-105	3.0132935521679275e-103	9.528870873902738e-102
199.5262314968883	2.2132191558021493e-109	6.998813493449204e-108	2.2132191557999077e-106	6.99881349337831e-105	2.213219155575689e-103	6.99881348628792e-102
223.87211385683423	1.6218342812124408e-109	5.128690315972922e-108	1.6218342812109765e-106	5.128690315926632e-105	1.6218342810645898e-103	5.128690311297448e-102
251.18864315095823	1.1901778420415886e-109	3.763672801515254e-108	1.1901778420406383e-106	3.7636728014851445e-105	1.190177841945408e-103	3.7636727984737424e-102
281.8382931264455	8.764475254079851e-110	2.771570429907351e-108	8.764475254073643e-107	2.771570429887718e-105	8.76447525345276e-104	2.7715704279243143e-102
316.2277660168386	6.470719329048735e-110	2.046221117946938e-108	6.470719329044675e-107	2.0462211179341017e-105	6.470719328638763e-104	2.046221116650489e-102
354.81338923357606	4.787773529184045e-110	1.5140269273283463e-108	4.787773529181383e-107	1.5140269273199296e-105	4.787773528915244e-104	1.5140269264783299e-102
398.1071705534977	3.5490017152341763e-110	1.1222928839983795e-108	3.5490017152324276e-107	1.1222928839928477e-105	3.5490017150574766e-104	1.1222928834395935e-102
446.6835921509635	2.63850589998336e-110	8.343688263739513e-109	2.6385058999822073e-107	8.343688263703008e-106	2.638505899866762e-104	8.343688260052343e-103
501.18723362727246	1.9641987068625208e-110	6.211341690842753e-109	1.9641987068617578e-107	6.2113416908186145e-106	1.9641987067854256e-104	6.211341688404763e-103
562.3413251903502	1.4635124286263807e-110	4.628032658423826e-109	1.4635124286258745e-107	4.628032658407842e-106	1.4635124285753273e-104	4.628032656809365e-103
630.9573444801943	1.0910989290449248e-110	3.45035776835231e-109	1.0910989290445898e-107	3.4503577683417163e-106	1.0910989290110777e-104	3.4503577672820034e-103
707.9457843841387	8.151411325034456e-111	2.5777025931999354e-109	8.15141132503223e-108	2.577702593192893e-106	8.151411324809512e-105	2.577702592488585e-103
794.3282347242822	6.092376883134776e-111	1.926578731486292e-109	6.092376883133296e-108	1.9265787314816087e-106	6.092376882985151e-105	1.9265787310131442e-103
891.2509381337459	4.553997493191652e-111	1.4401004537182484e-109	4.553997493190669e-108	1.440100453715132e-106	4.5539974930920936e-105	1.440100453403408e-103
1000.000000000002	3.40396685335134e-111	1.0764288336306404e-109	3.4039668533506844e-108	1.0764288336285665e-106	3.4039668532850774e-105	1.0764288334210976e-103
1122.0184543019652	2.549143534249225e-111	8.061099650918867e-110	2.5491435342487894e-108	8.061099650905033e-107	2.5491435342050343e-105	8.06109964952136e-104
1258.9254117941687	1.909153541347901e-111	6.037273593635731e-110	1.90915354134761e-108	6.037273593626503e-107	1.9091535413184204e-105	6.037273592703464e-104
1412.5375446227554	1.4296029568768654e-111	4.5208014934423124e-110	1.4296029568766695e-108	4.520801493436154e-107	1.4296029568571993e-105	4.520801492820433e-104
1584.893192461114	1.0702139642106273e-111	3.38431371062347e-110	1.0702139642104964e-108	3.3843137106193653e-107	1.0702139641975106e-105	3.38431371020871e-104
1778.2794100389265	8.022752472068769e-112	2.5370170915483473e-110	8.022752472067906e-109	2.5370170915456036e-107	8.022752471981169e-106	2.5370170912713216e-104
1995.2623149688789	6.013963484113706e-112	1.9017822374881006e-110	6.013963484113131e-109	1.9017822374862687e-107	6.013963484055196e-106	1.901782237303067e-104
2238.721138568342	4.507783861681552e-112	1.4254864202663006e-110	4.507783861681162e-109	1.4254864202650765e-107	4.507783861642471e-106	1.425486420142715e-104
2511.8864315095875	3.3791573014910836e-112	1.0685833644700042e-110	3.379157301490828e-109	1.068583364469188e-107	3.3791573014649803e-106	1.068583364387449e-104
2818.382931264455	2.5408572211729334e-112	8.034896028192627e-111	2.540857221172762e-109	8.034896028187153e-108	2.540857221155442e-106	8.034896027639452e-105
3162.277660168386	1.9126598240088527e-112	6.04836143296475e-111	1.9126598240087382e-109	6.0483614329610755e-108	1.9126598239971186e-106	6.048361432593659e-105
3548.133892335753	1.4415967188622122e-112	4.558729099029989e-111	1.4415967188621341e-109	4.5587290990275225e-108	1.44159671885433e-106	4.558729098780727e-105
3981.0717055349774	1.0883291855298844e-112	3.441599070310385e-111	1.0883291855298313e-109	3.441599070308725e-108	1.0883291855245807e-106	3.441599070142681e-105
4466.835921509644	8.247278200642871e-113	2.6080183611086515e-111	8.247278200642523e-110	2.608018361107531e-108	8.247278200607059e-107	2.6080183609953935e-105
5011.872336272725	6.270459837166426e-113	1.9828935062054364e-111	6.270459837166182e-110	1.9828935062046773e-108	6.270459837142157e-107	1.9828935061286933e-105
5623.413251903502	4.788345917244148e-113	1.5142079323259591e-111	4.788345917243981e-110	1.5142079323254409e-108	4.788345917227631e-107	1.51420793227373e-105
6309.57344480193	3.678676899113773e-113	1.1632997777044939e-111	3.678676899113663e-110	1.1632997777041404e-108	3.678676899102466e-107	1.1632997776687335e-105
7079.457843841388	2.881466072774666e-113	9.111995790468417e-112	2.8814660727745886e-110	9.111995790465947e-109	2.8814660727667717e-107	9.111995790218773e-106
7943.282347242838	2.2830558536771947e-113	7.219656523000031e-112	2.2830558536771397e-110	7.219656522998284e-109	2.2830558536716203e-107	7.21965652282374e-106
8912.509381337459	1.828196856402652e-113	5.781266077392151e-112	1.8281968564026125e-110	5.781266077390912e-109	1.8281968563986733e-107	5.781266077266344e-106
10000.00000000002	1.475540325866704e-113	4.6660682091658425e-112	1.4755403258666754e-110	4.666068209164946e-109	1.475540325863843e-107	4.666068209075342e-106
11220.18454301963	1.16558076507621e-113	3.685890014522461e-112	1.1655807650761901e-110	3.6858900145218306e-109	1.165580765074196e-107	3.6858900144587496e-106
12589.254117941688	9.14070798927732e-114	2.8905456672614274e-112	9.140707989277183e-111	2.8905456672609877e-109	9.140707989263242e-108	2.8905456672168954e-106
14125.375446227583	7.108612565587984e-114	2.2479406710951073e-112	7.108612565587887e-111	2.247940671094804e-109	7.108612565578225e-108	2.2479406710642425e-106
15848.93192461114	5.486026107876742e-114	1.7348337804039087e-112	5.486026107876679e-111	1.7348337804036982e-109	5.486026107870033e-108	1.7348337803826798e-106
17782.794100389263	4.299870084812556e-114	1.3597383110829058e-112	4.2998700848125154e-111	1.359738311082759e-109	4.29987008480787e-108	1.359738311068076e-106
19952.62314968879	3.371948231473923e-114	1.0663036563634253e-112	3.37194823147389e-111	1.066303656363323e-109	3.3719482314706448e-108	1.0663036563530601e-106
22387.211385683422	2.6457976561173786e-114	8.366746821265835e-113	2.6457976561173547e-111	8.366746821265115e-110	2.6457976561150853e-108	8.366746821193354e-107
25118.864315095874	2.0790617065278672e-114	6.574570388664616e-113	2.079061706527853e-111	6.574570388664117e-110	2.079061706526263e-108	6.574570388613854e-107
28183.82931264455	1.680414960098003e-114	5.313938688130648e-113	1.6804149600979917e-111	5.313938688130289e-110	1.6804149600968468e-108	5.313938688094078e-107
31622.776601683858	1.3673013251792113e-114	4.323786435332838e-113	1.3673013251792021e-111	4.323786435332577e-110	1.3673013251783723e-108	4.323786435306319e-107
35481.33892335753	1.1097465406691123e-114	3.5093266940070696e-113	1.1097465406691057e-111	3.5093266940068795e-110	1.1097465406685054e-108	3.5093266939878856e-107
39810.71705534977	8.835027093349594e-115	2.7938808804281796e-113	8.835027093349555e-112	2.793880880428044e-110	8.835027093345294e-109	2.7938808804145684e-107
44668.35921509644	6.213376001306106e-115	1.964842012315662e-113	6.213376001306072e-112	1.9648420123155778e-110	6.213376001303402e-109	1.9648420123071306e-107
50118.72336272725	4.171753167683275e-115	1.3192241845901495e-113	4.171753167683263e-112	1.319224184590099e-110	4.1717531676816633e-109	1.3192241845850443e-107
56234.132519035025	2.7387756410621315e-115	8.660769025944105e-114	2.7387756410621222e-112	8.660769025943812e-111	2.738775641061187e-109	8.660769025914239e-108
63095.73444801956	1.803178328045213e-115	5.7021505440771415e-114	1.8031783280452073e-112	5.702150544076975e-111	1.8031783280446584e-109	5.702150544059619e-108
70794.57843841388	1.219916906715333e-115	3.8577159813676106e-114	1.2199169067153304e-112	3.857715981367506e-111	1.2199169067149995e-109	3.857715981357044e-108
79432.82347242838	8.713958095322497e-116	2.7555955016481722e-114	8.713958095322481e-113	2.7555955016481056e-111	8.713958095320368e-110	2.755595501641445e-108
89125.0938133746	6.85890322145614e-116	2.1689756430467684e-114	6.858903221456127e-113	2.168975643046722e-111	6.858903221454646e-110	2.168975643042049e-108
100000.0000000002	6.60139246368134e-116	2.0875435913903395e-114	6.601392463681326e-113	2.0875435913903e-111	6.60139246368006e-110	2.087543591386292e-108