0.00001584893192461114	3.943275952029876e10	6.309241523247798e7	649020.7180862594
0.00001778279410038923	3.683513846864437e10	5.893622154983098e7	606266.6754889399
0.000019952623149688786	3.3611472148954758e10	5.377835543832762e7	553208.6025788147
0.000022387211385683423	3.0542979137473137e10	4.886876661995702e7	502704.51506423723
0.000025118864315095822	2.785921530322116e10	4.4574744485153854e7	458532.65511658334
0.00002818382931264455	2.55943133697638e10	4.0950901391622074e7	421254.8105748953
0.000031622776601683795	2.354411623602833e10	3.767058597764532e7	387510.7756115188
0.000035481338923357534	2.157027651627074e10	3.451244242603318e7	355023.50137840805
0.000039810717055349776	1.9811899175654392e10	3.169903868104704e7	326082.50566427433
0.00004466835921509635	1.8247472759175266e10	2.919595641468042e7	300333.7331064286
0.00005011872336272725	1.6785664795243473e10	2.6857063672389545e7	276273.9496675638
0.00005623413251903491	1.5328832885102795e10	2.4526132616164472e7	252296.0667105326
0.00006309573444801943	1.4060071437375023e10	2.249611429980002e7	231413.62084821457
0.00007079457843841388	1.2992566552425442e10	2.078810648388071e7	213843.64107964386
0.00007943282347242822	1.1972186148181772e10	1.9155497837090828e7	197049.27946915422
0.00008912509381337459	1.0927849072902458e10	1.7484558516643923e7	179860.6168757343
0.0001	9.988830862728106e9	1.5982129380364968e7	164405.38928128436
0.00011220184543019641	9.149134267199194e9	1.4638614827518713e7	150584.88840753186
0.00012589254117941674	8.394963844539293e9	1.3431942151262868e7	138172.05615260985
0.00014125375446227554	7.69588423159036e9	1.2313414770544568e7	126665.95924447884
0.00015848931924611142	7.0630245321148405e9	1.130083925138374e7	116249.77073527698
0.00017782794100389227	6.47158246131905e9	1.0354531938110484e7	106515.2717510832
0.0001995262314968881	5.942309838912451e9	9.507695742259923e6	97804.0148764305
0.00022387211385683424	5.461139726797798e9	8.737823562876474e6	89884.47347265067
0.0002511886431509582	5.02062529130303e9	8.033000466084849e6	82634.08068426355
0.0002818382931264455	4.605607400488164e9	7.368971840781065e6	75803.33353919872
0.00031622776601683794	4.223782029360073e9	6.7580512469761195e6	69518.89949076396
0.0003548133892335757	3.8624303989562545e9	6.179888638330004e6	63571.44114650069
0.00039810717055349773	3.538211500662136e9	5.661138401059415e6	58235.14754828916
0.0004466835921509635	3.2413209250416403e9	5.186113480066623e6	53348.64868474735
0.0005011872336272725	2.9764238535679398e9	4.7622781657087e6	48988.72841443738
0.0005623413251903491	2.7366696588343987e9	4.378671454135038e6	45042.63279437168
0.0006309573444801936	2.514369333481768e9	4.0229909335708297e6	41383.80905121204
0.0007079457843841388	2.2994075818109856e9	3.6790521308975783e6	37845.77032078454
0.0007943282347242822	2.105919521481789e9	3.369471234370861e6	34661.165403866915
0.0008912509381337459	1.9300677480175931e9	3.088108396828149e6	31766.834759020134
0.001	1.771186898307667e9	2.8338990372922663e6	29151.827226620324
0.0011220184543019641	1.622567211450008e9	2.5961075383200124e6	26705.707374509544
0.0012589254117941688	1.4895025356776268e9	2.3832040570842023e6	24515.60623849217
0.0014125375446227555	1.368558778722278e9	2.1896940459556454e6	22525.00236135789
0.001584893192461114	1.2577806148931613e9	2.0124489838290578e6	20701.7131898344
0.0017782794100389247	1.1527911232882094e9	1.8444657972611354e6	18973.69932365086
0.0019952623149688807	1.0574287710135095e9	1.6918860336216143e6	17404.137793982605
0.00223872113856834	9.664617560674611e8	1.546338809707937e6	15906.918779116131
0.002511886431509582	8.430716278943146e8	1.3489146046309036e6	13876.050268621284
0.002818382931264455	7.29051741534867e8	1.1664827864557868e6	11999.405838422863
0.0031622776601683824	6.367281221484224e8	1.0187649954374755e6	10479.858576718594
0.0035481338923357567	5.624446349971797e8	899911.4159954874	9257.232446583492
0.003981071705534978	5.0045964269000703e8	800735.4283040115	8237.026285331614
0.004466835921509635	4.4589113881289357e8	713425.8221006296	7338.887529584986
0.005011872336272725	3.955393369102687e8	632862.9390564297	6510.151143257363
0.005623413251903496	3.4614883467687804e8	553838.1354830047	5697.236713323664
0.006309573444801936	3.044535015999248e8	487125.6025598796	5010.976473268192
0.007079457843841388	2.685810259686449e8	429729.6415498318	4420.554190451278
0.00794328234724282	2.39461194256748e8	383137.910810797	3941.2731480358357
0.008912509381337459	2.1466480801430914e8	343463.6928228946	3533.1513579103544
0.01000000000000001	1.9514987770611888e8	312239.8043297903	3211.9566397089784
0.01122018454301964	1.811810740884319e8	289889.718541491	2982.0451887974536
0.012589254117941687	1.6829554982160372e8	269272.87971456576	2769.96334836045
0.014125375446227554	1.5559264597479212e8	248948.23355966745	2560.8872431947834
0.01584893192461114	1.429013453231371e8	228642.15251701922	2352.0021141145917
0.017782794100389247	1.298452632621405e8	207752.42121942475	2137.1130762256976
0.01995262314968881	1.1808543169198398e8	188936.69070717428	1943.5589242189749
0.022387211385683423	1.0740045021137884e8	171840.72033820607	1767.6956461313493
0.025118864315095822	9.775326267369044e7	156405.2202779047	1608.9133377311416
0.02818382931264455	8.828449741077702e7	141255.19585724323	1453.0676676566745
0.031622776601683826	8.09194117337439e7	129471.05877399023	1331.8462960604454
0.035481338923357565	7.613074506171718e7	121809.19209874752	1253.0300042268839
0.039810717055349776	7.092909229159908e7	113486.54766655852	1167.4164063664653
0.04466835921509635	6.4456920299976476e7	103131.07247996233	1060.8914315820266
0.05011872336272725	5.871146274012885e7	93938.34038420614	966.3273930366921
0.05623413251903497	5.4022377312271625e7	86435.80369963459	889.1501011459454
0.06309573444801936	4.976276012135759e7	79620.41619417217	819.0413935218578
0.07079457843841387	4.569243261293878e7	73107.89218070207	752.0481900408697
0.07943282347242822	4.198296082517469e7	67172.73732027946	690.9942827642042
0.08912509381337459	3.856973707030314e7	61711.57931248501	634.8162987903597
0.1000000000000001	3.530723950530809e7	56491.58320849293	581.1191054377672
0.11220184543019641	3.1765039882029105e7	50824.06381124655	522.8183176899056
0.12589254117941687	2.8551903652552396e7	45683.04584408383	469.9335587145551
0.14125375446227553	2.5811099832252495e7	41297.759731603976	424.82288207857414
0.15848931924611143	2.351031590189209e7	37616.50544302734	386.95445854419904
0.1778279410038923	2.175180259857945e7	34802.88415772711	358.01122503063544
0.19952623149688828	1.9036860322098345e7	30458.97651535734	313.3262015303788
0.22387211385683423	1.6765072485274833e7	26824.115976439727	275.935022441433
0.25118864315095824	1.4926029795231584e7	23881.647672370542	245.66636202296183
0.2818382931264455	1.3810484059090752e7	22096.774494545203	227.3056816258548
0.31622776601683794	1.2751742854382928e7	20402.788567012685	209.8799425879043
0.354813389233576	1.1599519441572638e7	18559.23110651621	190.9155871667985
0.39810717055349776	1.0471344186857762e7	16754.150698972415	172.34703850701538
0.4466835921509635	9.427858147214646e6	15084.573035543433	155.1723830428564
0.5011872336272725	8.386287470347317e6	13418.059952555703	138.02925238546374
0.5623413251903491	7.312047912457547e6	11699.276659932082	120.34842715943867
0.6309573444801942	6.305425501755427e6	10088.68080280868	103.7805072932343
0.7079457843841388	5.394967282856845e6	8631.947652570954	88.79534637105965
0.7943282347242822	4.575841163522047e6	7321.345861635276	75.31341336304338
0.8912509381337459	4.0342625282937433e6	6454.8200452699875	66.39961278169902
1.000000000000002	3.5549222198751094e6	5687.875551800173	58.51018797445455
1.1220184543019653	3.101119748773288e6	4961.791598037262	51.04108844282762
1.2589254117941688	2.6832977169497e6	4293.276347119519	44.16418815927496
1.4125375446227555	2.292234681571449e6	3667.5754905143185	37.72771211433746
1.584893192461114	1.942045735891064e6	3107.273177425701	31.963979528633992
1.7782794100389265	1.6391296763980477e6	2622.607482236877	26.97830769527387
1.9952623149688828	1.3749038997023043e6	2199.846239523686	22.62943621343667
2.2387211385683425	1.1490181752959476e6	1838.4290804735156	18.911600666467617
2.5118864315095824	957443.3807532709	1531.909409205233	15.758486042133223
2.818382931264455	795851.8099884772	1273.3628959815628	13.098862962990966
3.1622776601683857	659547.3292329735	1055.2757267727575	10.85543812905884
3.5481338923357604	545029.7044926055	872.0475271881681	8.970601461610629
3.9810717055349776	448884.02402955946	718.214438447295	7.388147194292711
4.4668359215096345	367112.21797028644	587.379548752458	6.042271406409291
5.011872336272725	297205.12017150986	475.52819227441574	4.891675927811532
5.623413251903503	239697.83256231225	383.5165320996995	3.945167959478716
6.309573444801943	192881.4173573739	308.61026777179814	3.174620227487186
7.0794578438413875	154859.25203045146	247.77480324872232	2.548816369378533
7.943282347242821	124129.60497201611	198.60736795522584	2.043039501540097
8.91250938133746	99243.53447410751	158.78965515857197	1.6334416052380731
10.000000000000021	79232.86316742466	126.77258106787943	1.3040875245487438
11.220184543019652	63067.014818293035	100.90722370926886	1.038015085499023
12.589254117941687	50144.2567682423	80.2308108291877	0.82532041712357
14.125375446227554	39734.34557184136	63.57495291494614	0.6539844994223394
15.848931924611142	31466.738084467557	50.34678093514806	0.5179085916343359
17.782794100389264	24827.205917529267	39.72352946804682	0.40862904875768624
19.95262314968883	19589.018934837717	31.34243029574035	0.3224141371376534
22.387211385683422	15394.777835913157	24.63164453746106	0.25338144952040365
25.11886431509582	12106.863021368952	19.370980834190313	0.19926591563687063
28.18382931264455	9481.277885443134	15.170044616709012	0.15605161435425347
31.622776601683857	7435.128831142449	11.896206129827915	0.12237420641504633
35.481338923357605	5804.957811742621	9.287932498788196	0.09554334855764351
39.81071705534978	4541.190616937993	7.265904987100787	0.07474310271525604
44.668359215096345	3536.318304212199	5.658109286739518	0.05820398757535384
50.11872336272725	2760.8514744850704	4.417362359176111	0.045440639414987445
56.23413251903502	2145.2424938651325	3.4323879901842105	0.035308379144015786
63.09573444801943	1672.0186791489264	2.675229886638283	0.02751962523029263
70.79457843841388	1296.841297659371	2.0749460762549936	0.021344609925600902
79.43282347242821	1009.3818491347292	1.6150109586155668	0.016613337248473022
89.12509381337459	780.8416461299503	1.2493466338079198	0.012851811844972234
100.0000000000002	607.7659603658802	0.9724255365854083	0.01000317261139173
112.20184543019653	466.7607013371703	0.7468171221394723	0.007682378033937844
125.89254117941688	358.6654396052128	0.5738647033683405	0.0059032465390983
141.25375446227554	278.1462621955872	0.4450340195129396	0.004577987668609945
158.48931924611142	218.9201499620229	0.3502722399392366	0.0036031896996395474
177.82794100389265	168.54374436334996	0.2696699909813598	0.002774048362994698
199.5262314968883	130.11418865424665	0.2081827018467946	0.0021415392983115877
223.87211385683423	99.50736884602863	0.15921179015364578	0.0016377840346192053
251.18864315095823	76.49418836400073	0.12239070138240116	0.001259011889235725
281.8382931264455	58.55938962946094	0.09369502340713746	0.0009638244335510263
316.2277660168386	45.10410731722338	0.07216657170755734	0.0007423649898150022
354.81338923357606	34.59017225894683	0.05534427561431491	0.0005693169514721044
398.1071705534977	26.68715809502737	0.0426994529520438	0.0004392418568018335
446.6835921509635	20.495774368044465	0.03279323898887113	0.0003373383541984837
501.18723362727246	15.83395794304336	0.025334332708869374	0.00026060988070215023
562.3413251903502	12.171898392703827	0.01947503742832611	0.0002003363277489886
630.9573444801943	9.41028118336409	0.01505644989338254	0.00015488308516366055
707.9457843841387	7.237913812204026	0.011580662099526441	0.00011912825977661946
794.3282347242822	5.599024395874253	0.008958439033398803	0.00009215390650309889
891.2509381337459	4.311316805523851	0.006898106888838159	0.00007095962755480137
1000.000000000002	3.3398282112731823	0.005343725138037091	0.00005496997243749695
1122.0184543019652	2.5712286858972804	0.00411396589743565	0.00004231965270465047
1258.9254117941687	1.9891628186464076	0.0031826605098342533	0.00003273947592442293
1412.5375446227554	1.5310241457408644	0.0024496386331853822	0.000025199007184993716
1584.893192461114	1.1848737343011064	0.0018957979748817696	0.000019501744519852607
1778.2794100389265	0.9117826137611073	0.0014588521820177711	0.000015006959034078693
1995.2623149688789	0.7054029061308629	0.00112864464980938	0.000011610171498180717
2238.721138568342	0.542865127067614	0.0008685842033081823	8.93497485034093e-6
2511.8864315095875	0.42012328855352865	0.0006721972616856456	6.914776488858476e-6
2818.382931264455	0.3231753542847114	0.0005170805668555383	5.3191179886275354e-6
3162.277660168386	0.24977383677200463	0.00039963813883520734	4.111008128088989e-6
3548.133892335753	0.1915376072974205	0.0003064601716758727	3.15250256236072e-6
3981.0717055349774	0.14741055093956246	0.00023585688150329982	2.4262187781972684e-6
4466.835921509644	0.11299355973605733	0.00018078969557769174	1.8597522002300647e-6
5011.872336272725	0.08714898954632563	0.000139438383274121	1.4343784321442714e-6
5623.413251903502	0.06653636960146087	0.00010645819136233732	1.0951169256963464e-6
6309.57344480193	0.05090549334542248	0.00008144878935267591	8.378495506654584e-7
7079.457843841388	0.03867771272631229	0.00006188434036209966	6.365934617039218e-7
7943.282347242838	0.029442012759538515	0.00004710722041526161	4.845837951884662e-7
8912.509381337459	0.021850306863429928	0.00003496049098148787	3.596324990547091e-7
10000.00000000002	0.01611606375896386	0.000025785702014342177	2.6525303835716497e-7
11220.18454301963	0.012298089141326896	0.000019676942626123024	2.024132914533682e-7
12589.254117941688	0.009755871589843904	0.000015609394543750233	1.6057113075077677e-7
14125.375446227583	0.007327192927542698	0.00001172350868406832	1.205976977832947e-7
15848.93192461114	0.005382970606656503	8.612752970650406e-6	8.85978940117291e-8
17782.794100389263	0.004078269862574429	6.525231780119088e-6	6.712392606951779e-8
19952.62314968879	0.003179037385840162	5.086459817344258e-6	5.2323528763411645e-8
22387.211385683422	0.0023350461710780856	3.736073873724936e-6	3.84323430861475e-8
25118.864315095874	0.0016763438655304345	2.6821501848486936e-6	2.7590813136118435e-8
28183.82931264455	0.001325789152736248	2.1212626443779973e-6	2.1821060417973364e-8
31622.776601683858	0.0011157160455814435	1.7851456729303096e-6	1.8363483506927142e-8
35481.33892335753	0.0008094058916818895	1.295049426691023e-6	1.3321948538047663e-8
39810.71705534977	0.0005187382182406796	8.299811491850871e-7	8.537871936861144e-9
44668.35921509644	0.00036712530763986084	5.874004922237771e-7	6.042486848261445e-9
50118.72336272725	0.00029762702768081116	4.762032442892975e-7	4.898620070650728e-9
56234.132519035025	0.00025569550393989454	4.0911280630383125e-7	4.208472386850626e-9
63095.73444801956	0.00022793776229001274	3.647004196640202e-7	3.75160987869201e-9
70794.57843841388	0.0001695226612497759	2.7123625799964135e-7	2.7901602797944314e-9
79432.82347242838	0.00010960029138644563	1.75360466218313e-7	1.803902660717348e-9
89125.0938133746	0.00006487052723719887	1.0379284357951818e-7	1.0676989559517926e-9
100000.0000000002	0.00007464492497734667	1.1943187996375463e-7	1.228575007167681e-9