0.00001584893192461114	2.0113054210230584e-67	6.36030620067678e-67	2.0113054210230589e-66	6.360306200676778e-66	2.0113054210230593e-65	6.3603062006767745e-65
0.00001778279410038923	2.2417421752650102e-68	7.089011200697812e-68	2.2417421752650115e-67	7.089011200697814e-67	2.2417421752650103e-66	7.089011200697808e-66
0.000019952623149688786	1.391939494206748e-68	4.401699166836071e-68	1.3919394942067476e-67	4.401699166836075e-67	1.3919394942067486e-66	4.401699166836071e-66
0.000022387211385683423	1.1894181261349054e-68	3.76127036887575e-68	1.1894181261349059e-67	3.761270368875748e-67	1.1894181261349067e-66	3.7612703688757474e-66
0.000025118864315095822	1.1193607734579847e-68	3.5397295675749826e-68	1.1193607734579847e-67	3.5397295675749834e-67	1.1193607734579854e-66	3.539729567574982e-66
0.00002818382931264455	8.342024319021751e-69	2.637979714462382e-68	8.342024319021753e-68	2.637979714462381e-67	8.342024319021757e-67	2.637979714462383e-66
0.000031622776601683795	3.898102466126296e-69	1.2326882345678452e-68	3.8981024661262974e-68	1.2326882345678463e-67	3.898102466126298e-67	1.2326882345678455e-66
0.000035481338923357534	1.490561713201285e-69	4.713570006758728e-69	1.4905617132012844e-68	4.713570006758733e-68	1.490561713201285e-67	4.7135700067587284e-67
0.000039810717055349776	5.896247119440315e-70	1.8645570544638261e-69	5.89624711944032e-69	1.8645570544638274e-68	5.89624711944032e-68	1.8645570544638264e-67
0.00004466835921509635	4.5285747059398686e-70	1.4320610624997233e-69	4.5285747059398705e-69	1.4320610624997245e-68	4.52857470593987e-68	1.4320610624997236e-67
0.00005011872336272725	2.0891283382018146e-70	6.60640387312029e-70	2.0891283382018144e-69	6.606403873120291e-69	2.0891283382018126e-68	6.606403873120284e-68
0.00005623413251903491	7.78017322750949e-71	2.4603067989593378e-70	7.780173227509492e-70	2.4603067989593377e-69	7.780173227509491e-69	2.460306798959339e-68
0.00006309573444801943	3.0238639302249806e-71	9.562297353939412e-71	3.0238639302249826e-70	9.562297353939409e-70	3.0238639302249825e-69	9.562297353939415e-69
0.00007079457843841388	2.3238014606010297e-71	7.348505445525289e-71	2.3238014606010295e-70	7.34850544552529e-70	2.323801460601031e-69	7.348505445525292e-69
0.00007943282347242822	1.0597121844532436e-71	3.351104167104726e-71	1.0597121844532441e-70	3.351104167104729e-70	1.0597121844532435e-69	3.351104167104731e-69
0.00008912509381337459	3.9118648090406474e-72	1.2370402695228085e-71	3.911864809040648e-71	1.2370402695228087e-70	3.91186480904065e-70	1.2370402695228094e-69
0.0001	1.5143928300283292e-72	4.788930615117754e-72	1.514392830028329e-71	4.788930615117757e-71	1.514392830028329e-70	4.788930615117753e-70
0.00011220184543019641	1.1546272950651843e-72	3.651252101005277e-72	1.154627295065184e-71	3.651252101005277e-71	1.1546272950651835e-70	3.6512521010052765e-70
0.00012589254117941674	5.2589557681185307e-73	1.6630278341334863e-72	5.25895576811853e-72	1.663027834133487e-71	5.258955768118532e-71	1.6630278341334868e-70
0.00014125375446227554	1.9476644483015485e-73	6.159055774368158e-73	1.9476644483015494e-72	6.159055774368166e-72	1.947664448301549e-71	6.159055774368161e-71
0.00015848931924611142	7.561118919522462e-74	2.391035744508235e-73	7.561118919522465e-73	2.391035744508236e-72	7.561118919522459e-72	2.391035744508236e-71
0.00017782794100389227	5.765359478079687e-74	1.8231667480371423e-73	5.765359478079688e-73	1.8231667480371425e-72	5.765359478079688e-72	1.8231667480371422e-71
0.0001995262314968881	2.63172477400437e-74	8.322244460545696e-74	2.6317247740043707e-73	8.322244460545701e-73	2.631724774004371e-72	8.322244460545704e-72
0.00022387211385683424	9.76180691897963e-75	3.0869543942766426e-74	9.761806918979635e-74	3.0869543942766433e-73	9.761806918979631e-73	3.0869543942766407e-72
0.0002511886431509582	3.7921659425864923e-75	1.199188164389264e-74	3.792165942586492e-74	1.1991881643892632e-73	3.792165942586493e-73	1.1991881643892637e-72
0.0002818382931264455	2.9434267688945876e-75	9.307932715616949e-75	2.9434267688945888e-74	9.307932715616954e-74	2.943426768894589e-73	9.307932715616955e-73
0.00031622776601683794	1.343232484347981e-75	4.247674077666093e-75	1.3432324843479822e-74	4.247674077666095e-74	1.3432324843479822e-73	4.2476740776660944e-73
0.0003548133892335757	4.9342950673537666e-76	1.5603611060171845e-75	4.934295067353765e-75	1.5603611060171863e-74	4.9342950673537684e-74	1.5603611060171846e-73
0.00039810717055349773	1.9027141733163927e-76	6.016910523964175e-76	1.902714173316393e-75	6.016910523964181e-75	1.9027141733163934e-74	6.016910523964181e-74
0.0004466835921509635	1.444284666184754e-76	4.5672291347997953e-76	1.4442846661847546e-75	4.567229134799798e-75	1.4442846661847545e-74	4.567229134799796e-74
0.0005011872336272725	6.559448370768997e-77	2.0742797045910674e-76	6.559448370768996e-76	2.0742797045910672e-75	6.559448370768999e-75	2.0742797045910674e-74
0.0005623413251903491	2.429945523943277e-77	7.684162445791982e-77	2.4299455239432794e-76	7.684162445791982e-76	2.42994552394328e-75	7.684162445791975e-75
0.0006309573444801936	9.442006959406245e-78	2.9858247674884755e-77	9.442006959406245e-77	2.9858247674884735e-76	9.44200695940625e-76	2.985824767488473e-75
0.0007079457843841388	7.248224839104195e-78	2.2920899484576748e-77	7.248224839104198e-77	2.292089948457675e-76	7.248224839104198e-76	2.2920899484576746e-75
0.0007943282347242822	3.3115263038622815e-78	1.0471965651763652e-77	3.3115263038622837e-77	1.0471965651763662e-76	3.311526303862281e-76	1.0471965651763659e-75
0.0008912509381337459	1.224687916732532e-78	3.8728032397614385e-78	1.2246879167325322e-77	3.8728032397614395e-77	1.2246879167325322e-76	3.87280323976144e-76
0.001	4.745560791426952e-79	1.5006780875700438e-78	4.745560791426954e-78	1.5006780875700435e-77	4.745560791426958e-77	1.5006780875700436e-76
0.0011220184543019641	3.6049145681524666e-79	1.1399740805684093e-78	3.604914568152469e-78	1.1399740805684093e-77	3.604914568152471e-77	1.1399740805684086e-76
0.0012589254117941688	1.642773497708182e-79	5.1949059325192544e-79	1.6427734977081818e-78	5.1949059325192585e-78	1.642773497708182e-77	5.194905932519254e-77
0.0014125375446227555	6.098288422791893e-80	1.928448124465825e-79	6.098288422791893e-79	1.9284481244658257e-78	6.0982884227918895e-78	1.9284481244658264e-77
0.001584893192461114	2.3714424036363196e-80	7.499159335395138e-80	2.3714424036363196e-79	7.499159335395144e-79	2.3714424036363205e-78	7.499159335395139e-78
0.0017782794100389247	1.792781890943523e-80	5.669274123285127e-80	1.792781890943524e-79	5.669274123285126e-79	1.792781890943524e-78	5.669274123285126e-78
0.0019952623149688807	8.195018873406381e-81	2.591492510803125e-80	8.195018873406379e-80	2.5914925108031237e-79	8.19501887340638e-79	2.591492510803124e-78
0.00223872113856834	2.5792188884670343e-81	8.156206271683624e-81	2.5792188884670357e-80	8.156206271683631e-80	2.5792188884670362e-79	8.156206271683629e-79
0.002511886431509582	8.041694442346132e-82	2.54300706849314e-81	8.041694442346136e-81	2.543007068493139e-80	8.041694442346135e-80	2.5430070684931394e-79
0.002818382931264455	5.918880758445215e-82	1.8717144395631768e-81	5.918880758445216e-81	1.871714439563179e-80	5.9188807584452155e-80	1.8717144395631788e-79
0.0031622776601683824	2.5593593754522237e-82	8.093404977335066e-82	2.5593593754522256e-81	8.093404977335069e-81	2.559359375452226e-80	8.093404977335065e-80
0.0035481338923357567	8.87683948053542e-83	2.807103118219784e-82	8.87683948053542e-82	2.8071031182197833e-81	8.876839480535424e-81	2.8071031182197827e-80
0.003981071705534978	3.2816905701865862e-83	1.0377616777686263e-82	3.2816905701865844e-82	1.0377616777686264e-81	3.281690570186584e-81	1.037761677768627e-80
0.004466835921509635	2.370227750658232e-83	7.495318265417686e-83	2.370227750658234e-82	7.495318265417679e-82	2.3702277506582344e-81	7.495318265417677e-81
0.005011872336272725	8.876793944937358e-84	2.807088718599336e-83	8.876793944937359e-83	2.807088718599335e-82	8.87679394493736e-82	2.807088718599337e-81
0.005623413251903496	3.01529354253878e-84	9.535195408420356e-84	3.015293542538779e-83	9.535195408420358e-83	3.0152935425387803e-82	9.535195408420359e-82
0.006309573444801936	1.1207858411216282e-84	3.5442360272119544e-84	1.1207858411216281e-83	3.5442360272119535e-83	1.1207858411216285e-82	3.544236027211955e-82
0.007079457843841388	8.15013663588466e-85	2.577299501097792e-84	8.1501366358846595e-84	2.577299501097793e-83	8.150136635884662e-83	2.5772995010977935e-82
0.00794328234724282	3.6615096848886135e-85	1.1578710279013414e-84	3.661509684888612e-84	1.1578710279013432e-83	3.661509684888611e-83	1.1578710279013415e-82
0.008912509381337459	1.3510046925869064e-85	4.272251958150223e-85	1.351004692586906e-84	4.272251958150223e-84	1.3510046925869062e-83	4.272251958150222e-83
0.01000000000000001	5.217323232226936e-86	1.6498624703148715e-85	5.217323232226934e-85	1.6498624703148728e-84	5.217323232226937e-84	1.649862470314873e-83
0.01122018454301964	3.828892838047321e-86	1.2108022284935754e-85	3.828892838047324e-85	1.210802228493576e-84	3.8288928380473245e-84	1.2108022284935761e-83
0.012589254117941687	1.74307957383266e-86	5.512101596226843e-86	1.743079573832661e-85	5.512101596226842e-85	1.7430795738326606e-84	5.512101596226844e-84
0.014125375446227554	6.547138780242975e-87	2.070387070278443e-86	6.547138780242975e-86	2.0703870702784416e-85	6.547138780242973e-85	2.07038707027844e-84
0.01584893192461114	2.5651775501775035e-87	8.11180366129177e-87	2.5651775501775028e-86	8.11180366129178e-86	2.565177550177505e-85	8.111803661291773e-85
0.017782794100389247	1.9252365456812796e-87	6.088132518947651e-87	1.9252365456812796e-86	6.088132518947653e-86	1.9252365456812797e-85	6.088132518947654e-85
0.01995262314968881	8.847609793755531e-88	2.797859879668009e-87	8.84760979375554e-87	2.7978598796680094e-86	8.847609793755528e-86	2.7978598796680087e-85
0.022387211385683423	3.319203303221581e-88	1.0496242455334693e-87	3.3192033032215796e-87	1.0496242455334702e-86	3.31920330322158e-86	1.0496242455334696e-85
0.025118864315095822	1.2976725421543426e-88	4.103600890268588e-88	1.2976725421543425e-87	4.10360089026859e-87	1.2976725421543421e-86	4.1036008902685876e-86
0.02818382931264455	1.0503892461538137e-88	3.32162244759331e-88	1.050389246153813e-87	3.3216224475933113e-87	1.0503892461538142e-86	3.321622447593311e-86
0.031622776601683826	4.807019574765187e-89	1.5201130613272049e-88	4.807019574765183e-88	1.5201130613272046e-87	4.807019574765185e-87	1.5201130613272047e-86
0.035481338923357565	1.7278259505072857e-89	5.463865403948388e-89	1.727825950507287e-88	5.463865403948392e-88	1.7278259505072863e-87	5.463865403948391e-87
0.039810717055349776	6.548761440300308e-90	2.0709002004433786e-89	6.54876144030031e-89	2.0709002004433786e-88	6.548761440300311e-88	2.0709002004433772e-87
0.04466835921509635	4.50600867664844e-90	1.4249250574690242e-89	4.506008676648441e-89	1.4249250574690242e-88	4.506008676648438e-88	1.4249250574690244e-87
0.05011872336272725	2.0285593360023534e-90	6.4148678705662415e-90	2.0285593360023545e-89	6.414867870566245e-89	2.0285593360023534e-88	6.414867870566248e-88
0.05623413251903497	7.846536872263839e-91	2.4812928260847403e-90	7.8465368722638384e-90	2.4812928260847395e-89	7.846536872263843e-89	2.4812928260847414e-88
0.06309573444801936	3.1640251911545546e-91	1.000552617819803e-90	3.164025191154554e-90	1.0005526178198035e-89	3.164025191154553e-89	1.0005526178198028e-88
0.07079457843841387	2.1496253814255596e-91	6.79771232141298e-91	2.149625381425561e-90	6.7977123214129775e-90	2.14962538142556e-89	6.797712321412981e-89
0.07943282347242822	1.0114104111646765e-91	3.198360548487772e-91	1.0114104111646762e-90	3.1983605484877707e-90	1.0114104111646758e-89	3.19836054848777e-89
0.08912509381337459	4.0877510432314337e-92	1.2926603804340754e-91	4.0877510432314373e-91	1.2926603804340755e-90	4.087751043231435e-90	1.2926603804340757e-89
0.1000000000000001	1.5317287778291408e-92	4.843751695566108e-92	1.5317287778291405e-91	4.8437516955661114e-91	1.5317287778291407e-90	4.843751695566106e-90
0.11220184543019641	9.062297280416463e-93	2.8657500239665637e-92	9.062297280416464e-92	2.865750023966565e-91	9.062297280416467e-91	2.8657500239665663e-90
0.12589254117941687	4.096820405974945e-93	1.295528364753653e-92	4.0968204059749455e-92	1.2955283647536525e-91	4.0968204059749464e-91	1.295528364753652e-90
0.14125375446227553	1.6593247168241229e-93	5.247245482978147e-93	1.659324716824124e-92	5.2472454829781524e-92	1.6593247168241234e-91	5.247245482978149e-91
0.15848931924611143	6.904422846787429e-94	2.1833702124752063e-93	6.904422846787431e-93	2.183370212475205e-92	6.904422846787435e-92	2.1833702124752067e-91
0.1778279410038923	3.770451123312294e-94	1.1923213356007241e-93	3.770451123312296e-93	1.192321335600724e-92	3.770451123312295e-92	1.192321335600724e-91
0.19952623149688828	1.6636569072244658e-94	5.260945071900747e-94	1.6636569072244665e-93	5.260945071900752e-93	1.6636569072244675e-92	5.26094507190075e-92
0.22387211385683423	7.601935589576827e-95	2.403943108895773e-94	7.601935589576831e-94	2.403943108895774e-93	7.6019355895768304e-93	2.403943108895774e-92
0.25118864315095824	3.53669466150994e-95	1.1184010518929649e-94	3.5366946615099417e-94	1.1184010518929659e-93	3.5366946615099433e-93	1.1184010518929649e-92
0.2818382931264455	1.7996680135906423e-95	5.691049955097292e-95	1.7996680135906424e-94	5.691049955097289e-94	1.7996680135906427e-93	5.691049955097294e-93
0.31622776601683794	9.127302233297417e-96	2.8863063949961387e-95	9.127302233297424e-95	2.88630639499614e-94	9.127302233297418e-94	2.8863063949961403e-93
0.354813389233576	4.691589233644898e-96	1.4836107824241752e-95	4.6915892336448997e-95	1.483610782424175e-94	4.6915892336448974e-94	1.4836107824241759e-93
0.39810717055349776	2.4653828210320096e-96	7.796225018712425e-96	2.4653828210320105e-95	7.796225018712427e-95	2.465382821032011e-94	7.796225018712418e-94
0.4466835921509635	1.2569925966201165e-96	3.9749596072888395e-96	1.2569925966201164e-95	3.9749596072888405e-95	1.2569925966201168e-94	3.974959607288836e-94
0.5011872336272725	6.874305673799922e-97	2.173846326142622e-96	6.874305673799926e-96	2.1738463261426238e-95	6.874305673799923e-95	2.1738463261426232e-94
0.5623413251903491	3.9682032508315473e-97	1.2548560491112135e-96	3.968203250831547e-96	1.2548560491112154e-95	3.968203250831547e-95	1.2548560491112138e-94
0.6309573444801942	2.3898330001831573e-97	7.557315508012367e-97	2.3898330001831573e-96	7.557315508012373e-96	2.389833000183156e-95	7.557315508012369e-95
0.7079457843841388	1.492383351218659e-97	4.719330531965986e-97	1.492383351218659e-96	4.719330531965987e-96	1.4923833512186588e-95	4.719330531965984e-95
0.7943282347242822	9.574640515864734e-98	3.0277671807462083e-97	9.574640515864733e-97	3.0277671807462097e-96	9.574640515864736e-96	3.0277671807462073e-95
0.8912509381337459	6.283939491858053e-98	1.9871561472952566e-97	6.283939491858053e-97	1.9871561472952564e-96	6.28393949185805e-96	1.9871561472952555e-95
1.000000000000002	4.2061306985287785e-98	1.3300953143705978e-97	4.206130698528781e-97	1.3300953143705978e-96	4.206130698528781e-96	1.3300953143705982e-95
1.1220184543019653	2.8685866698082968e-98	9.071267542191589e-98	2.8685866698082974e-97	9.071267542191582e-97	2.8685866698082958e-96	9.071267542191585e-96
1.2589254117941688	1.963291679099353e-98	6.208473417210347e-98	1.9632916790993523e-97	6.208473417210352e-97	1.963291679099353e-96	6.208473417210352e-96
1.4125375446227555	1.2708845424236015e-98	4.0188897971594716e-98	1.2708845424236022e-97	4.018889797159471e-97	1.2708845424236025e-96	4.018889797159471e-96
1.584893192461114	8.782471458876316e-99	2.777261329547099e-98	8.782471458876316e-98	2.7772613295470986e-97	8.782471458876316e-97	2.7772613295470993e-96
1.7782794100389265	6.2598712386419175e-99	1.97954509734879e-98	6.259871238641924e-98	1.9795450973487906e-97	6.259871238641919e-97	1.9795450973487914e-96
1.9952623149688828	4.4251675201864e-99	1.3993608391588161e-98	4.4251675201863986e-98	1.399360839158816e-97	4.425167520186401e-97	1.3993608391588159e-96
2.2387211385683425	3.2089329992327553e-99	1.0147537136450859e-98	3.2089329992327566e-98	1.0147537136450864e-97	3.208932999232757e-97	1.014753713645086e-96
2.5118864315095824	2.3475749318663265e-99	7.423683762612196e-99	2.3475749318663294e-98	7.423683762612199e-98	2.3475749318663286e-97	7.423683762612196e-97
2.818382931264455	1.7048120834415421e-99	5.3910891662523e-99	1.704812083441542e-98	5.391089166252304e-98	1.7048120834415413e-97	5.391089166252299e-97
3.1622776601683857	1.2449748457876273e-99	3.936956142305789e-99	1.2449748457876278e-98	3.9369561423057914e-98	1.2449748457876278e-97	3.936956142305789e-97
3.5481338923357604	9.155189813147805e-100	2.8951252220718407e-99	9.155189813147803e-99	2.895125222071841e-98	9.155189813147805e-98	2.89512522207184e-97
3.9810717055349776	6.789954820585015e-100	2.14717224426886e-99	6.789954820585018e-99	2.1471722442688603e-98	6.789954820585015e-98	2.1471722442688599e-97
4.4668359215096345	4.843162817638097e-100	1.53154255827751e-99	4.8431628176380996e-99	1.53154255827751e-98	4.843162817638099e-98	1.5315425582775098e-97
5.011872336272725	3.580857461646894e-100	1.1323665555213217e-99	3.580857461646893e-99	1.1323665555213224e-98	3.580857461646893e-98	1.1323665555213218e-97
5.623413251903503	2.705296127366206e-100	8.554897507710184e-100	2.705296127366206e-99	8.554897507710185e-99	2.7052961273662066e-98	8.554897507710185e-98
6.309573444801943	2.0712309786742462e-100	6.549807452910262e-100	2.0712309786742457e-99	6.549807452910262e-99	2.071230978674248e-98	6.549807452910258e-98
7.0794578438413875	1.6005645545349386e-100	5.061429534463187e-100	1.6005645545349383e-99	5.061429534463189e-99	1.600564554534938e-98	5.061429534463189e-98
7.943282347242821	1.2475205726797262e-100	3.945006437585559e-100	1.2475205726797254e-99	3.945006437585563e-99	1.2475205726797257e-98	3.9450064375855576e-98
8.91250938133746	9.79745768991727e-101	3.0982281579270303e-100	9.797457689917283e-100	3.0982281579270304e-99	9.797457689917277e-99	3.098228157927029e-98
10.000000000000021	7.746943357123527e-101	2.449798591282156e-100	7.74694335712353e-100	2.449798591282158e-99	7.746943357123528e-99	2.4497985912821568e-98
11.220184543019652	6.156830421872338e-101	1.9469607300531966e-100	6.156830421872346e-100	1.946960730053197e-99	6.156830421872341e-99	1.9469607300531964e-98
12.589254117941687	4.920778546354299e-101	1.556086806777204e-100	4.9207785463543e-100	1.556086806777204e-99	4.920778546354301e-99	1.5560868067772032e-98
14.125375446227554	3.953776324305912e-101	1.2502938543655234e-100	3.953776324305913e-100	1.2502938543655236e-99	3.953776324305915e-99	1.2502938543655242e-98
15.848931924611142	3.1923921708106994e-101	1.0095230444251118e-100	3.192392170810701e-100	1.0095230444251117e-99	3.1923921708107014e-99	1.0095230444251115e-98
17.782794100389264	2.5848517212402613e-101	8.17401885292587e-101	2.5848517212402636e-100	8.174018852925861e-100	2.5848517212402613e-99	8.17401885292587e-99
19.95262314968883	2.1013827614960562e-101	6.645155762141925e-101	2.101382761496059e-100	6.645155762141922e-100	2.1013827614960585e-99	6.645155762141925e-99
22.387211385683422	1.714934276643858e-101	5.4230983516878944e-101	1.7149342766438599e-100	5.423098351687896e-100	1.71493427664386e-99	5.4230983516878945e-99
25.11886431509582	1.4045475455112096e-101	4.441569325814433e-101	1.4045475455112117e-100	4.4415693258144325e-100	1.4045475455112108e-99	4.441569325814431e-99
28.18382931264455	1.1521121403757692e-101	3.643298483519071e-101	1.1521121403757696e-100	3.643298483519073e-100	1.1521121403757697e-99	3.643298483519071e-99
31.622776601683857	9.476802878570743e-102	2.9968282032723635e-101	9.476802878570743e-101	2.996828203272365e-100	9.476802878570743e-100	2.996828203272364e-99
35.481338923357605	7.815972039975779e-102	2.4716273774516085e-101	7.815972039975775e-101	2.4716273774516076e-100	7.815972039975777e-100	2.471627377451608e-99
39.81071705534978	6.461957643866495e-102	2.0434504298153317e-101	6.461957643866497e-101	2.0434504298153337e-100	6.4619576438665e-100	2.043450429815332e-99
44.668359215096345	5.348146737337498e-102	1.6912324950784777e-101	5.348146737337499e-101	1.6912324950784776e-100	5.348146737337497e-100	1.6912324950784772e-99
50.11872336272725	4.434388609621921e-102	1.4022768036712533e-101	4.434388609621922e-101	1.402276803671253e-100	4.434388609621925e-100	1.402276803671253e-99
56.23413251903502	3.683000032713583e-102	1.164666872584958e-101	3.6830000327135845e-101	1.1646668725849586e-100	3.683000032713584e-100	1.1646668725849576e-99
63.09573444801943	3.063621741148834e-102	9.688022591241117e-102	3.063621741148836e-101	9.68802259124112e-101	3.0636217411488365e-100	9.68802259124112e-100
70.79457843841388	2.5508948496212443e-102	8.066637796395837e-102	2.550894849621245e-101	8.06663779639584e-101	2.550894849621244e-100	8.066637796395843e-100
79.43282347242821	2.1263415398210126e-102	6.724082349264022e-102	2.1263415398210125e-101	6.724082349264022e-101	2.1263415398210147e-100	6.724082349264021e-100
89.12509381337459	1.774167381045673e-102	5.610409874480175e-102	1.7741673810456734e-101	5.6104098744801756e-101	1.7741673810456732e-100	5.610409874480173e-100
100.0000000000002	1.4815584786112361e-102	4.6850992791453655e-102	1.481558478611237e-101	4.685099279145369e-101	1.481558478611238e-100	4.685099279145368e-100
112.20184543019653	1.2384839291953459e-102	3.916430061771999e-102	1.2384839291953467e-101	3.916430061772003e-101	1.238483929195347e-100	3.916430061772001e-100
125.89254117941688	1.0359142093184266e-102	3.275848361978653e-102	1.035914209318427e-101	3.2758483619786513e-101	1.0359142093184265e-100	3.2758483619786527e-100
141.25375446227554	8.668639801430543e-103	2.741264598811025e-102	8.668639801430538e-102	2.7412645988110264e-101	8.66863980143054e-101	2.741264598811027e-100
158.48931924611142	7.25650872589177e-103	2.2947095434704457e-102	7.256508725891776e-102	2.294709543470446e-101	7.256508725891776e-101	2.2947095434704465e-100
177.82794100389265	5.88729821311597e-103	1.861727161808585e-102	5.887298213115968e-102	1.8617271618085844e-101	5.887298213115965e-101	1.8617271618085826e-100
199.5262314968883	4.76020096000289e-103	1.5053077153729202e-102	4.760200960002892e-102	1.505307715372922e-101	4.7602009600028895e-101	1.5053077153729218e-100
223.87211385683423	3.9199707606659614e-103	1.2396035964967221e-102	3.919970760665961e-102	1.2396035964967229e-101	3.919970760665963e-101	1.2396035964967227e-100
251.18864315095823	3.248409319289926e-103	1.0272372221473308e-102	3.2484093192899307e-102	1.0272372221473323e-101	3.248409319289928e-101	1.0272372221473319e-100
281.8382931264455	2.7046251506663933e-103	8.552775693081876e-103	2.704625150666394e-102	8.552775693081878e-102	2.7046251506663938e-101	8.552775693081877e-101
316.2277660168386	2.2569365854216577e-103	7.137060144495614e-103	2.2569365854216575e-102	7.1370601444956145e-102	2.256936585421658e-101	7.137060144495614e-101
354.81338923357606	1.885924403450285e-103	5.963816609797215e-103	1.8859244034502837e-102	5.96381660979721e-102	1.8859244034502836e-101	5.963816609797209e-101
398.1071705534977	1.577248257242245e-103	4.987696928416662e-103	1.577248257242245e-102	4.987696928416664e-102	1.577248257242246e-101	4.987696928416661e-101
446.6835921509635	1.3220108601685428e-103	4.180565409610966e-103	1.3220108601685434e-102	4.180565409610968e-102	1.3220108601685431e-101	4.1805654096109646e-101
501.18723362727246	1.1086423790334201e-103	3.5058350283333126e-103	1.1086423790334207e-102	3.5058350283333115e-102	1.1086423790334206e-101	3.505835028333312e-101
562.3413251903502	9.298636956216674e-104	2.940487191666007e-103	9.29863695621667e-103	2.9404871916660086e-102	9.298636956216677e-102	2.9404871916660074e-101
630.9573444801943	7.798988236282046e-104	2.466256627151068e-103	7.798988236282043e-103	2.4662566271510703e-102	7.798988236282038e-102	2.4662566271510704e-101
707.9457843841387	6.552480244138948e-104	2.0720761894735238e-103	6.552480244138947e-103	2.0720761894735247e-102	6.552480244138948e-102	2.0720761894735245e-101
794.3282347242822	5.505356192742477e-104	1.740946489957916e-103	5.505356192742477e-103	1.7409464899579167e-102	5.505356192742473e-102	1.7409464899579163e-101
891.2509381337459	4.624534151635354e-104	1.4624061036402206e-103	4.624534151635356e-103	1.462406103640222e-102	4.624534151635356e-102	1.4624061036402214e-101
1000.000000000002	3.88335635274641e-104	1.2280251040762927e-103	3.883356352746411e-103	1.2280251040762937e-102	3.883356352746412e-102	1.2280251040762932e-101
1122.0184543019652	3.266142572743403e-104	1.032844969271134e-103	3.2661425727434047e-103	1.0328449692711344e-102	3.2661425727434055e-102	1.0328449692711345e-101
1258.9254117941687	2.7466590798216806e-104	8.685698648218738e-104	2.746659079821683e-103	8.685698648218741e-103	2.7466590798216813e-102	8.685698648218737e-102
1412.5375446227554	2.309029918487871e-104	7.301793727894608e-104	2.3090299184878696e-103	7.301793727894604e-103	2.3090299184878705e-102	7.301793727894608e-102
1584.893192461114	1.940397746042637e-104	6.136076444151707e-104	1.9403977460426355e-103	6.136076444151711e-103	1.940397746042636e-102	6.136076444151706e-102
1778.2794100389265	1.6330707571759582e-104	5.164223172891796e-104	1.6330707571759586e-103	5.164223172891795e-103	1.633070757175959e-102	5.164223172891792e-102
1995.2623149688789	1.3744698118448323e-104	4.3464551805727534e-104	1.3744698118448335e-103	4.3464551805727514e-103	1.3744698118448336e-102	4.34645518057275e-102
2238.721138568342	1.1568881476612367e-104	3.6584015446627065e-104	1.1568881476612362e-103	3.6584015446627057e-103	1.1568881476612372e-102	3.658401544662707e-102
2511.8864315095875	9.740651381983374e-105	3.0802644260734266e-104	9.74065138198338e-104	3.08026442607343e-103	9.74065138198338e-103	3.0802644260734282e-102
2818.382931264455	8.22976668714667e-105	2.602480734316187e-104	8.22976668714668e-104	2.602480734316187e-103	8.229766687146679e-103	2.6024807343161874e-102
3162.277660168386	6.964230867463941e-105	2.2022831692436285e-104	6.964230867463944e-104	2.2022831692436278e-103	6.964230867463942e-103	2.202283169243628e-102
3548.133892335753	5.904285490137095e-105	1.867099010471685e-104	5.904285490137093e-104	1.8670990104716855e-103	5.904285490137094e-103	1.8670990104716845e-102
3981.0717055349774	5.017725625270292e-105	1.586744164964665e-104	5.0177256252702886e-104	1.586744164964665e-103	5.01772562527029e-103	1.5867441649646656e-102
4466.835921509644	4.288055849584301e-105	1.3560023218694775e-104	4.288055849584305e-104	1.3560023218694775e-103	4.288055849584303e-103	1.3560023218694779e-102
5011.872336272725	3.680994877179935e-105	1.1640327867300357e-104	3.6809948771799345e-104	1.1640327867300358e-103	3.6809948771799356e-103	1.164032786730036e-102
5623.413251903502	3.1771816327014723e-105	1.0047130499389162e-104	3.177181632701472e-104	1.0047130499389162e-103	3.1771816327014723e-103	1.0047130499389168e-102
6309.57344480193	2.7613624996180598e-105	8.732194944168906e-105	2.7613624996180616e-104	8.732194944168907e-104	2.7613624996180605e-103	8.732194944168908e-103
7079.457843841388	2.444161953201947e-105	7.729118742444028e-105	2.444161953201947e-104	7.72911874244403e-104	2.4441619532019464e-103	7.729118742444028e-103
7943.282347242838	2.1887539248672717e-105	6.921447640213638e-105	2.188753924867272e-104	6.921447640213636e-104	2.1887539248672725e-103	6.921447640213634e-103
8912.509381337459	1.98109039870149e-105	6.264757910587788e-105	1.98109039870149e-104	6.264757910587792e-104	1.9810903987014903e-103	6.264757910587793e-103
10000.00000000002	1.8069518365939066e-105	5.714083425861137e-105	1.8069518365939064e-104	5.714083425861137e-104	1.8069518365939078e-103	5.714083425861138e-103
11220.18454301963	1.6108207388501882e-105	5.093862437001871e-105	1.610820738850188e-104	5.09386243700187e-104	1.6108207388501882e-103	5.093862437001874e-103
12589.254117941688	1.4225402151861713e-105	4.49846714317435e-105	1.4225402151861718e-104	4.49846714317435e-104	1.4225402151861716e-103	4.49846714317435e-103
14125.375446227583	1.2419259412670515e-105	3.927314659652383e-105	1.2419259412670518e-104	3.927314659652385e-104	1.2419259412670518e-103	3.9273146596523843e-103
15848.93192461114	1.0716743362019798e-105	3.388931812347299e-105	1.0716743362019805e-104	3.388931812347297e-104	1.0716743362019809e-103	3.388931812347301e-103
17782.794100389263	9.33437896114198e-106	2.9517898060365024e-105	9.334378961141988e-105	2.9517898060365035e-104	9.334378961141988e-104	2.951789806036503e-103
19952.62314968879	8.090634260993801e-106	2.55848319801336e-105	8.0906342609938e-105	2.5584831980133614e-104	8.090634260993798e-104	2.55848319801336e-103
22387.211385683422	6.98182008004536e-106	2.2078453666442432e-105	6.981820080045355e-105	2.2078453666442427e-104	6.981820080045354e-104	2.2078453666442435e-103
25118.864315095874	6.011836917453255e-106	1.901109758063796e-105	6.011836917453262e-105	1.9011097580637973e-104	6.011836917453258e-104	1.901109758063797e-103
28183.82931264455	5.356919432248113e-106	1.6940066647920083e-105	5.356919432248115e-105	1.694006664792009e-104	5.356919432248115e-104	1.6940066647920082e-103
31622.776601683858	4.80931947259457e-106	1.5208403528798579e-105	4.809319472594568e-105	1.5208403528798582e-104	4.809319472594568e-104	1.520840352879858e-103
35481.33892335753	4.3187640943555613e-106	1.365713121511791e-105	4.3187640943555604e-105	1.3657131215117905e-104	4.3187640943555613e-104	1.3657131215117905e-103
39810.71705534977	3.82783095663133e-106	1.210466432105622e-105	3.827830956631332e-105	1.2104664321056215e-104	3.827830956631331e-104	1.2104664321056222e-103
44668.35921509644	3.061718155364075e-106	9.682002924439751e-106	3.0617181553640714e-105	9.682002924439753e-105	3.0617181553640723e-104	9.68200292443975e-104
50118.72336272725	2.3567970845150483e-106	7.452846769911907e-106	2.35679708451505e-105	7.45284676991191e-105	2.3567970845150494e-104	7.452846769911907e-104
56234.132519035025	1.7770402636516968e-106	5.619494726965484e-106	1.777040263651697e-105	5.6194947269654876e-105	1.7770402636516964e-104	5.619494726965488e-104
63095.73444801956	1.3396879479145602e-106	4.2364652692870317e-106	1.33968794791456e-105	4.236465269287035e-105	1.3396879479145598e-104	4.236465269287033e-104
70794.57843841388	1.0316724409002252e-106	3.262434712470166e-106	1.0316724409002258e-105	3.2624347124701676e-105	1.031672440900226e-104	3.262434712470169e-104
79432.82347242838	8.319017344075522e-107	2.63070427017233e-106	8.319017344075526e-106	2.63070427017233e-105	8.31901734407552e-105	2.6307042701723306e-104
89125.0938133746	7.295763153284661e-107	2.3071228833511697e-106	7.295763153284662e-106	2.30712288335117e-105	7.295763153284656e-105	2.3071228833511704e-104
100000.0000000002	7.579226915829883e-107	2.396761995727572e-106	7.57922691582988e-106	2.3967619957275718e-105	7.579226915829882e-105	2.3967619957275732e-104