0.00001584893192461114	0.3957074442865975	0.0006331319108585562	6.512918009472862e-6
0.00001778279410038923	0.4531073877090273	0.000724971820334444	7.457659208195184e-6
0.000019952623149688786	0.47379304601339345	0.0007580688736214297	7.798122847314219e-6
0.000022387211385683423	0.5046453517740273	0.0008074325628384435	8.305918545179996e-6
0.000025118864315095822	0.5507081161687595	0.0008811329858700156	9.064061997177518e-6
0.00002818382931264455	0.5948355846844684	0.0009517369354951498	9.790352565014936e-6
0.000031622776601683795	0.6539751073317248	0.0010463601717307593	0.000010763725362727521
0.000035481338923357534	0.7035804054955075	0.001125728648792812	0.000011580175102152136
0.000039810717055349776	0.7748765314107277	0.001239802450257165	0.000012753632486346742
0.00004466835921509635	0.8428143571226608	0.0013485029713962583	0.000013871815869025816
0.00005011872336272725	0.9285025901812339	0.0014856041442899742	0.000015282151823895768
0.00005623413251903491	0.995223821163725	0.0015923581138619618	0.000016380311368666265
0.00006309573444801943	1.0969606503395704	0.0017551370405433134	0.00001805478991723288
0.00007079457843841388	1.2007485759047012	0.0019211977214475232	0.00001976302730153995
0.00007943282347242822	1.3244408934240017	0.002119105429478403	0.00002179886952294991
0.00008912509381337459	1.4210853003910016	0.0022737364806256037	0.000023389532290957685
0.0001	1.5560494321518927	0.0024896790914430296	0.000025610896425168257
0.00011220184543019641	1.6785792002021962	0.0026857267203235146	0.00002762760433540248
0.00012589254117941674	1.8458246948459214	0.0029533195117534767	0.000030380284907364137
0.00014125375446227554	1.9938894556523212	0.003190223129043716	0.000032817271274812564
0.00015848931924611142	2.1935862800575743	0.0035097380480921202	0.000036104065756145414
0.00017782794100389227	2.366252878839823	0.0037860046061437185	0.00003894597185895011
0.0001995262314968881	2.606812203501885	0.0041708995256030165	0.00004290531904980919
0.00022387211385683424	2.826230091641521	0.0045219681466264336	0.00004651670098335231
0.0002511886431509582	3.115033293099809	0.004984053268959698	0.00005127009038536922
0.0002818382931264455	3.369922886003134	0.005391876617605018	0.00005546529834522992
0.00031622776601683794	3.701614146842494	0.005922582634947989	0.00006092457897665724
0.0003548133892335757	3.9840587284592925	0.006374493965534867	0.00006557331234988575
0.00039810717055349773	4.374135141859274	0.006998616226974842	0.00007199354966051697
0.0004466835921509635	4.717823056708789	0.00754851689073406	0.00007765028228604819
0.0005011872336272725	5.197318495847775	0.008315709593356445	0.00008554226037773805
0.0005623413251903491	5.642334008812656	0.009027734414100251	0.00009286673604968067
0.0006309573444801936	6.209336018755691	0.009934937630009107	0.00010219897797558868
0.0007079457843841388	6.683352432177406	0.010693363891483853	0.00011000077720968156
0.0007943282347242822	7.335987617310516	0.011737580187696831	0.00012074244889728964
0.0008912509381337459	7.923006905178952	0.012676811048286326	0.00013040415364170996
0.001	8.714324988018468	0.013942919980829556	0.00014342839634262392
0.0011220184543019641	9.398891145479487	0.015038225832767179	0.00015469561741712645
0.0012589254117941688	10.35025220734761	0.01656040353175618	0.00017035399504639463
0.0014125375446227555	11.219156040355648	0.017950649664569034	0.0001846552155672785
0.001584893192461114	12.359442061795594	0.019775107298872968	0.000203423094393454
0.0017782794100389247	13.346949128487754	0.02135511860558042	0.00021967639630122133
0.0019952623149688807	14.674045324379906	0.02347847251900785	0.00024151896924071067
0.00223872113856834	14.574063090427533	0.023318500944684056	0.0002398733694382865
0.002511886431509582	14.312566907662992	0.022900107052260806	0.0002355694241303937
0.002818382931264455	14.70679846716146	0.023530877547458338	0.0002420580506670744
0.0031622776601683824	15.718592169466158	0.025149747471145872	0.00025871108441904707
0.0035481338923357567	16.734446586939963	0.026775114539103938	0.0002754309531657563
0.003981071705534978	18.147967596931313	0.02903674815509013	0.00029869598539010146
0.004466835921509635	19.301541393611163	0.030882466229777868	0.00031768256667415385
0.005011872336272725	19.33236702849916	0.030931787245598665	0.0003181899233982041
0.005623413251903496	19.969874066490846	0.03195179850638536	0.00032868260209012825
0.006309573444801936	21.387890846866227	0.03422062535498597	0.00035202162984911226
0.007079457843841388	22.592217834777102	0.03614754853564339	0.0003718435539551901
0.00794328234724282	24.56263992960224	0.03930022388736361	0.00040427457776568803
0.008912509381337459	25.8634255202074	0.04138148083233184	0.00042568410650171854
0.01000000000000001	28.99863532140785	0.04639781651425255	0.000477286280462654
0.01122018454301964	30.432322456399167	0.04869171593023868	0.0005008832253679205
0.012589254117941687	33.969844355667604	0.0543517509690682	0.0005591070228205741
0.014125375446227554	38.6149729879539	0.06178395678072626	0.0006355608332361901
0.01584893192461114	43.321603781893415	0.06931456605102951	0.0007130269029409251
0.017782794100389247	46.412682803149906	0.07426029248503987	0.000763902731831484
0.01995262314968881	50.79167845867564	0.08126668553388103	0.0008359762803079203
0.022387211385683423	54.59454075001261	0.08735126520002019	0.0008985672946100303
0.025118864315095822	59.48352596025287	0.09517364153640462	0.0009790347214516605
0.02818382931264455	62.680414101298624	0.10028866256207788	0.0010316520544048592
0.031622776601683826	69.51343542637345	0.11122149668219761	0.001144116220267152
0.035481338923357565	78.39500095675005	0.1254320015308001	0.0012902972156724547
0.039810717055349776	87.36898128400283	0.13979037005440462	0.0014379992590226646
0.04466835921509635	93.17533001101268	0.14908052801762028	0.0015335655005463732
0.05011872336272725	101.79629740791404	0.16287407585266248	0.0016754573315670989
0.05623413251903497	110.79370348679711	0.17726992557887555	0.0018235449375390924
0.06309573444801936	122.1842302515664	0.1954947684025062	0.0020110207305138596
0.07079457843841387	132.39297017983046	0.21182875228772877	0.002179045585979203
0.07943282347242822	145.46236215245534	0.23273977944392873	0.0023941536906670674
0.08912509381337459	157.3658573299898	0.2517853717279839	0.002590072390799704
0.1000000000000001	164.7896531681806	0.26366344506908906	0.002712260068366324
0.11220184543019641	170.35008815357145	0.2725601410457145	0.002803778834767459
0.12589254117941687	183.6426138201862	0.29382818211229805	0.003022559479547984
0.14125375446227553	196.97055539048776	0.31515288862478047	0.0032419230319292464
0.15848931924611143	217.2950342077057	0.34767205473232937	0.0035764420459964584
0.1778279410038923	240.10800439741652	0.3841728070358664	0.003951918945770232
0.19952623149688828	255.07094258259164	0.4081135081321468	0.004198192780109006
0.22387211385683423	279.7312789665501	0.44757004634648057	0.004604075336208751
0.25118864315095824	300.8052758160003	0.48128844130560056	0.00495093060919914
0.2818382931264455	314.0807512047448	0.5025292019275919	0.005169430624784007
0.31622776601683794	330.55764325464304	0.5288922292074292	0.005440622507881862
0.354813389233576	348.0290728034294	0.5568465164854871	0.005728183406223498
0.39810717055349776	372.00389402093987	0.5952062304335042	0.0061227831215837315
0.4466835921509635	406.36427554090216	0.650182840865444	0.006688317965178031
0.5011872336272725	431.298336055521	0.6900773376888336	0.007098705725427824
0.5623413251903491	443.57568480904155	0.7097210956944664	0.007300777652453461
0.6309573444801942	448.06534484827995	0.7169045517572479	0.007374672617403345
0.7079457843841388	446.9033104268414	0.7150452966829461	0.007355546783355268
0.7943282347242822	440.9061037676247	0.7054497660281992	0.007256839225988582
0.8912509381337459	453.48066872007695	0.7255690699521232	0.007463803011286488
1.000000000000002	465.65312060361174	0.7450449929657789	0.00766414844889796
1.1220184543019653	472.64264357375345	0.756228229718006	0.007779188463148717
1.2589254117941688	473.87405766754773	0.758198492268077	0.0077994562118211
1.4125375446227555	457.4290544809918	0.7318864871695875	0.0075287891850416245
1.584893192461114	451.26301058548074	0.7220208169367692	0.007427302748751103
1.7782794100389265	445.05065292406823	0.7120810446785094	0.007325054037794341
1.9952623149688828	433.38425121264856	0.6934148019402381	0.007133037640556645
2.2387211385683425	424.38452845294535	0.6790152455247124	0.0069849119045154425
2.5118864315095824	415.064481873294	0.6641031709972707	0.0068315139836672
2.818382931264455	404.97828862557355	0.6479652618009176	0.006665506114473497
3.1622776601683857	394.05967496915343	0.6304954799506455	0.006485797502598432
3.5481338923357604	382.24278453942054	0.6115884552630728	0.006291304223265447
3.9810717055349776	369.6376733287186	0.59142027732595	0.006083837679481827
4.4668359215096345	346.1488224687039	0.5538381159499266	0.005697236512390283
5.011872336272725	327.49070807546036	0.5239851329207369	0.0053901440606077735
5.623413251903503	310.92131567564064	0.49747410508102513	0.0051174297214541
6.309573444801943	295.15911173578553	0.47225457877725685	0.004858000834302523
7.0794578438413875	279.8420222138173	0.4477472355421077	0.0046058980506913
7.943282347242821	264.8633021900606	0.423781283504097	0.004359364464300337
8.91250938133746	250.2049757513979	0.40032796120223657	0.004118104210975525
10.000000000000021	235.87748778531906	0.3774039804565105	0.0038822892023066546
11.220184543019652	221.93040102271272	0.3550886416363405	0.0036527351874216848
12.589254117941687	208.38820909225953	0.33342113454761535	0.003429845305047607
14.125375446227554	195.31073614903	0.31249717783844816	0.003214604196293872
15.848931924611142	182.71349048903858	0.29234158478246175	0.003007267110996862
17.782794100389264	170.6468661032932	0.2730349857652692	0.0028086634799301038
19.95262314968883	159.11308277213274	0.25458093243541263	0.002618829838285327
22.387211385683422	148.14632962701754	0.23703412740322818	0.002438328902314728
25.11886431509582	137.73714870397114	0.2203794379263538	0.0022670050041257686
28.18382931264455	127.90279315705219	0.20464446905128358	0.002105142112037496
31.622776601683857	118.62542411434856	0.18980067858295774	0.0019524466174463246
35.481338923357605	109.90757197100326	0.17585211515360533	0.0018089601679288567
39.81071705534978	101.72633441139526	0.1627621350582325	0.001674305816055822
44.668359215096345	94.07290300323898	0.15051664480518245	0.0015483385845261961
50.11872336272725	86.92203108178609	0.13907524973085775	0.0014306429404509907
56.23413251903502	80.25708563980317	0.128411337023685	0.0013209451224594608
63.09573444801943	74.05245657083059	0.11848393051332894	0.001218823615803795
70.79457843841388	68.28678342444265	0.10925885347910828	0.0011239268504938987
79.43282347242821	62.9354042458851	0.10069664679341625	0.0010358489173370425
89.12509381337459	57.984610765627906	0.0927753772250047	0.0009543641929925726
100.0000000000002	53.381713261461044	0.0854107412183377	0.0008786054614258906
112.20184543019653	48.96834436705608	0.07834935098728973	0.000805966166487585
125.89254117941688	44.827830703254634	0.07172452912520745	0.0007378177745409583
141.25375446227554	40.989307895561495	0.06558289263289845	0.0006746398265772343
158.48931924611142	37.488106726919106	0.05998097076307057	0.0006170138292014483
177.82794100389265	33.884667346267044	0.054215467754027274	0.0005577051010560791
199.5262314968883	30.601247518252592	0.048961996029204174	0.0005036635498057889
223.87211385683423	27.875616983907705	0.04460098717425235	0.00045880260910170914
251.18864315095823	25.468768129985087	0.04075002900797615	0.0004191884712503158
281.8382931264455	23.289374219739777	0.03726299875158367	0.0003833179966036683
316.2277660168386	21.315093905166297	0.03410415024826607	0.00035082347065479427
354.81338923357606	19.533984174473176	0.0312543746791571	0.0003215083243026907
398.1071705534977	17.912469682161944	0.028659951491459112	0.00029481994355050475
446.6835921509635	16.417932090448396	0.02626869134471745	0.0002702214657168265
501.18723362727246	15.049086779834521	0.02407853884773525	0.00024769174734937864
562.3413251903502	13.801194161645897	0.022081910658633436	0.00022715277992726838
630.9573444801943	12.660415882045328	0.02025666541127253	0.00020837679906236236
707.9457843841387	11.6129508877898	0.018580721420463683	0.00019113665429410214
794.3282347242822	10.653960722361035	0.017046337155777667	0.00017535270984345204
891.2509381337459	9.776883739637146	0.015643013983419444	0.00016091696808788553
1000.000000000002	8.973274030986909	0.01435723844957906	0.00014769041847497333
1122.0184543019652	8.232583248703651	0.013172133197925845	0.00013549944657127255
1258.9254117941687	7.5524710218314155	0.01208395363493027	0.00012430553239347727
1412.5375446227554	6.9286020720855435	0.011085763315336866	0.00011403732193391364
1584.893192461114	6.355995910020132	0.010169593456032217	0.00010461284170465138
1778.2794100389265	5.828262494112745	0.009325219990580396	0.00009592691850990225
1995.2623149688789	5.343908618153729	0.008550253789045972	0.0000879549757849463
2238.721138568342	4.90102472282969	0.007841639556527506	0.00008066558424175278
2511.8864315095875	4.494201774348875	0.007190722838958205	0.0000739697170143763
2818.382931264455	4.117908229828129	0.0065886531677250065	0.00006777633086927627
3162.277660168386	3.768617356131088	0.006029787769809741	0.0000620273795804086
3548.133892335753	3.438802394828335	0.0055020838317253375	0.00005659898081693591
3981.0717055349774	3.1329878617484086	0.005012780578797455	0.00005156560323252983
4466.835921509644	2.8569311048469768	0.004571089767755162	0.000047022006568834437
5011.872336272725	2.602060884025374	0.004163297414440601	0.000042827117452558186
5623.413251903502	2.360087711445837	0.00377614033831334	0.00003884449984892993
6309.57344480193	2.132213637197192	0.0034115418195155077	0.00003509393820675102
7079.457843841388	1.9177790493405522	0.003068446478944885	0.00003156457602448717
7943.282347242838	1.7136744251779576	0.0027418790802847337	0.00002820523391020925
8912.509381337459	1.506907962499443	0.002411052739999109	0.00002480208080309064
10000.00000000002	1.3233896825620044	0.0021174234920992075	0.0000217815677252362
11220.18454301963	1.2107007903013478	0.0019371212644821569	0.000019926830023257528
12589.254117941688	1.1197709129862012	0.0017916334607779225	0.000018430222253765957
14125.375446227583	0.994858705579354	0.0015917739289269674	0.000016374301959696775
15848.93192461114	0.8752821066454238	0.0014004513706326789	0.000014406200029968472
17782.794100389263	0.8011379772738904	0.0012818207636382257	0.000013185867578677002
19952.62314968879	0.7383067970620064	0.0011812908752992107	0.000012151734076599055
22387.211385683422	0.6485139975942286	0.0010376223961507658	0.000010673841382846458
25118.864315095874	0.5667566541669369	0.0009068106466670992	9.32820363429652e-6
28183.82931264455	0.5407327120060615	0.0008651723392096986	8.899877596906411e-6
31622.776601683858	0.5188266488637651	0.0008301226381820245	8.539327409599904e-6
35481.33892335753	0.44591821392686576	0.0007134691422829854	7.339333156777366e-6
39810.71705534977	0.36515291089278884	0.0005842446574284623	6.0100233238033956e-6
44668.35921509644	0.32122673356580705	0.0005139627737052916	5.28704579196552e-6
50118.72336272725	0.2993327808800952	0.0004789324494081524	4.926694929720826e-6
56234.132519035025	0.30344865782149877	0.0004855178525143984	4.994437827772112e-6
63095.73444801956	0.3036876946720277	0.0004859003114752446	4.9983721166797765e-6
70794.57843841388	0.2623672600236694	0.0004197876160378712	4.3182823006650254e-6
79432.82347242838	0.21516749210702898	0.00034426798737124644	3.5414249962454965e-6
89125.0938133746	0.18533176958658443	0.0002965308313385353	3.0503611627627485e-6
100000.0000000002	0.20136864677417315	0.00032218983483867715	3.314310875508368e-6