0.00001584893192461114	1.854485877914768	0.002967177404663627	0.00003052283864499755
0.00001778279410038923	2.123491139268675	0.00339758582282988	0.00003495037529261719
0.000019952623149688786	2.2204346306148555	0.0035526954089837685	0.000036545960667130464
0.000022387211385683423	2.36502419080712	0.003784038705291389	0.00003892574897830489
0.000025118864315095822	2.5808976784079185	0.0041294362854526695	0.00004247879389940236
0.00002818382931264455	2.7877013874916448	0.0044603222199866305	0.000045882560042203746
0.000031622776601683795	3.064859199808474	0.004903774719693558	0.00005044427889123555
0.000035481338923357534	3.2973347982403802	0.005275735677184606	0.000054270576661599284
0.000039810717055349776	3.6314646221009794	0.005810343395361567	0.000059769993411888134
0.00004466835921509635	3.949855747105355	0.006319769195368566	0.00006501036814336637
0.00005011872336272725	4.351434288032425	0.006962294860851879	0.00007161991807522831
0.00005623413251903491	4.664123832797482	0.007462598132475972	0.00007676645094156282
0.00006309573444801943	5.14091423867568	0.008225462781881089	0.00008461390710147004
0.00007079457843841388	5.627317123022742	0.009003707396836383	0.00009261957429591664
0.00007943282347242822	6.207002088160663	0.00993120334105705	0.00010216056399368175
0.00008912509381337459	6.659926819518361	0.010655882911229377	0.00010961521687521496
0.0001	7.292437225853614	0.011667899561365781	0.00012002565639582265
0.00011220184543019641	7.866673894266869	0.012586678230826993	0.0001294769730020871
0.00012589254117941674	8.650471147616049	0.013840753836185677	0.0001423774309561104
0.00014125375446227554	9.344377749316028	0.014951004398905642	0.0001537983856749472
0.00015848931924611142	10.280258400719053	0.01644841344115049	0.0001692019724339199
0.00017782794100389227	11.089461698894405	0.017743138718231057	0.00018252058650122064
0.0001995262314968881	12.216844761375796	0.01954695161820127	0.00020107609653072554
0.00022387211385683424	13.245148324505445	0.021192237319208714	0.0002180008647962971
0.0002511886431509582	14.598626674063786	0.023357802678502043	0.00024027765954844627
0.0002818382931264455	15.793168645137518	0.02526906983222002	0.0002599385328244177
0.00031622776601683794	17.347642203660772	0.027756227525857234	0.00028552349206825483
0.0003548133892335757	18.671320834084863	0.029874113334535775	0.0003073098155638509
0.00039810717055349773	20.49941684390868	0.03279906695025389	0.00033739830542507215
0.0004466835921509635	22.110112810590504	0.035376180496944826	0.00036390862490642497
0.0005011872336272725	24.357271748959548	0.038971634798335264	0.00040089443887370425
0.0005623413251903491	26.442840257113875	0.042308544411382216	0.00043522064853406645
0.0006309573444801936	29.10009938976513	0.04656015902362421	0.0004789562696621491
0.0007079457843841388	31.3215808333988	0.050114529333438074	0.0005155194597432349
0.0007943282347242822	34.380160477867314	0.05500825676458771	0.0005658603839221554
0.0008912509381337459	37.131230732252384	0.0594099691716038	0.0006111400349972373
0.001	40.83974880729172	0.06534359809166677	0.0006721782451904376
0.0011220184543019641	44.047973190834945	0.07047675710533588	0.0007249821604760828
0.0012589254117941688	48.50653387627564	0.07761045420204098	0.0007983652635836977
0.0014125375446227555	52.578658145973094	0.08412585303355695	0.0008653880398186465
0.001584893192461114	57.92261705823569	0.09267618729317706	0.000953343843390414
0.0017782794100389247	62.55057626386356	0.10008092202218168	0.0010295150635497425
0.0019952623149688807	68.77002244677121	0.11003203591483385	0.0011318804439297702
0.00223872113856834	68.30145496444511	0.10928232794311217	0.0011241683282282406
0.002511886431509582	67.07595116089718	0.10732152185743549	0.001103997856562754
0.002818382931264455	68.92352029378591	0.11027763247005747	0.001134406853040016
0.0031622776601683824	73.66529899767151	0.11786447839627444	0.0012124514194573814
0.0035481338923357567	78.4261082733698	0.12548177323739165	0.0012908092085741907
0.003981071705534978	85.05058498972448	0.13608093598355914	0.00139984095496214
0.004466835921509635	90.45681715938233	0.14473090745501171	0.0014888217092277954
0.005011872336272725	90.60128172633183	0.14496205076213098	0.0014911994402849208
0.005623413251903496	93.5889631968138	0.14974234111490206	0.0015403734569394503
0.006309573444801936	100.23450937447862	0.16037521499916582	0.0016497519839503024
0.007079457843841388	105.87859675195736	0.16940575480313172	0.0017426475785583132
0.00794328234724282	115.11299454038483	0.18418079126461576	0.001894635812621775
0.008912509381337459	121.20913587611659	0.1939346174017864	0.0019949717281246
0.01000000000000001	135.9023199053136	0.21744371184850175	0.002236805699817452
0.01122018454301964	142.62130531632312	0.2281940885061169	0.002347392957450785
0.012589254117941687	159.19992798245653	0.2547198847719306	0.002620259216838903
0.014125375446227554	180.96935783284223	0.28955097253254763	0.0029785605674342787
0.01584893192461114	203.02701802080162	0.3248432288332824	0.003341605878709607
0.017782794100389247	217.51338282188172	0.3480214125150107	0.003580035828833101
0.01995262314968881	238.03557849920372	0.38085692559872597	0.003917809049303405
0.022387211385683423	255.85772088435237	0.4093723534149639	0.00421114230290668
0.025118864315095822	278.7699863992718	0.44603197823883467	0.004588253496705358
0.02818382931264455	293.7522264264489	0.47000356228231804	0.004834845018558491
0.031622776601683826	325.7752316385116	0.5212403706216183	0.0053619091675261585
0.035481338923357565	367.39875449022924	0.5878380071843665	0.006046987488676758
0.039810717055349776	409.45537997418603	0.6551286079586977	0.006739194212323168
0.04466835921509635	436.66687642682655	0.6986670022829224	0.007187066113319676
0.05011872336272725	477.06910418966356	0.7633105667034615	0.00785204323371174
0.05623413251903497	519.2355146326988	0.8307768234123183	0.008546056899450023
0.06309573444801936	572.6173029519897	0.9161876847231835	0.009424663596246892
0.07079457843841387	620.4606384808474	0.9927370215693556	0.010212113329877547
0.07943282347242822	681.7104410713981	1.0907367057142363	0.011220219060837045
0.08912509381337459	737.4962596686756	1.1799940154698805	0.012138393504763468
0.1000000000000001	772.2879340261482	1.2356606944418373	0.012711026963583073
0.11220184543019641	798.3469539014533	1.277355126242325	0.013139930342343275
0.12589254117941687	860.6424742068607	1.3770279587309773	0.014165247459735481
0.14125375446227553	923.1039714080505	1.4769663542528804	0.01519329637792978
0.15848931924611143	1018.354792404003	1.6293676678464042	0.016761022222966715
0.1778279410038923	1125.2679467076355	1.8004287147322169	0.018520697503701045
0.19952623149688828	1195.3918676931144	1.9126269883089828	0.019674861658243448
0.22387211385683423	1310.9627173927638	2.0975403478284225	0.021577033273275717
0.25118864315095824	1409.7261602159922	2.2555618563455875	0.023202573087419506
0.2818382931264455	1471.9417742674711	2.355106838827954	0.024226575034001066
0.31622776601683794	1549.160851289262	2.4786573620628185	0.02549751780920403
0.354813389233576	1631.040835689405	2.609665337103047	0.026845174095975362
0.39810717055349776	1743.3990134678413	2.7894384215485446	0.02869446859404585
0.4466835921509635	1904.4291967726142	3.047086714836183	0.031344851840702126
0.5011872336272725	2021.2828566444825	3.2340525706311714	0.03326813712845905
0.5623413251903491	2078.820742803501	3.3261131884856012	0.034215148715940474
0.6309573444801942	2099.861567937374	3.359778508699796	0.03456145801824745
0.7079457843841388	2094.4156849869178	3.351065095979069	0.03447182465486848
0.7943282347242822	2066.3097314168385	3.306095570266941	0.03400923095383264
0.8912509381337459	2125.2405235005867	3.40038483760094	0.034979168271455495
1.000000000000002	2182.2868096989914	3.491658895518387	0.03591808865346893
1.1220184543019653	2215.0432610335306	3.5440692176536492	0.03645722453504874
1.2589254117941688	2220.8142923339997	3.553302867734399	0.036552209489799384
1.4125375446227555	2143.7446627072113	3.4299914603315362	0.03528372645763238
1.584893192461114	2114.847452174709	3.3837559234795327	0.03480810951987179
1.7782794100389265	2085.73319183418	3.3371731069346886	0.034328920176223826
1.9952623149688828	2031.0585135275523	3.2496936216440817	0.03342903390381022
2.2387211385683425	1988.8812459426376	3.1822099935082186	0.03273484154121928
2.5118864315095824	1945.2027783954045	3.1123244454326455	0.032015941045355684
2.818382931264455	1897.9337587954847	3.036694014072775	0.031237943932874084
3.1622776601683857	1846.7635947649767	2.954821751623962	0.030395738188014255
3.5481338923357604	1791.3836499617798	2.866213839938847	0.02948424398925683
3.9810717055349776	1732.309702611773	2.7716955241788375	0.02851195049025496
4.4668359215096345	1622.2290285246963	2.5955664456395136	0.026700141248078128
5.011872336272725	1534.7876367834579	2.4556602188535317	0.025260950190978838
5.623413251903503	1457.135056184447	2.3314160898951144	0.023982872414157815
6.309573444801943	1383.2653703007934	2.2132245924812692	0.022767057006860866
7.0794578438413875	1311.481716443948	2.0983707463103167	0.02158557543824168
7.943282347242821	1241.283833754692	1.9860541340075069	0.02043019395377663
8.91250938133746	1172.5874779826318	1.8761399647722103	0.01929952598390908
10.000000000000021	1105.4415991705994	1.7687065586729598	0.01819437719358197
11.220184543019652	1040.0784734251756	1.6641255574802807	0.0171185705971448
12.589254117941687	976.6128903191681	1.5625806245106688	0.01607399550723712
14.125375446227554	915.3252161998336	1.4645203459197336	0.015065266451734645
15.848931924611142	856.2881308116768	1.370061009298683	0.014093579660892185
17.782794100389264	799.7378059680034	1.2795804895488057	0.01316282226819288
19.95262314968883	745.6846446858664	1.1930954314973865	0.012273165496084251
22.387211385683422	694.2888745838925	1.1108621993342285	0.011427246518463415
25.11886431509582	645.5061708436305	1.032809873349809	0.010624335796595314
28.18382931264455	599.4173904997737	0.9590678247996378	0.00986576415011717
31.622776601683857	555.9389315465561	0.8895022904744895	0.009150155580126643
35.481338923357605	515.082652699617	0.824132244319387	0.008477705268300943
39.81071705534978	476.74122208662504	0.7627859553386003	0.007846646647711916
44.668359215096345	440.87335892422396	0.7053973742787585	0.00725630028116108
50.11872336272725	407.3607445304776	0.6517771912487635	0.006704718770676607
56.23413251903502	376.12542819339643	0.601800685109434	0.006190619131560347
63.09573444801943	347.0473879587645	0.5552758207340233	0.005712025931814664
70.79457843841388	320.02651791694456	0.5120424286671114	0.005267291536068662
79.43282347242821	294.9472396337329	0.47191558341397233	0.004854513647874549
89.12509381337459	271.7453092021186	0.4347924947233897	0.0044726348817698824
100.0000000000002	250.17379584745888	0.4002780733559342	0.004117591023364751
112.20184543019653	229.49050973072232	0.36718481556915555	0.003777166427897174
125.89254117941688	210.08596167963327	0.33613753868741314	0.0034577884826693193
141.25375446227554	192.09669601960954	0.3073547136313752	0.0031617045600997374
158.48931924611142	175.68829072743264	0.28110126516389233	0.002891639895213754
177.82794100389265	158.80074529500135	0.254081192472002	0.002613689100072754
199.5262314968883	143.41297387388036	0.2294607581982087	0.0023604229685877847
223.87211385683423	130.63928612214082	0.20902285779542534	0.0021501818366432652
251.18864315095823	119.35957108437641	0.1909753137350022	0.001964529885253717
281.8382931264455	109.14582533023753	0.17463332052838004	0.001796422639290134
316.2277660168386	99.89334596629132	0.15982935354606603	0.001644136801983326
354.81338923357606	91.54616197903562	0.14647385916645705	0.001506751150780852
398.1071705534977	83.94692226231348	0.13431507561970152	0.0013816758560803188
446.6835921509635	76.94276073373193	0.12310841717397109	0.0012663949069361912
501.18723362727246	70.52765701446823	0.11284425122314919	0.0011608092144022694
562.3413251903502	64.67939898698268	0.10348703837917228	0.0010645531909657523
630.9573444801943	59.3331331031927	0.0949330129651083	0.0009765594171292727
707.9457843841387	54.42418062452754	0.08707868899924402	0.0008957633505716047
794.3282347242822	49.92986608856261	0.07988778574170015	0.0008217917776225713
891.2509381337459	45.81943829199199	0.07331110126718714	0.0007541385666217354
1000.000000000002	42.05331542125898	0.06728530467401435	0.0006921522435822336
1122.0184543019652	38.58206256645778	0.06173130010633241	0.0006350191631717103
1258.9254117941687	35.394711561713365	0.05663153849874135	0.0005825588012021839
1412.5375446227554	32.47094509313184	0.05195351214901092	0.0005344367565865009
1584.893192461114	29.78742205991797	0.04765987529586877	0.0004902688599643807
1778.2794100389265	27.31419548499626	0.043702712775994	0.00044956221637228264
1995.2623149688789	25.044267446370025	0.04007082791419202	0.0004122016475570326
2238.721138568342	22.96868878012825	0.03674990204820519	0.00037803985992674243
2511.8864315095875	21.06211000921462	0.03369937601474339	0.00034665962841265273
2818.382931264455	19.2986075168056	0.030877772026888947	0.000317634278224289
3162.277660168386	17.6616532418526	0.028258645186964162	0.00029069177529198815
3548.133892335753	16.11597297504929	0.025785556760078862	0.00026525154415178503
3981.0717055349774	14.682770893445115	0.023492433429512183	0.00024166258270244385
4466.835921509644	13.389028851013705	0.02142244616162193	0.00022036898317728297
5011.872336272725	12.19457766734491	0.019511324267751855	0.00020070960416413921
5623.413251903502	11.060568596092812	0.017696909753748505	0.00018204503717228322
6309.57344480193	9.992635053930423	0.015988216086288667	0.00016446800216802878
7079.457843841388	8.987685764604958	0.014380297223367934	0.0001479276200762672
7943.282347242838	8.031147926887426	0.012849836683019884	0.00013218403829643935
8912.509381337459	7.062135363186505	0.0112994165810984	0.00011623513597313023
10000.00000000002	6.202075580644991	0.009923320929031983	0.00010207947899013716
11220.18454301963	5.673958249741583	0.009078333199586536	0.00009338723696836624
12589.254117941688	5.247814704058553	0.00839650352649368	0.00008637337353624573
14125.375446227583	4.662412715898371	0.007459860345437388	0.000076738287801775
15848.93192461114	4.1020160964922345	0.006563225754387574	0.00006751476348431359
17782.794100389263	3.754539083271808	0.006007262533234891	0.00006179566638377463
19952.62314968879	3.4600802903478485	0.0055361284645565586	0.000056949192042258065
22387.211385683422	3.039265668445455	0.004862825069512728	0.000050023036951648805
25118.864315095874	2.6561092709834755	0.004249774833573559	0.00004371669564443927
28183.82931264455	2.5341478726781648	0.004054636596285062	0.00004170934248757562
31622.776601683858	2.431484944990923	0.0038903759119854786	0.00004001962135573063
35481.33892335753	2.089799022920118	0.00334367843667219	0.000034395839373437365
39810.71705534977	1.7112918301321982	0.0027380669282115176	0.000028166018963897606
44668.35921509644	1.5054314737001153	0.0024086903579201833	0.000024777779388925272
50118.72336272725	1.4028253017576446	0.00224452048281223	0.000023088992395463522
56234.132519035025	1.4221143896261548	0.0022753830234018475	0.000023406469990537874
63095.73444801956	1.4232346376022984	0.002277175420163678	0.000023424908064737002
70794.57843841388	1.229586113595301	0.0019673377817524818	0.00002023766208864273
79432.82347242838	1.0083840505406871	0.001613414480865099	0.000016596914559118058
89125.0938133746	0.8685587152571939	0.0013896939444115093	0.000014295540254699173
100000.0000000002	0.9437156593572822	0.0015099450549716509	0.00001553254254473415