0.00001584893192461114	0.	0.	0.	0.	0.	0.
0.00001778279410038923	0.	0.	0.	0.	0.	0.
0.000019952623149688786	0.	0.	0.	0.	0.	0.
0.000022387211385683423	0.	0.	0.	0.	0.	0.
0.000025118864315095822	0.	0.	0.	0.	0.	0.
0.00002818382931264455	0.	0.	0.	0.	0.	0.
0.000031622776601683795	0.	0.	0.	0.	0.	0.
0.000035481338923357534	0.	0.	0.	0.	0.	0.
0.000039810717055349776	0.	0.	0.	0.	0.	0.
0.00004466835921509635	0.	0.	0.	0.	0.	0.
0.00005011872336272725	0.	0.	0.	0.	0.	0.
0.00005623413251903491	0.	0.	0.	0.	0.	0.
0.00006309573444801943	0.	0.	0.	0.	0.	0.
0.00007079457843841388	0.	0.	0.	0.	0.	0.
0.00007943282347242822	0.	0.	0.	0.	0.	0.
0.00008912509381337459	0.	0.	0.	0.	0.	0.
0.0001	0.	0.	0.	0.	0.	0.
0.00011220184543019641	0.	0.	0.	0.	0.	0.
0.00012589254117941674	0.	0.	0.	0.	0.	0.
0.00014125375446227554	0.	0.	0.	0.	0.	0.
0.00015848931924611142	0.	0.	0.	0.	0.	0.
0.00017782794100389227	0.	0.	0.	0.	0.	0.
0.0001995262314968881	0.	0.	0.	0.	0.	0.
0.00022387211385683424	0.	0.	0.	0.	0.	0.
0.0002511886431509582	0.	0.	0.	0.	0.	0.
0.0002818382931264455	0.	0.	0.	0.	0.	0.
0.00031622776601683794	0.	0.	0.	0.	0.	0.
0.0003548133892335757	0.	0.	0.	0.	0.	0.
0.00039810717055349773	0.	0.	0.	0.	0.	0.
0.0004466835921509635	0.	0.	0.	0.	0.	0.
0.0005011872336272725	0.	0.	0.	0.	0.	0.
0.0005623413251903491	0.	0.	0.	0.	0.	0.
0.0006309573444801936	0.	0.	0.	0.	0.	0.
0.0007079457843841388	0.	0.	0.	0.	0.	0.
0.0007943282347242822	0.	0.	0.	0.	0.	0.
0.0008912509381337459	0.	0.	0.	0.	0.	0.
0.001	0.	0.	0.	0.	0.	0.
0.0011220184543019641	0.	0.	0.	0.	0.	0.
0.0012589254117941688	0.	0.	0.	0.	0.	0.
0.0014125375446227555	0.	0.	0.	0.	0.	0.
0.001584893192461114	0.	0.	0.	0.	0.	0.
0.0017782794100389247	0.	0.	0.	0.	0.	0.
0.0019952623149688807	0.	0.	0.	0.	0.	0.
0.00223872113856834	8818.290875824585	3718.6116384846673	1567.995667180679	660.669932208939	276.25747903286464	104.84934163259865
0.002511886431509582	13978.178192245756	5894.5437867259025	2485.6870764283717	1048.115175859281	441.6048622263453	184.59041567846026
0.002818382931264455	18405.710799680397	7761.62106770987	3273.036574825621	1380.177934937515	581.8046258067226	244.447335187028
0.0031622776601683824	23738.01156325468	10010.234529045545	4221.272695156265	1780.061337453504	750.499696050214	315.8656650950797
0.0035481338923357567	29872.92538758443	12597.306733596783	5312.234089544072	2240.124763714135	944.5440577347323	397.85157488411596
0.003981071705534978	37909.33246425021	15986.231796933029	6741.333199918254	2842.776178539469	1198.7024838472944	505.12432837562056
0.004466835921509635	47682.33333120783	20107.47230508555	8479.246816755407	3575.652089481245	1507.7697874587361	635.525004978918
0.005011872336272725	77570.96027449048	32711.3930489702	13794.239308044	5816.810579195796	2452.20341350375	1031.012139563507
0.005623413251903496	103939.77587625098	43831.03577739195	18483.37649394557	7794.299184719877	3286.5079427696683	1384.5540481340624
0.006309573444801936	134529.2428792443	56730.50853671019	23923.045303921263	10088.214864025806	4253.955367530634	1792.9936505743628
0.007079457843841388	170229.01171879825	71784.97698145176	30271.465178756698	12765.334698555424	5382.943835955767	2269.3223713575567
0.00794328234724282	215099.07535143624	90706.52637473564	38250.618298291476	16130.123685652665	6801.897394647295	2867.8328506455164
0.008912509381337459	267738.13705180906	112904.23496077213	47611.31575619142	20077.50282124135	8466.51761438441	3569.899669832826
0.01000000000000001	335371.47743810294	141424.97834437122	59638.414475615245	25149.292343288063	10605.290583243834	4471.884733672755
0.01122018454301964	415593.4527810676	175254.3050282093	73904.12402566659	31165.095443976974	13142.147482849645	5541.726489853953
0.012589254117941687	519931.3927752835	219253.24963698184	92458.32570481594	38989.33987482509	16441.614370387233	6933.14387512925
0.014125375446227554	646765.9590940682	272738.94288433675	115013.05602340109	48500.59286374097	20452.48526114913	8624.551060352258
0.01584893192461114	806341.2127339586	340031.2694744717	143389.99526082014	60467.05063356551	25498.705894961528	10752.555165073109
0.017782794100389247	988879.3815635355	417006.9771014058	175850.38239238388	74155.48397391776	31271.077064510384	13186.77212758692
0.01995262314968881	1.2313795231644455e6	519268.4389661568	218973.68359443158	92340.43056456323	38939.610759443036	16420.588335104883
0.022387211385683423	1.5285594931380863e6	644588.1932561441	271820.5860551044	114625.78567120957	48337.27181681421	20383.56909540883
0.025118864315095822	1.911916267552192e6	806248.4046465366	339992.132170958	143373.48926726895	60460.081977134934	25495.73292463705
0.02818382931264455	2.365495202755181e6	997521.0557018908	420651.1405392435	177387.11198012333	74803.51159810663	31544.323295424543
0.031622776601683826	2.9496128869304177e6	1.2438414407549747e6	524523.5858315448	221189.7597731066	93274.93843177709	39333.67382011994
0.035481338923357565	3.6286338156449622e6	1.5301821921923875e6	645272.4796859318	272109.1468807869	114747.46920593375	48388.57877424622
0.039810717055349776	4.538616064116651e6	1.9139185245944192e6	807092.7494646979	340348.18953173264	143523.63784680568	60523.40094451743
0.04466835921509635	5.655556175874689e6	2.3849282642999925e6	1.0057159099399206e6	424106.8824812119	178844.3886508399	75418.05009856101
0.05011872336272725	7.087934408713001e6	2.9889571567122685e6	1.2604327819966709e6	531520.0974524133	224140.16861196377	94519.13387562828
0.05623413251903497	8.792210886570793e6	3.7076445883368696e6	1.5635007591242925e6	659322.804355436	278034.1259706052	117246.03875748972
0.06309573444801936	1.093870811871978e7	4.612814965789582e6	1.9452079424565309e6	820287.389546675	345912.3314476876	145870.05216206462
0.07079457843841387	1.242341519144278e7	5.238910746997412e6	2.2092303443080788e6	931624.7136763072	392862.8935982239	165668.94791526857
0.07943282347242822	1.5012224818000697e7	6.330602714588904e6	2.669593029988001e6	1.1257580490658353e6	474728.2445630137	200191.2895817469
0.08912509381337459	1.9115870541156698e7	8.061095767392417e6	3.3993358997270376e6	1.4334880663297544e6	604496.9197656987	254914.29849324134
0.1000000000000001	7.878564497836986e7	3.322363097092471e7	1.4010288856373968e7	5.908089168003642e6	2.49141778301296e6	1.050610524092127e6
0.11220184543019641	1.1427773109159078e8	4.819051960891e7	2.0321773566181898e7	8.569620639987638e6	3.6137781472992618e6	1.5239137617592884e6
0.12589254117941687	1.504080080405133e8	6.342653107158012e7	2.6746746348972782e7	1.1279009293198317e7	4.756318273970244e6	2.0057206468579464e6
0.14125375446227553	1.8792455399202076e8	7.92471273227185e7	3.3418236481492236e7	1.4092353402219173e7	5.942695847903566e6	2.5060127658459446e6
0.15848931924611143	2.3645200303929666e8	9.971098290782602e7	4.2047772834989e7	1.773139873648607e7	7.477268658360831e6	3.1531372484121025e6
0.1778279410038923	2.9919040416326874e8	1.2616754729359627e8	5.3204413533803836e7	2.2436115128593344e7	9.461231192378642e6	3.989767657070201e6
0.19952623149688828	3.73617546178462e8	1.575532128424598e8	6.643963895722403e7	2.801736342728044e7	1.1814824150240662e7	4.982269854270266e6
0.22387211385683423	4.57621499452504e8	1.9297738621303302e8	8.137788900752825e7	3.431677125384741e7	1.4471262459245037e7	6.1024808321378855e6
0.25118864315095824	5.594724414689895e8	2.3592757233291918e8	9.948983231853494e7	4.195451442954482e7	1.76920720975379e7	7.460685193078821e6
0.2818382931264455	6.807536191811357e8	2.870714209063865e8	1.2105701443618649e8	5.1049319727231435e7	2.1527319732538577e7	9.07799588597757e6
0.31622776601683794	8.278275860988227e8	3.490919985014547e8	1.4721087515079248e8	6.2078311350783005e7	2.6178206974671908e7	1.103925893465451e7
0.354813389233576	1.0016376786218852e9	4.223871067794976e8	1.781191660320408e8	7.511222955070129e7	3.1674564740730897e7	1.3357053934543943e7
0.39810717055349776	1.2117829182464662e9	5.110046195417943e8	2.1548886130833402e8	9.087089939089657e7	3.831994074472384e7	1.6159385901495608e7
0.4466835921509635	1.4750178538918693e9	6.220098714841683e8	2.6229938791657987e8	1.1061073479341666e8	4.6644160346684165e7	1.966968034673838e7
0.5011872336272725	1.7598546955171003e9	7.421245716455591e8	3.129513369866559e8	1.3197048461504702e8	5.5651492189826705e7	2.3468040813566063e7
0.5623413251903491	2.057294182670014e9	8.67553763359836e8	3.6584438856171495e8	1.5427529952529463e8	6.5057354669776745e7	2.743446022871883e7
0.6309573444801942	2.3684403046808105e9	9.987629950673754e8	4.2117486279127675e8	1.7760796704491767e8	7.489665899521123e7	3.1583660529549167e7
0.7079457843841388	2.683482764082197e9	1.1316152986286178e9	4.771982146760618e8	2.0123281864751217e8	8.48591763202982e7	3.578481929412465e7
0.7943282347242822	3.0127122854224634e9	1.270450236603352e9	5.357444225740614e8	2.259215498084928e8	9.527032793083952e7	4.017516554969783e7
0.8912509381337459	3.359909271823259e9	1.4168619917695415e9	5.974857477886244e8	2.5195765076910767e8	1.0624966067131856e8	4.4805111786770366e7
1.000000000000002	3.725180055558964e9	1.5708954040755002e9	6.624410991691957e8	2.7934909532516605e8	1.1780053706402962e8	4.967607597127129e7
1.1220184543019653	4.106846100884243e9	1.7318426408665445e9	7.303119861603001e8	3.0797001105318946e8	1.2986987714841771e8	5.476567447071365e7
1.2589254117941688	8.148417464501435e9	3.436159154678389e9	1.449016306747419e9	6.110451352488993e8	2.5767570358691397e8	1.0866139281147967e8
1.4125375446227555	1.4784683349488956e10	6.234649272820175e9	2.629129798628531e9	1.1086948438867214e9	4.675327421787162e8	1.971569358664795e8
1.584893192461114	1.730849252585835e10	7.2989307778011675e9	3.077933587879672e9	1.2979538322735379e9	5.473425947026256e8	2.3081246688672698e8
1.7782794100389265	1.968656652567675e10	8.301756268566297e9	3.5008215915054774e9	1.4762842273635857e9	6.225439098120083e8	2.6252464509740484e8
1.9952623149688828	2.3447795343061855e10	9.887853309304398e9	4.169673167058968e9	1.7583365954550068e9	7.414843961200851e8	3.126813854820529e8
2.2387211385683425	2.6134802366783875e10	1.1020954775890759e10	4.647498093526076e9	1.9598336961037638e9	8.26455018520622e8	3.485131981808524e8
2.5118864315095824	2.8657731224107456e10	1.208486505342049e10	5.096145337510741e9	2.149026670117086e9	9.062370339333818e8	3.821569942654394e8
2.818382931264455	3.1119751801781605e10	1.3123090522393078e10	5.53396138753932e9	2.3336521675267386e9	9.84092960498538e8	4.149885656945649e8
3.1622776601683857	3.3546738769642345e10	1.4146542440605288e10	5.96554748287077e9	2.5156505148314705e9	1.0608410270815685e9	4.4735295657409686e8
3.5481338923357604	3.5960335337870544e10	1.5164347674113184e10	6.394752391007447e9	2.69664472382637e9	1.137165652068151e9	4.795387836879218e8
3.9810717055349776	3.835192954598986e10	1.6172874589296124e10	6.820044664749403e9	2.8759889885803905e9	1.2127945013483393e9	5.11431204664886e8
4.4668359215096345	5.560950568729812e10	2.3450334105808506e10	9.888923897001612e9	4.1701246315134397e9	1.758526982197016e9	7.415647058337806e8
5.011872336272725	6.385214940816681e10	2.6926228141864086e10	1.1354696258116112e10	4.78823571026537e9	2.0191822596647081e9	8.514821115639352e8
5.623413251903503	6.985006514785912e10	2.945552823713982e10	1.2421293264365828e10	5.238015938158942e9	2.208853008196008e9	9.314655992998264e8
6.309573444801943	7.501635561700055e10	3.1634134863667274e10	1.3340004061093952e10	5.6254330686965e9	2.372225457070187e9	1.0003591878833928e9
7.0794578438413875	7.974217910682933e10	3.3626998105145058e10	1.4180387521820944e10	5.979819835558771e9	2.521669117241096e9	1.0633790556720073e9
7.943282347242821	8.415892546966531e10	3.5489524602881294e10	1.4965808433448397e10	6.311029087665364e9	2.6613389005620146e9	1.1222773141081104e9
8.91250938133746	8.83522936838495e10	3.7257853316389305e10	1.5711506468838676e10	6.625487341767537e9	2.793944846641566e9	1.178196777272874e9
10.000000000000021	9.236545537086015e10	3.895018956749365e10	1.6425158748548035e10	6.92643201275622e9	2.920852162002399e9	1.231713147911651e9
11.220184543019652	9.621075471511554e10	4.057173885560102e10	1.7108960413474342e10	7.214788783870351e9	3.0424512040202456e9	1.2829910383251889e9
12.589254117941687	9.993940794056792e10	4.214409888327084e10	1.7772019139268715e10	7.494398330085142e9	3.160361571897798e9	1.33271342781246e9
14.125375446227554	1.0351173614039018e11	4.365053719423421e10	1.8407278907628555e10	7.762285153153343e9	3.2733285084243646e9	1.380351189628749e9
15.848931924611142	1.070169895658167e11	4.512869030736672e10	1.9030610906964844e10	8.02514207773272e9	3.384174354354502e9	1.4270944949946303e9
17.782794100389264	1.1035966953345712e11	4.653828676180066e10	1.9625032803041573e10	8.275807712855369e9	3.489879176155134e9	1.4716698484892442e9
19.95262314968883	1.1368339416231548e11	4.793988981614896e10	2.0216083910252037e10	8.525051898100821e9	3.5949845775191e9	1.5159924285083928e9
22.387211385683422	1.1682927215283333e11	4.926649556496262e10	2.0775508915952244e10	8.760959466923431e9	3.6944659743746758e9	1.5579433855108669e9
25.11886431509582	1.2000566729065358e11	5.060597028808838e10	2.1340360723122856e10	8.999155498952087e9	3.7949124081674232e9	1.6003012952363262e9
28.18382931264455	1.2298385554270674e11	5.186186186053074e10	2.186996580790493e10	9.222488111393019e9	3.8890909898945622e9	1.6400160736765902e9
31.622776601683857	1.260431243560994e11	5.315194482218605e10	2.2413989281965694e10	9.45190090817881e9	3.9858335641042066e9	1.6808120787987301e9
35.481338923357605	1.28880980648718e11	5.4348658898015656e10	2.2918639423344906e10	9.66471010824512e9	4.075574459635676e9	1.718655500515836e9
39.81071705534978	1.3185041038955688e11	5.560085703690385e10	2.3446687000112114e10	9.887385925004555e9	4.1694760729307427e9	1.7582534823800895e9
44.668359215096345	1.3457384894377628e11	5.674932155252038e10	2.393099047065782e10	1.0091615005125307e10	4.2555987618878393e9	1.7945711190599887e9
50.11872336272725	1.374780658890057e11	5.797401968352132e10	2.4447441390255016e10	1.0309400552105907e10	4.347438165521501e9	1.8332994743424163e9
56.23413251903502	1.401113508557065e11	5.9084466746509796e10	2.4915713033958466e10	1.0506869066904833e10	4.430709947725924e9	1.868414893633107e9
63.09573444801943	1.4297238212365717e11	6.029095362840415e10	2.542448433348459e10	1.0721416144954826e10	4.521183700339393e9	1.9065673586735787e9
70.79457843841388	1.4553785353764297e11	6.137280395332768e10	2.5880696832736813e10	1.0913799360705273e10	4.602311029720166e9	1.9407784697235622e9
79.43282347242821	1.483752064299419e11	6.2569305747002884e10	2.63852574554747e10	1.1126570811077454e10	4.692036006354116e9	1.9786151785668287e9
89.12509381337459	1.5081515113756964e11	6.359822189876837e10	2.681914779899448e10	1.1309540851807312e10	4.769193832745809e9	2.0111523640997257e9
100.0000000000002	1.53723906269848e11	6.482483376737989e10	2.733640573505115e10	1.1527666714809698e10	4.861176746466927e9	2.0499412371306696e9
112.20184543019653	1.555505878741532e11	6.559513901279253e10	2.766124076361357e10	1.1664648510542288e10	4.918941490746792e9	2.074300427756161e9
125.89254117941688	1.5727582665947e11	6.6322666176139824e10	2.7968036424545734e10	1.1794023168021444e10	4.973498331425374e9	2.0973068566550872e9
141.25375446227554	1.5955513419859872e11	6.728384219562869e10	2.837336099114297e10	1.1964947120506582e10	5.045576364529507e9	2.1277019111425421e9
158.48931924611142	1.629497153652603e11	6.8715325204214264e10	2.8977012370580402e10	1.2219504796502974e10	5.152922446408739e9	2.1729693784883413e9
177.82794100389265	7.11724639111742e11	3.001317917174823e11	1.2656452713540231e11	5.337181855271247e10	2.250670927214098e10	9.491000632578554e9
199.5262314968883	8.784668935212572e11	3.7044641737570465e11	1.5621595891507126e11	6.587572365461438e10	2.7779562327605198e10	1.1714544307187485e10
223.87211385683423	9.468950351284686e11	3.9930232542757263e11	1.6838439444376346e11	7.100711036910277e10	2.9943450162181812e10	1.262704823804417e10
251.18864315095823	9.955219751299823e11	4.198081359986387e11	1.7703162306153555e11	7.46536164415005e10	3.1481169022371723e10	1.3275498903498318e10
281.8382931264455	1.0314753861278951e12	4.349695637027873e11	1.834251441113517e11	7.734974191276875e10	3.2618115706257385e10	1.3754945344032883e10
316.2277660168386	1.0642606002469047e12	4.4879497386092975e11	1.8925527123350085e11	7.980828613469994e10	3.3654875208072178e10	1.4192143200430742e10
354.81338923357606	1.0905553975924221e12	4.598833979598966e11	1.9393122090456448e11	8.178011776117871e10	3.448638971023742e10	1.4542789958245632e10
398.1071705534977	1.1171909603345903e12	4.71115521635121e11	1.9866776818448096e11	8.377750318743117e10	3.5328680160434715e10	1.4897980895743382e10
446.6835921509635	1.139359825969845e12	4.804640547584853e11	2.0261001191478763e11	8.543993358415477e10	3.602972124588431e10	1.5193607470059565e10
501.18723362727246	1.1634685906840188e12	4.9063063654043427e11	2.0689722390405438e11	8.724783588947769e10	3.679210732654588e10	1.5515103014395594e10
562.3413251903502	1.1835073289830376e12	4.990809024142506e11	2.1046067147608295e11	8.875052927074644e10	3.742578787112361e10	1.5782323884214285e10
630.9573444801943	1.2060186120072417e12	5.085738317532485e11	2.144638065856316e11	9.043863734918967e10	3.813765714518898e10	1.6082516667885944e10
707.9457843841387	1.2248354953478794e12	5.165088456634185e11	2.178099742062063e11	9.184970453466702e10	3.8732699243386734e10	1.6333443840000824e10
794.3282347242822	1.246633916305233e12	5.257011635613986e11	2.216863425221875e11	9.348435549951346e10	3.942202583957094e10	1.6624130455257408e10
891.2509381337459	1.265091688595956e12	5.3348474159747723e11	2.249686501641645e11	9.486849315530827e10	4.0005711849267586e10	1.6870268804579758e10
1000.000000000002	1.287055954472771e12	5.427469957181057e11	2.288745103406997e11	9.65155807346309e10	4.0700282922294945e10	1.7163166997400528e10
1122.0184543019652	1.3053722194127622e12	5.504709005991714e11	2.3213165402185938e11	9.78891068361375e10	4.127949407665574e10	1.7407418315888943e10
1258.9254117941687	1.3272150240601753e12	5.59681934944059e11	2.3601591499805838e11	9.952708610820216e10	4.197022420836313e10	1.7698696797197247e10
1412.5375446227554	1.3455765404119922e12	5.674249221872667e11	2.3928110564461075e11	1.0090400558687865e11	4.2550866338013824e10	1.7943551552972595e10
1584.893192461114	1.3677429643561116e12	5.767724256580173e11	2.4322291517401236e11	1.0256625288260669e11	4.325183021044735e10	1.823914556697122e10
1778.2794100389265	1.3862182082121062e12	5.845633713920806e11	2.4650832974846817e11	1.0395170072096616e11	4.3836068719558266e10	1.8485516903398098e10
1995.2623149688789	1.408615055682724e12	5.940080436582633e11	2.504911150191459e11	1.0563122734351617e11	4.454431922369587e10	1.8784183664515106e10
2238.721138568342	1.427533826985012e12	6.01986023365603e11	2.5385540116615497e11	1.070499350482416e11	4.5142583302159325e10	1.9036469534502975e10
2511.8864315095875	1.4505760660817744e12	6.11702855023873e11	2.579529551008512e11	1.0877785921511166e11	4.587124288151256e10	1.9343742731282215e10
2818.382931264455	1.468696758217044e12	6.193442875370219e11	2.6117532047283124e11	1.1013671942524376e11	4.6444269480768234e10	1.9585386044537724e10
3162.277660168386	1.4902769963336416e12	6.284445984939473e11	2.6501288978347925e11	1.1175500898520778e11	4.71266965297354e10	1.987316314491271e10
3548.133892335753	1.5092755232357144e12	6.364562108588451e11	2.683913587045817e11	1.1317969751617776e11	4.7727482701715996e10	2.0126512572927208e10
3981.0717055349774	1.5334313704605256e12	6.466426471709032e11	2.726869432797743e11	1.1499113051171736e11	4.849135766212647e10	2.044863597277325e10
4466.835921509644	1.551326970020123e12	6.541891589319434e11	2.758692809024873e11	1.1633311115994388e11	4.905726620914891e10	2.0687277628298183e10
5011.872336272725	1.5719788942702803e12	6.628980031773066e11	2.79541770069661e11	1.1788178700061961e11	4.971033739610308e10	2.09626754643136e10
5623.413251903502	1.5878735443623613e12	6.696007215443579e11	2.8236828296851294e11	1.1907371760696057e11	5.021297036512369e10	2.1174634029845333e10
6309.57344480193	1.6074052770006353e12	6.778371849038198e11	2.858415707678155e11	1.20538390927327e11	5.0830617982984795e10	2.143509387063762e10
7079.457843841388	1.6217585057628955e12	6.838898912857755e11	2.8839397588536597e11	1.216147312407307e11	5.128450692964399e10	2.16264972523787e10
7943.282347242838	1.6377534622513613e12	6.906349085094537e11	2.9123832606415656e11	1.2281418376565263e11	5.1790311865430046e10	2.18397934252077e10
8912.509381337459	1.630985985672892e12	6.877810872992787e11	2.900348796384152e11	1.223066946158534e11	5.157630546542962e10	2.1749547674607174e10
10000.00000000002	1.616201980787293e12	6.815467241323502e11	2.874058704898175e11	1.2119805065040752e11	5.1108794181651924e10	2.1552399800916412e10
11220.18454301963	1.6295980567974417e12	6.871958025454934e11	2.8978806710423376e11	1.2220261463318591e11	5.1532415300658356e10	2.1731039345573566e10
12589.254117941688	1.6733027291159937e12	7.056259100457188e11	2.975599789948916e11	1.2548000270243106e11	5.2914478389836464e10	2.2313850517792892e10
14125.375446227583	1.6636011764948977e12	7.015347992275743e11	2.9583477186774115e11	1.247524888892213e11	5.260768835860852e10	2.2184478234331448e10
15848.93192461114	1.6291370941806301e12	6.870014162217726e11	2.897060950712061e11	1.221680473134783e11	5.151783838280086e10	2.1724892310265812e10
17782.794100389263	1.6453872889126902e12	6.938540665203159e11	2.925958337413206e11	1.2338664000648772e11	5.20317146605456e10	2.1941592139781685e10
19952.62314968879	1.7070691232108777e12	7.198650803689229e11	3.035645873319105e11	1.2801212504260904e11	5.398226552693856e10	2.276413261989648e10
22387.211385683422	1.7079037417009648e12	7.202170360678895e11	3.0371300581952655e11	1.2807471259988066e11	5.4008658480997284e10	2.2775262436334595e10
25118.864315095874	1.6847417334118665e12	7.104496981599929e11	2.9959415357596094e11	1.263378070106299e11	5.327621146722382e10	2.246639209167605e10
28183.82931264455	1.7213537047888645e12	7.258888384733003e11	3.0610478506202594e11	1.2908331754341539e11	5.443398365902525e10	2.2954620576723236e10
31622.776601683858	1.7922304421232786e12	7.557773107816487e11	3.187086493272785e11	1.3439832303376074e11	5.667530289000722e10	2.389977705949385e10
35481.33892335753	1.7264437810078594e12	7.280353058170354e11	3.0700994283560266e11	1.2946501941158362e11	5.4594946002182816e10	2.302249783401163e10
39810.71705534977	1.5278659173769026e12	6.442957150655428e11	2.7169725021715778e11	1.1457378040773688e11	4.8315362582540375e10	2.037441946295632e10
44668.35921509644	1.5258411194333708e12	6.434418648526063e11	2.7133718456791068e11	1.1442194198244452e11	4.825133284950811e10	2.034741834841951e10
50118.72336272725	1.7154061327409077e12	7.233807681367872e11	3.050471405707653e11	1.2863731255957968e11	5.424590491682756e10	2.2875308428758797e10
56234.132519035025	1.8327438070129395e12	7.72861655097745e11	3.259130575887461e11	1.3743639680689311e11	5.795644797729299e10	2.4440031463177628e10
63095.73444801956	1.9341357703514607e12	8.156182915133584e11	3.4394338166357745e11	1.4503972142493362e11	6.116274338315297e10	2.579211502478715e10
70794.57843841388	1.8693765254773523e12	7.883095443852714e11	3.324273784866478e11	1.4018346315174988e11	5.911487624960486e10	2.492853661508195e10
79432.82347242838	1.6099360263883442e12	6.789043930716707e11	2.862916087206273e11	1.2072817035843282e11	5.091064730548319e10	2.1468841956015896e10
89125.0938133746	1.1821529634334133e12	4.985097711976071e11	2.1021982743901355e11	8.864896618239223e10	3.738295907167466e10	1.5764263128344147e10
100000.0000000002	1.9659568710657922e12	8.290371384198407e11	3.496020624840845e11	1.4742596734095956e11	6.216901494226082e10	2.6216456222758297e10