0.00001584893192461114	9559.239020884272	15.29478243341484	0.1573347706111921
0.00001778279410038923	10266.022702290473	16.42563632366475	0.1689676681821006
0.000019952623149688786	10094.995244346252	16.15199239095401	0.16615274057069968
0.000022387211385683423	10083.586575165915	16.13373852026546	0.16596496617311982
0.000025118864315095822	10311.163648039548	16.497861836863283	0.1697106394927967
0.00002818382931264455	10456.414975626392	16.73026396100224	0.17210131978198287
0.000031622776601683795	10798.211195989217	17.277137913582756	0.17772691715527494
0.000035481338923357534	10911.611698269558	17.4585787172313	0.17959336719115038
0.000039810717055349776	11328.631420013462	18.125810272021543	0.18645706231558207
0.00004466835921509635	11660.244882304722	18.656391811687566	0.19191506246676482
0.00005011872336272725	12129.71522923191	19.407544366771067	0.19964203834645294
0.00005623413251903491	12224.505852239377	19.559209363583008	0.2012021898286356
0.00006309573444801943	12732.690819192158	20.372305310707457	0.20956636662439235
0.00007079457843841388	13247.58387606748	21.196134201707967	0.218040951349786
0.00007943282347242822	13809.96215039669	22.09593944063472	0.2272970915713035
0.00008912509381337459	13937.97751767685	22.300764028282977	0.2294040865320664
0.0001	14367.790968216204	22.988465549145936	0.2364783526424203
0.00011220184543019641	14615.20154264518	23.3843224682323	0.24055046401964633
0.00012589254117941674	15165.284572500319	24.264455316000518	0.2496042377698669
0.00014125375446227554	15464.78770371437	24.74366032594301	0.2545337364824684
0.00015848931924611142	16061.922828418028	25.699076525468847	0.2643619369975805
0.00017782794100389227	16345.323677088276	26.152517883341243	0.26902640949577167
0.0001995262314968881	17011.036785788696	27.217658857261913	0.2799833297089201
0.00022387211385683424	17441.829352308374	27.906926963693405	0.28707371101294477
0.0002511886431509582	18164.85933399792	29.063774934396676	0.298974005175023
0.0002818382931264455	18564.695613180444	29.70351298108873	0.3055548793565115
0.00031622776601683794	19236.494687925322	30.778391500680527	0.3166119680108359
0.0003548133892335757	19511.001083968375	31.217601734349408	0.32113004740589896
0.00039810717055349773	20202.628906972946	32.32420625115673	0.33251349588364987
0.0004466835921509635	20554.96266572398	32.88794026515837	0.338312529780654
0.0005011872336272725	21391.45636629901	34.226330186078435	0.35208031445578886
0.0005623413251903491	21976.715506595043	35.1627448105521	0.36171304906838797
0.0006309573444801936	22835.619488760283	36.53699118201644	0.3758496828229967
0.0007079457843841388	23162.478826035374	37.059966121656615	0.3812294352007698
0.0007943282347242822	23975.308568349134	38.36049370935863	0.39460773662973236
0.0008912509381337459	24442.076073342465	39.10732171734794	0.402290226644517
0.001	25376.421951054886	40.602275121687846	0.4176685526828379
0.0011220184543019641	25818.09742995309	41.308955887924945	0.42493805499418497
0.0012589254117941688	26854.089450500513	42.96654312080086	0.4419893669816508
0.0014125375446227555	27525.214160872278	44.04034265739564	0.45303535632527464
0.001584893192461114	28645.76949595674	45.8332311935308	0.47147848932126846
0.0017782794100389247	29198.198878404073	46.717118205446546	0.4805708815060802
0.0019952623149688807	30296.614310600497	48.47458289696081	0.49864961556460263
0.00223872113856834	28423.938253978264	45.47830120636523	0.4678273861848338
0.002511886431509582	26327.24078810065	42.123585260961065	0.43331800587598096
0.002818382931264455	25471.617231638375	40.75458757062141	0.4192353643925513
0.0031622776601683824	25681.851833463024	41.09096293354086	0.42269559933179207
0.0035481338923357567	25864.414431948902	41.38306309111826	0.4257003829230596
0.003981071705534978	26471.19165680994	42.35390665089594	0.4356872820137759
0.004466835921509635	26506.7984668381	42.410877546940995	0.43627333172711996
0.005011872336272725	25033.621066400567	40.053793706240945	0.4120264196182113
0.005623413251903496	24434.84323345772	39.095749173532354	0.4021711818961173
0.006309573444801936	24702.04726277215	39.523275620435456	0.40656907220587163
0.007079457843841388	24594.281408991228	39.35085025438599	0.4047953624108453
0.00794328234724282	25234.350622923364	40.374960996677395	0.4153302117570416
0.008912509381337459	25147.337382204423	40.23573981152708	0.41389806760427583
0.01000000000000001	26585.394743914134	42.53663159026262	0.4375669417307651
0.01122018454301964	26377.623816715037	42.20419810674408	0.43414725622032563
0.012589254117941687	27713.889059038866	44.34222249446222	0.4561407417809871
0.014125375446227554	29612.400093094322	47.37984014895091	0.48738818704240905
0.01584893192461114	31245.217539090274	49.99234806254449	0.5142626022290654
0.017782794100389247	31549.927665187766	50.47988426430043	0.5192778024649537
0.01995262314968881	32485.835593937816	51.97733695030052	0.5346818381796571
0.022387211385683423	32887.47478976162	52.61995966361861	0.5412923864257405
0.025118864315095822	33696.2921261737	53.91406740187794	0.5546046479784369
0.02818382931264455	33071.21753550133	52.91394805680214	0.5443165939687543
0.031622776601683826	34823.60254763799	55.7177640762208	0.5731589624150983
0.035481338923357565	37915.20667025355	60.664330672405676	0.6240434339080329
0.039810717055349776	40161.546272442894	64.25847403590868	0.6610157624849373
0.04466835921509635	40149.62232472911	64.23939571956662	0.6608195071581031
0.05011872336272725	41276.66265504313	66.04266024806901	0.6793693761855558
0.05623413251903497	42539.41305007458	68.06306088011937	0.7001528865996606
0.06309573444801936	44318.760209626394	70.91001633540226	0.7294390229306114
0.07079457843841387	45313.58828784484	72.50174126055175	0.74581282079696
0.07943282347242822	46869.46218548975	74.99113949678362	0.7714208281133478
0.08912509381337459	47618.1576436423	76.18905222982774	0.783743548353811
0.1000000000000001	46991.48861740177	75.18638178784285	0.7734292516532797
0.11220184543019641	45927.761397393275	73.48441823582925	0.7559214481777858
0.12589254117941687	46789.65350615769	74.8634456098523	0.7701072632753874
0.14125375446227553	47138.68839847432	75.42190143755893	0.7758520013866498
0.15848931924611143	49334.62471989106	78.93539955182571	0.8119947462905144
0.1778279410038923	52284.439626111576	83.65510340177852	0.8605455201127542
0.19952623149688828	52614.37084141738	84.18299334626785	0.8659758322918096
0.22387211385683423	54378.57170581653	87.00571472930646	0.8950126769303728
0.25118864315095824	54545.778726545395	87.27324596247264	0.8977647242631654
0.2818382931264455	52613.19110129423	84.18110576207077	0.8659564150409956
0.31622776601683794	51274.95182443344	82.03992291909348	0.84393043899962
0.354813389233576	50328.04934665365	80.52487895464586	0.8283454448586461
0.39810717055349776	50375.03582530591	80.6000573204895	0.8291187916516733
0.4466835921509635	52086.65383479454	83.33864613567133	0.8572901791761968
0.5011872336272725	51707.07553288062	82.73132085260903	0.8510427294649658
0.5623413251903491	49031.52265508568	78.45043624813711	0.8070060130102031
0.6309573444801942	45260.69995857108	72.41711993371374	0.7449423359041653
0.7079457843841388	40737.39163021434	65.17982660834295	0.6704935563840702
0.7943282347242822	37754.11956174607	60.40659129879377	0.6213921137338988
0.8912509381337459	35202.834288464015	56.32453486154244	0.5794007081043725
1.000000000000002	32442.730764787342	51.90836922365977	0.5339723791534932
1.1220184543019653	29556.118449274167	47.2897895188387	0.4864618518497524
1.2589254117941688	26534.530200043344	42.45524832006936	0.43672976616431336
1.4125375446227555	22859.33148302355	36.574930372837684	0.376239956689985
1.584893192461114	20072.974783984664	32.116759654375485	0.3303795287703064
1.7782794100389265	17573.923129681378	28.118277007490207	0.28924783220781625
1.9952623149688828	15150.57341152607	24.240917458441714	0.24936210791703545
2.2387211385683425	13100.850038698854	20.96136006191817	0.2156258705475532
2.5118864315095824	11282.340131610183	18.0517442105763	0.18569515760472433
2.818382931264455	9669.659898044694	15.471455836871522	0.15915217922925962
3.1622776601683857	8240.77661972447	13.185242591559154	0.13563430062683865
3.5481338923357604	6986.164511281168	11.177863218049875	0.11498473763791257
3.9810717055349776	5887.309119612141	9.419694591379429	0.09689876232069265
4.4668359215096345	4795.192070277513	7.672307312444021	0.07892369285520075
5.011872336272725	3935.0711125402486	6.296113780064401	0.06476702899442482
5.623413251903503	3234.771647679144	5.175634636286631	0.05324085463866837
6.309573444801943	2652.205953576449	4.243529525722319	0.0436524512472111
7.0794578438413875	2168.111182246982	3.4689778915951717	0.03568477310517489
7.943282347242821	1765.5875953815257	2.8249401526104427	0.02905966873580927
8.91250938133746	1432.5521660366783	2.292083465658686	0.02357826453962834
10.000000000000021	1158.0866954968046	1.8529387127948875	0.01906085873423513
11.220184543019652	932.6235557259835	1.492197689161573	0.015349978474873233
12.589254117941687	748.7598176370904	1.198015708219345	0.012323779528206852
14.125375446227554	598.797913017406	0.95807666082785	0.009855568218477202
15.848931924611142	477.7860466101383	0.7644576745762216	0.007863843333177861
17.782794100389264	379.71391130268995	0.6075422580843042	0.006249681695600166
19.95262314968883	301.3530442818122	0.48216487085089943	0.004959946287720024
22.387211385683422	238.18919827200673	0.38110271723521083	0.003920337465180705
25.11886431509582	188.1705212530659	0.30107283400490575	0.003097083955371264
28.18382931264455	148.03168817071034	0.23685070107313663	0.0024364420275131645
31.622776601683857	116.4968365812677	0.1863949385300285	0.0019174123610048387
35.481338923357605	91.28207202164786	0.14605131523463663	0.001502404514738429
39.81071705534978	71.60766706950677	0.1145722673112109	0.0011785850157914847
44.668359215096345	55.921716603903135	0.08947474656624503	0.0009204111786343113
50.11872336272725	43.75381140752098	0.07000609825203359	0.0007201405745926074
56.23413251903502	34.074849203202206	0.05451975872512358	0.0005608352894288079
63.09573444801943	26.603593796425027	0.04256575007428004	0.00043786647851877574
70.79457843841388	20.671344725202506	0.03307415156032402	0.0003402280530342632
79.43282347242821	16.110959829015446	0.025777535726424727	0.000265169033171617
89.12509381337459	12.48259164601616	0.01997214663362587	0.00020545000380976585
100.0000000000002	9.724898804020492	0.0155598380864328	0.0001600613520809404
112.20184543019653	7.461020262013765	0.011937632419222024	0.00012280035145944112
125.89254117941688	5.710684637593529	0.009137095420149647	0.00009399171372592401
141.25375446227554	4.395896980068727	0.007033435168109963	0.00007235172606088542
158.48931924611142	3.427381068438424	0.005483809709501482	0.000056410998095329506
177.82794100389265	2.593536755319954	0.004149658808511929	0.000042686819482019174
199.5262314968883	1.9858157841869089	0.0031773052546990553	0.0000326843873449071
223.87211385683423	1.5196041580736024	0.0024313666529177658	0.00002501104649731914
251.18864315095823	1.1720919453243601	0.0018753471125189756	0.0000192913700504766
281.8382931264455	0.900500764827522	0.0014408012237240356	0.000014821271961064032
316.2277660168386	0.6958366588373954	0.0011133386541398332	0.000011452721378956863
354.81338923357606	0.535425463115331	0.0008566807409845299	8.812526000720219e-6
398.1071705534977	0.41438076593101403	0.0006630092254896227	6.820260756218148e-6
446.6835921509635	0.31897163459277716	0.0005103546153484436	5.249929293586092e-6
501.18723362727246	0.24680706164817853	0.00039489129863708584	4.062178207365972e-6
562.3413251903502	0.19002303979243668	0.00030403686366789885	3.1275744137443723e-6
630.9573444801943	0.14711522441156813	0.00023538435905850924	2.4213580218718085e-6
707.9457843841387	0.11328131182564867	0.00018125009892103785	1.8644882894637193e-6
794.3282347242822	0.0877018600557151	0.00014032297608914415	1.4434780848030704e-6
891.2509381337459	0.06754192680364446	0.00010806708288583122	1.1116673133784992e-6
1000.000000000002	0.052303348167237494	0.00008368535706758005	8.608567343186277e-7
1122.0184543019652	0.040275394273461385	0.00006444063083753825	6.628895778676944e-7
1258.9254117941687	0.031177847232743274	0.000049884555572389253	5.131537596034176e-7
1412.5375446227554	0.024004816830034054	0.00003840770692805449	3.9509341081082436e-7
1584.893192461114	0.01858252985693785	0.000029732047771100578	3.058484117856582e-7
1778.2794100389265	0.014303988576185589	0.000022886381721896944	2.3542823404065172e-7
1995.2623149688789	0.011069879504718865	0.000017711807207550185	1.8219828469226489e-7
2238.721138568342	0.00852152350463608	0.000013634437607417739	1.402550917422061e-7
2511.8864315095875	0.006596610634102745	0.000010554577014564402	1.0857310071025905e-7
2818.382931264455	0.0050770272103317846	8.123243536530857e-6	8.356239547721236e-8
3162.277660168386	0.0039268614721153635	6.282978355384583e-6	6.463190716200406e-8
3548.133892335753	0.0030141208144876057	4.822593303180169e-6	4.9609179758532574e-8
3981.0717055349774	0.0023225245065142605	3.716039210422819e-6	3.8226249984226375e-8
4466.835921509644	0.0017834667347333532	2.8535467755733653e-6	2.935394009804842e-8
5011.872336272725	0.0013786016674697994	2.20576266795168e-6	2.269029748515521e-8
5623.413251903502	0.0010549741382342736	1.6879586211748375e-6	1.7363737184225704e-8
6309.57344480193	0.0008092279925762386	1.2947647881219823e-6	1.3319020510521807e-8
7079.457843841388	0.0006179504713984836	9.887207542375742e-7	1.0170798685350243e-8
7943.282347242838	0.00047326864253691	7.572298280590559e-7	7.789491731333126e-9
8912.509381337459	0.00035206390413040434	5.633022466086471e-7	5.794592380818397e-9
10000.00000000002	0.0002592731868876766	4.1483709902028267e-7	4.26735719187319e-9
11220.18454301963	0.00019843425018755144	3.1749480030008224e-7	3.2660138706076895e-9
12589.254117941688	0.00015802281871752825	2.5283650994804535e-7	2.6008852671157944e-9
14125.375446227583	0.0001187702659060318	1.90032425449651e-7	1.954830557215967e-9
15848.93192461114	0.00008703079865708018	1.3924927785132833e-7	1.4324331375023926e-9
17782.794100389263	0.00006575014800990769	1.0520023681585235e-7	1.0821765657486216e-9
19952.62314968879	0.00005102749713571835	8.164399541714937e-8	8.398576015487948e-10
22387.211385683422	0.000037160235867569017	5.945637738811044e-8	6.116174282606159e-10
25118.864315095874	0.000026345548624526254	4.2152877799242016e-8	4.336193331299724e-10
28183.82931264455	0.000020939296859847865	3.350287497575659e-8	3.446382563514e-10
31622.776601683858	0.000017866627798175684	2.8586604477081096e-8	2.9406543555194907e-10
35481.33892335753	0.000012832002746851868	2.053120439496299e-8	2.1120093390774596e-10
39810.71705534977	7.88103074422119e-6	1.2609649190753903e-8	1.2971327127743394e-10
44668.35921509644	5.435401254160555e-6	8.696642006656893e-9	8.946084595591895e-11
50118.72336272725	4.4767285190574336e-6	7.162765630491896e-9	7.368212606627846e-11
56234.132519035025	3.947578741833452e-6	6.316125986933522e-9	6.497289109091976e-11
63095.73444801956	3.6088128900837945e-6	5.774100624134071e-9	5.939717031863941e-11
70794.57843841388	2.676000608773579e-6	4.28160097403773e-9	4.404408562407247e-11
79432.82347242838	1.679920146513875e-6	2.687872234422202e-9	2.7649674866319118e-11
89125.0938133746	9.15313417039885e-7	1.4645014672638168e-9	1.5065072250279936e-11
100000.0000000002	1.1692095952237759e-6	1.8707353523580416e-9	1.9243929674636458e-11