0.00001584893192461114	5.0702281189294644e-20	1.20234052750677e-19	2.851197839829177e-19	6.761234900464454e-19	1.6032924146726847e-18	3.8008432602359e-18
0.00001778279410038923	4.2286962844321836e-20	1.0027818904685985e-19	2.3779699591296155e-19	5.639040057081996e-19	1.3371906701270308e-18	3.170114803323233e-18
0.000019952623149688786	3.6058057071405875e-20	8.550712633827735e-20	2.027693017657523e-19	4.808406219287234e-19	1.140225097577927e-18	2.703243148981904e-18
0.000022387211385683423	3.0940832902544934e-20	7.337227598710035e-20	1.739930483129534e-19	4.126016460333319e-19	9.78411502518598e-19	2.3196770727946173e-18
0.000025118864315095822	2.6537866726869766e-20	6.293119814558029e-20	1.4923335973907282e-19	3.538873821240448e-19	8.391830331105481e-19	1.9896326291416787e-18
0.00002818382931264455	2.2695387748496593e-20	5.3819244820599395e-20	1.276255200676747e-19	3.026472817451488e-19	7.176774585124727e-19	1.7015887871653501e-18
0.000031622776601683795	1.935155204004502e-20	4.588976096781764e-20	1.0882175583110942e-19	2.580566546706594e-19	6.119393820621491e-19	1.4509145385070899e-18
0.000035481338923357534	1.6468845110663576e-20	3.9053785724304676e-20	9.261110791625617e-20	2.196152460234276e-19	5.207827025761814e-19	1.2348016950987506e-18
0.000039810717055349776	1.4007711154660032e-20	3.3217517504058836e-20	7.877113798177752e-20	1.8679557784952168e-19	4.429567263467956e-19	1.050288033731018e-18
0.00004466835921509635	1.2001443420209183e-20	2.845990704771317e-20	6.748906791199953e-20	1.6004162732742467e-19	3.7951438698458725e-19	8.998727698342003e-19
0.00005011872336272725	1.0247741874634808e-20	2.4301225388795166e-20	5.762728132673374e-20	1.3665568744872505e-19	3.240585686394348e-19	7.683896387293938e-19
0.00005623413251903491	8.729749576610889e-21	2.0701498424474484e-20	4.909098479842011e-20	1.1641297015185177e-19	2.760562759890041e-19	6.545761587236488e-19
0.00006309573444801943	7.429589568395498e-21	1.761833321094788e-20	4.177964890310896e-20	9.907508469789645e-20	2.3494224514870383e-19	5.570930542531111e-19
0.00007079457843841388	6.36612169188865e-21	1.509645348378253e-20	3.579933038807937e-20	8.489353261407914e-20	2.01312912129336e-19	4.773554538991872e-19
0.00007943282347242822	5.4360758313824535e-21	1.2890967209827648e-20	3.056929881576721e-20	7.249118715856035e-20	1.7190264571787314e-19	4.076205329196004e-19
0.00008912509381337459	4.6309438820621135e-21	1.0981698494567338e-20	2.6041709636638188e-20	6.175459188325935e-20	1.4644241863708803e-19	3.4725080964869775e-19
0.0001	3.941370468485052e-21	9.346462247914528e-21	2.2163953740903256e-20	5.2558991628123304e-20	1.246364063695955e-19	2.9554516679135356e-19
0.00011220184543019641	3.377158697938642e-21	8.008505301527101e-21	1.899115807293377e-20	4.5035113430965974e-20	1.0679462228069833e-19	2.532390156215713e-19
0.00012589254117941674	2.8839173094072116e-21	6.838845650488855e-21	1.6217458127982683e-20	3.845763896423716e-20	9.119708255067532e-20	2.1625403452911383e-19
0.00014125375446227554	2.4570237075005632e-21	5.8265213941521295e-21	1.3816859155244825e-20	3.2764925247626746e-20	7.769761547174916e-20	1.8424375779122007e-19
0.00015848931924611142	2.091429144175403e-21	4.959560064577744e-21	1.1760969968950762e-20	2.788964640433733e-20	6.613657179324888e-20	1.5682972925742806e-19
0.00017782794100389227	1.792380910484852e-21	4.250404950063371e-21	1.0079298262145006e-20	2.39017763526701e-20	5.667988940342006e-20	1.3440553450032565e-19
0.0001995262314968881	1.5308475208895538e-21	3.630211549592222e-21	8.608588005475502e-21	2.0414174277751364e-20	4.84095184546975e-20	1.1479426942403814e-19
0.00022387211385683424	1.3043995892767949e-21	3.093218880986849e-21	7.335177761346213e-21	1.739444390192278e-20	4.124863754820187e-20	9.781381588846332e-20
0.0002511886431509582	1.1103977530838136e-21	2.63316802940547e-21	6.2442253069777435e-21	1.4807388846663433e-20	3.511378477440059e-20	8.3266298544218e-20
0.0002818382931264455	9.51790009272678e-22	2.2570497974173496e-21	5.352308449875914e-21	1.26923213388637e-20	3.009818530185939e-20	7.137281725684008e-20
0.00031622776601683794	8.1295441908075845e-22	1.927818730353377e-21	4.571578576339987e-21	1.0840919566917928e-20	2.5707832185085718e-20	6.096194249117902e-20
0.0003548133892335757	6.926636816735597e-22	1.6425644393426265e-21	3.895134068078248e-21	9.236817246697363e-21	2.1903915607415013e-20	5.194165966880698e-20
0.00039810717055349773	5.895698759780271e-22	1.3980904998415549e-21	3.3153950090765094e-21	7.862039590771692e-21	1.8643811249416652e-20	4.4210905272725165e-20
0.0004466835921509635	5.051307828510868e-22	1.1978538550729803e-21	2.84055910430878e-21	6.736026438081708e-21	1.597361863519642e-20	3.787900801495618e-20
0.0005011872336272725	4.31331500157858e-22	1.022848176908304e-21	2.4255552481363336e-21	5.751897380546787e-21	1.363988500891672e-20	3.2344951717099396e-20
0.0005623413251903491	3.674772669314479e-22	8.71425927478204e-22	2.066476513034154e-21	4.900387643810237e-21	1.1620640385477532e-20	2.7556643432753474e-20
0.0006309573444801936	3.1280404289401577e-22	7.417752817734483e-22	1.7590263851885596e-21	4.1713085968209484e-21	9.891723922561403e-21	2.3456793742282425e-20
0.0007079457843841388	2.68203132961725e-22	6.360098568458709e-22	1.5082170407352643e-21	3.5765459878517585e-21	8.481321303332248e-21	2.0112244569207942e-20
0.0007943282347242822	2.2910970628749733e-22	5.433047328703645e-22	1.2883785498251442e-21	3.0552268294813404e-21	7.245080145363101e-21	1.7180687670375358e-20
0.0008912509381337459	1.9519987620502596e-22	4.628918535291576e-22	1.0976895640516968e-21	2.6030320275450686e-21	6.172758346630981e-21	1.4637837193576536e-20
0.001	1.6611723793785548e-22	3.9392604991195115e-22	9.341458722065595e-22	2.2152088511844858e-21	5.253085474956651e-21	1.245696836391712e-20
0.0011220184543019641	1.4227721746332674e-22	3.373924522614241e-22	8.000835863236463e-22	1.897297096942017e-21	4.499198503055088e-21	1.0669234916798682e-20
0.0012589254117941688	1.2144986897379525e-22	2.880030257295781e-22	6.829627997354778e-22	1.619559962855457e-21	3.84058043134138e-21	9.107416369612682e-21
0.0014125375446227555	1.0344043865775298e-22	2.452959362508945e-22	5.816883313341356e-22	1.3794003664621725e-21	3.2710726356739196e-21	7.75690900882377e-21
0.001584893192461114	8.803040436180587e-23	2.087529861384795e-22	4.950313407925448e-22	1.1739042691171116e-21	2.783764865028315e-21	6.601326606379519e-21
0.0017782794100389247	7.543003613826054e-23	1.7887280426660316e-22	4.2417426353911835e-22	1.0058756677461358e-21	2.385306459216173e-21	5.656437593038264e-21
0.0019952623149688807	6.441906048613672e-23	1.527616661431263e-22	3.622549974444762e-22	8.59041954806842e-22	2.037109008605463e-21	4.83073499836797e-21
0.00223872113856834	5.166000480458884e-23	1.2250517700700628e-22	2.905055550650271e-22	6.888972228485236e-22	1.6336324807871957e-21	3.873946484561489e-21
0.002511886431509582	4.1121193682477143e-23	9.751371743148987e-23	2.312414651605915e-22	5.483599230794009e-22	1.3003661353840964e-21	3.08365009044905e-21
0.002818382931264455	3.4524425376328436e-23	8.187031453084964e-23	1.941451109237832e-22	4.603906056988053e-22	1.0917580479549728e-21	2.5889632751386478e-21
0.0031622776601683824	2.9191667970604954e-23	6.922435384220871e-23	1.6415681231048738e-22	3.892771439942499e-22	9.231214809430752e-22	2.1890635754417535e-21
0.0035481338923357567	2.4731446410434274e-23	5.864750171454273e-23	1.3907514332297713e-22	3.297991345336517e-22	7.820769138857528e-22	1.854594687307774e-21
0.003981071705534978	2.0977334874636408e-23	4.9745100331692627e-23	1.1796422279636848e-22	2.797372534042451e-22	6.633615021492947e-22	1.5730764805545984e-21
0.004466835921509635	1.7921313908198372e-23	4.249813256893602e-23	1.0077895402182793e-22	2.3898455947286354e-22	5.667216487307249e-22	1.3439075911247644e-21
0.005011872336272725	1.444189402569826e-23	3.4247127750136546e-23	8.121273818522904e-23	1.925857505721042e-22	4.566927535679711e-22	1.0829884422022525e-21
0.005623413251903496	1.201373600678989e-23	2.848905767151298e-23	6.75582022198238e-23	1.602057433622046e-22	3.799076639788972e-22	9.009024917881291e-22
0.006309573444801936	1.0122438267877593e-23	2.40040839442541e-23	5.692265346131323e-23	1.3498488290191175e-22	3.200995836509353e-22	7.590753013219553e-22
0.007079457843841388	8.629733304154517e-24	2.046432264324755e-23	4.852855659435628e-23	1.1507934246460063e-22	2.728961121547393e-22	6.47138317794228e-22
0.00794328234724282	7.351424064405234e-24	1.743297372462761e-23	4.134009548141092e-23	9.803281492419787e-23	2.324724279844047e-22	5.512787274879551e-22
0.008912509381337459	6.25677725885954e-24	1.4837157073154612e-23	3.5184444133766303e-23	8.34354652809712e-23	1.9785665932955788e-22	4.691918622686691e-22
0.01000000000000001	5.324323552629075e-24	1.2625960872602045e-23	2.9940871609253057e-23	7.100099535646399e-23	1.68369886295218e-22	3.9926775118436964e-22
0.01122018454301964	4.563428670938852e-24	1.0821594757505494e-23	2.5662045251281224e-23	6.085429910540879e-23	1.443082791553776e-22	3.42208725435386e-22
0.012589254117941687	3.898772369770999e-24	9.245446281707463e-24	2.1924408201778264e-23	5.1990964937630834e-23	1.2329000281560865e-22	2.92366567231615e-22
0.014125375446227554	3.3233084131593244e-24	7.880806186517034e-24	1.868833656411908e-23	4.4317029788351027e-23	1.0509223577732164e-22	2.492128845388135e-22
0.01584893192461114	2.830059845957007e-24	6.71112950395658e-24	1.5914596036354744e-23	3.773945446732796e-23	8.949434739292457e-23	2.1222448063048625e-22
0.017782794100389247	2.424446754862936e-24	5.749269285108396e-24	1.3633666005910073e-23	3.2330516993668786e-23	7.666773588495977e-23	1.8180780542142075e-22
0.01995262314968881	2.070838323026419e-24	4.910731547785921e-24	1.1645179665245985e-23	2.7615072790972475e-23	6.548565595747906e-23	1.5529092614096757e-22
0.022387211385683423	1.7653766460901095e-24	4.18636775903896e-24	9.927442423921062e-24	2.3541675878908507e-23	5.582610998911542e-23	1.3238454139850921e-22
0.025118864315095822	1.5039853508317648e-24	3.566511314595363e-24	8.45753115077784e-24	2.0055966947865208e-23	4.7560191762947816e-23	1.1278296686806061e-22
0.02818382931264455	1.2909395016907015e-24	3.0612999898575007e-24	7.259486299862266e-24	1.721495489898149e-23	4.0823090700983023e-23	9.680678749514483e-23
0.031622776601683826	1.103906941707852e-24	2.6177758950237675e-24	6.207724923835051e-24	1.472083563409061e-23	3.490860201988938e-23	8.27813284067258e-23
0.035481338923357565	9.413429426457277e-25	2.2322759021700625e-24	5.2935603774724596e-24	1.255300987149683e-23	2.9767877133667834e-23	7.059075156311166e-23
0.039810717055349776	8.016390624161045e-25	1.9009857940218538e-24	4.5079477262353144e-24	1.0690028691580662e-23	2.5350052645814754e-23	6.011444102103189e-23
0.04466835921509635	6.855502241752034e-25	1.6256957755020008e-24	3.855132215014982e-24	9.141959156677967e-24	2.1679001328615233e-23	5.1409008172273044e-23
0.05011872336272725	5.8508236822413845e-25	1.38744894363962e-24	3.290159942578402e-24	7.802198767743134e-24	1.8501928826116056e-23	4.387498329990822e-23
0.05623413251903497	4.988304428254992e-25	1.1829133956897916e-24	2.8051297223728503e-24	6.652010858893197e-24	1.5774403505107982e-23	3.7407002482552765e-23
0.06309573444801936	4.253225253716749e-25	1.0085986530842768e-24	2.3917643253066205e-24	5.671767026827457e-24	1.3449879089038957e-23	3.1894687173123434e-23
0.07079457843841387	3.6486266940868454e-25	8.652257404073652e-25	2.051773570123502e-24	4.865521890838667e-24	1.1537970597437556e-23	2.736083822238137e-23
0.07943282347242822	3.1234168472493613e-25	7.406788583342643e-25	1.7564263688863722e-24	4.165143304570644e-24	9.877111252603173e-24	2.3422320485501917e-23
0.08912509381337459	2.669978832494566e-25	6.3315175980164295e-25	1.501439434805468e-24	3.5604739944072735e-24	8.443214364169281e-24	2.0022015446938087e-23
0.1000000000000001	2.202434815658445e-25	5.222796010264016e-25	1.238520112824833e-24	2.9369940282377305e-24	6.964710382649099e-24	1.6515930367056227e-23
0.11220184543019641	1.8334126419792118e-25	4.347706530801883e-25	1.0310036946714574e-24	2.4448950511243598e-24	5.797759816955433e-24	1.3748654698308466e-23
0.12589254117941687	1.5503399523298513e-25	3.6764353977802066e-25	8.7182022325859e-25	2.0674115528501407e-24	4.902605379811359e-24	1.1625909121761798e-23
0.14125375446227553	1.3191063664302697e-25	3.1280941523146594e-25	7.417880221420236e-25	1.759056610377893e-24	4.171380580657641e-24	9.8919019415962e-24
0.15848931924611143	1.1258584022996944e-25	2.66983101150472e-25	6.3311670590759425e-25	1.501356308609771e-24	3.5602768637085174e-24	8.442746717562215e-24
0.1778279410038923	9.646528938537126e-26	2.287552507569616e-25	5.424641866640502e-25	1.2863853082088707e-24	3.050500287899094e-24	7.233875997852238e-24
0.19952623149688828	8.121441016909752e-26	1.9258971679539268e-25	4.567021903793231e-25	1.083011565344197e-24	2.568225143307315e-24	6.090221440426133e-24
0.22387211385683423	6.974261729172379e-26	1.6538580880928595e-25	3.9219155829205955e-25	9.300327487297068e-25	2.2054552013179772e-24	5.2299583685134015e-24
0.25118864315095824	5.996495135120622e-26	1.4219930889527275e-25	3.3720770207139055e-25	7.996454778935859e-25	1.896258256687257e-24	4.4967368874567726e-24
0.2818382931264455	5.1462791490085683e-26	1.2203751055933781e-25	2.8939654364008274e-25	6.862673539851133e-25	1.6273963556301861e-24	3.859164863255006e-24
0.31622776601683794	4.433204527977166e-26	1.051278464944975e-25	2.4929741090621277e-25	5.911773250254109e-25	1.4019023618829197e-24	3.324434349887865e-24
0.354813389233576	3.8336045874800207e-26	9.090909116641983e-26	2.155794283947924e-25	5.112193879093044e-25	1.2122922127077216e-24	2.87479783873652e-24
0.39810717055349776	3.3272217287443833e-26	7.890086120441179e-26	1.8710342761198015e-25	4.436921484255321e-25	1.0521598929354415e-24	2.4950642746310955e-24
0.4466835921509635	2.8851812277215714e-26	6.84184289948027e-26	1.6224566349922816e-25	3.8474510023876993e-25	9.123744131178032e-25	2.163580669970116e-24
0.5011872336272725	2.516041258100392e-26	5.96647408181346e-26	1.414873975298951e-25	3.3551949415294894e-25	7.956421054137357e-25	1.8867647499330428e-24
0.5623413251903491	2.2067910843031505e-26	5.23312635120061e-26	1.2409698227536604e-25	2.942803206947119e-25	6.978486139950494e-25	1.6548598396726802e-24
0.6309573444801942	1.9466358209634502e-26	4.616201000328303e-26	1.0946737672144298e-25	2.595880587652416e-25	6.155802963913705e-25	1.459770917481331e-24
0.7079457843841388	1.7332100034529113e-26	4.110088628575188e-26	9.746556101675956e-26	2.311272685870025e-25	5.48089127016244e-25	1.2997241353350237e-24
0.7943282347242822	1.549502197300623e-26	3.6744487675414267e-26	8.713491190095765e-26	2.0662943891454317e-25	4.899956179603727e-25	1.1619627172730294e-24
0.8912509381337459	1.3900037941597525e-26	3.296218448238589e-26	7.816565756227543e-26	1.8535998501889979e-25	4.395577943177303e-25	1.042355789921563e-24
1.000000000000002	1.250598801508362e-26	2.9656371142274776e-26	7.032633873179388e-26	1.6677003047597697e-25	3.9547406497213746e-25	9.37816794417034e-25
1.1220184543019653	1.1283280408606326e-26	2.6756874474564816e-26	6.345054857439918e-26	1.5046496249265618e-25	3.568086555247475e-25	8.461266600189645e-25
1.2589254117941688	1.0158698702460441e-26	2.409007098674477e-26	5.712656090527362e-26	1.3546842442053106e-25	3.2124625949699065e-25	7.617949299375607e-25
1.4125375446227555	8.954978677261719e-27	2.1235600970012705e-26	5.035754576405636e-26	1.1941655990286351e-25	2.831812900871147e-25	6.715286631823261e-25
1.584893192461114	8.06812034863662e-27	1.9132528448865396e-26	4.5370374886338945e-26	1.0759011401853487e-25	2.551363673029455e-25	6.050236711262661e-25
1.7782794100389265	7.30204697055689e-27	1.7315882183480704e-26	4.106242770014048e-26	9.737436133635574e-26	2.309110000219506e-25	5.475762724559895e-25
1.9952623149688828	6.580939579968705e-27	1.5605867078482472e-26	3.7007342843884294e-26	8.775823973449817e-26	2.081075821166016e-25	4.935008471144551e-25
2.2387211385683425	5.9814324439987415e-27	1.4184211619887384e-26	3.363606647087585e-26	7.976368358936699e-26	1.8914950189365104e-25	4.485441543548058e-25
2.5118864315095824	5.453103415571292e-27	1.293134605393724e-26	3.066505401106422e-26	7.271830276324783e-26	1.724422710626525e-25	4.0892506662031206e-25
2.818382931264455	4.9812277709946255e-27	1.1812352558046385e-26	2.801150225811162e-26	6.642573990990635e-26	1.5752025297629645e-25	3.7353938542015807e-25
3.1622776601683857	4.557915613772045e-27	1.0808521239122172e-26	2.563104306350285e-26	6.078078156859477e-26	1.4413394720052263e-25	3.41795451991119e-25
3.5481338923357604	4.176702719627023e-27	9.904523005687756e-27	2.348732542277833e-26	5.569722592317024e-26	1.3207893701531465e-25	3.132085179022677e-25
3.9810717055349776	3.832388051598684e-27	9.088024255451961e-27	2.155110175576889e-26	5.1105716031070714e-26	1.2119075119090303e-25	2.8738856040700794e-25
4.4668359215096345	3.449083911357831e-27	8.179066896013817e-27	1.9395624174035912e-26	4.5994273170754977e-26	1.0906960999749224e-25	2.5864480498214424e-25
5.011872336272725	3.143056852611041e-27	7.45336237568086e-27	1.7674707556442224e-26	4.1913336754244645e-26	9.939218468697807e-26	2.356960131115054e-25
5.623413251903503	2.881236606452792e-27	6.832488728331439e-27	1.620238411458222e-26	3.842190765805173e-26	9.111270153458182e-26	2.1606226450295945e-25
6.309573444801943	2.6488102403760153e-27	6.2813189553145706e-27	1.4895354607496637e-26	3.5322452252475425e-26	8.376273448512155e-26	1.9863274593271013e-25
7.0794578438413875	2.438851392983664e-27	5.7834280653373935e-27	1.3714669242718035e-26	3.2522606023821446e-26	7.712325275958071e-26	1.828880535729031e-25
7.943282347242821	2.248573268267475e-27	5.3322075236228744e-27	1.2644656714643275e-26	2.9985206450051013e-26	7.110613013040494e-26	1.6861920720579225e-25
8.91250938133746	2.0754440128086536e-27	4.921653359547099e-27	1.16710793652053e-26	2.767649072319494e-26	6.563130236257659e-26	1.5563634461039764e-25
10.000000000000021	1.9174514271873295e-27	4.546993896315236e-27	1.0782621765520969e-26	2.5569625732732412e-26	6.063513812338768e-26	1.4378857211800642e-25
11.220184543019652	1.77235051452332e-27	4.202905407356332e-27	9.966659370383824e-27	2.3634673964115683e-26	5.604664437804557e-26	1.3290753871307066e-25
12.589254117941687	1.6393680295823722e-27	3.8875542392538514e-27	9.218843902296623e-27	2.186132402642347e-26	5.18413689652648e-26	1.22935259183605e-25
14.125375446227554	1.5173476316059416e-27	3.598198275938197e-27	8.532672779314074e-27	2.023415586781233e-26	4.798274517957664e-26	1.1378502020606087e-25
15.848931924611142	1.405242608247932e-27	3.332355371274448e-27	7.902259905358231e-27	1.873921135481449e-26	4.44376730703064e-26	1.053783294280082e-25
17.782794100389264	1.3018138073098922e-27	3.087087032321885e-27	7.32063701553522e-27	1.7359966127286925e-26	4.1166967204317565e-26	9.762226354388803e-26
19.95262314968883	1.206549053102523e-27	2.8611786991182234e-27	6.784923934286544e-27	1.6089590212642852e-26	3.815443116421494e-26	9.04784147955412e-26
22.387211385683422	1.1187362591521267e-27	2.6529417485235797e-27	6.2911163050995216e-27	1.4918587785140273e-26	3.5377546798526996e-26	8.38933842308239e-26
25.11886431509582	1.0377231281409153e-27	2.4608293398302807e-27	5.8355459905931384e-27	1.3838260320245332e-26	3.281568665490159e-26	7.781825645174446e-26
28.18382931264455	9.628427094807387e-28	2.2832598839506092e-27	5.41446245199163e-27	1.2839713888923312e-26	3.0447759903890447e-26	7.2203017220029e-26
31.622776601683857	8.936363587012838e-28	2.1191457634474188e-27	5.025286541902736e-27	1.1916832368865341e-26	2.825926293387348e-26	6.701327305253454e-26
35.481338923357605	8.296285239665443e-28	1.9673592672011262e-27	4.665344035829898e-27	1.1063274174417379e-26	2.62351574753817e-26	6.22133625925394e-26
39.81071705534978	7.703882267975864e-28	1.826878384179082e-27	4.3322113636834006e-27	1.0273292115194961e-26	2.4361814792258603e-26	5.777096701354347e-26
44.668359215096345	7.155640110257052e-28	1.696869680464126e-27	4.023912142186687e-27	9.542199447863838e-27	2.262812086459835e-26	5.365973082102971e-26
50.11872336272725	6.647577782478593e-28	1.57638911597102e-27	3.7382076995045366e-27	8.864687444898444e-27	2.1021486715538134e-26	4.984980084632805e-26
56.23413251903502	6.176434875619506e-28	1.4646635258775585e-27	3.473264572907433e-27	8.236408280991753e-27	1.953160202646956e-26	4.63167274710293e-26
63.09573444801943	5.739313452808982e-28	1.3610057010541322e-27	3.2274531327351293e-27	7.653497495217545e-27	1.8149302716366893e-26	4.3038779234382e-26
70.79457843841388	5.33469042185736e-28	1.265054459423754e-27	2.9999168813073045e-27	7.11392401149779e-27	1.686977234482549e-26	4.000453455627955e-26
79.43282347242821	4.9590180821823015e-28	1.1759685085987728e-27	2.7886607999771115e-27	6.612956895071086e-27	1.568179209754985e-26	3.718738943551381e-26
89.12509381337459	4.609988013490559e-28	1.0932004358606861e-27	2.5923867686177508e-27	6.147517818001977e-27	1.4578062108617126e-26	3.457003316199728e-26
100.0000000000002	4.285584083080401e-28	1.016272140801893e-27	2.409961032493972e-27	5.71491822412265e-27	1.3552206806625368e-26	3.2137346873362583e-26
112.20184543019653	3.9851632225507265e-28	9.450311278726617e-28	2.241021967668911e-27	5.314300567937905e-27	1.2602192630736302e-26	2.988450823692004e-26
125.89254117941688	3.7058600292312e-28	8.787979030181369e-28	2.083958239807731e-27	4.9418437735750954e-27	1.1718958382098625e-26	2.779002976398181e-26
141.25375446227554	3.446041963149317e-28	8.171853300018933e-28	1.9378518042188654e-27	4.595370813992039e-27	1.0897341516028316e-26	2.584166913183774e-26
158.48931924611142	3.204313682770867e-28	7.598625212014673e-28	1.8019180026948768e-27	4.2730209713476914e-27	1.0132929575163743e-26	2.4028962755129563e-26
177.82794100389265	2.945503697885641e-28	6.984890019095162e-28	1.6563784528220374e-27	3.927892309645691e-27	9.314500541740158e-27	2.2088161665478575e-26
199.5262314968883	2.7087697780218826e-28	6.423505426292035e-28	1.5232531866083557e-27	3.612202553787568e-27	8.565882155556424e-27	2.031290770902535e-26
223.87211385683423	2.508439602281199e-28	5.948447715090004e-28	1.4105992501067303e-27	3.345057970928478e-27	7.932382516157789e-27	1.8810643321689014e-26
251.18864315095823	2.3277827116190687e-28	5.520042714827237e-28	1.3090084148070257e-27	3.104148135362666e-27	7.3610952666644e-27	1.745590775992348e-26
281.8382931264455	2.1630330894087602e-28	5.1293597927000225e-28	1.2163628939286753e-27	2.8844509832045097e-27	6.840111216829976e-27	1.6220459883128574e-26
316.2277660168386	2.0109421147422247e-28	4.7686952545073485e-28	1.1308358536852074e-27	2.68163440884816e-27	6.359157325330773e-27	1.5079938471234775e-26
354.81338923357606	1.869938369380491e-28	4.434322680356723e-28	1.0515436206616904e-27	2.4936028923930593e-27	5.9132643313749855e-27	1.4022559549865432e-26
398.1071705534977	1.7389344465639298e-28	4.123663422451001e-28	9.77874701099894e-28	2.318906353619766e-27	5.4989935528591774e-27	1.304016871869946e-26
446.6835921509635	1.6178864850714791e-28	3.83661346944386e-28	9.098044300226411e-28	2.1574863026499524e-27	5.116206288423871e-27	1.213243706498089e-26
501.18723362727246	1.5052735508969377e-28	3.5695661184249465e-28	8.464775233853575e-28	2.007314541389446e-27	4.7600929224387075e-27	1.1287959192670375e-26
562.3413251903502	1.4003971555873672e-28	3.3208649922432535e-28	7.875011922657881e-28	1.8674596205161353e-27	4.4284446404731034e-27	1.0501497177307172e-26
630.9573444801943	1.3026884490828233e-28	3.089161134824166e-28	7.325555487673892e-28	1.7371629662834e-27	4.1194625806905345e-27	9.768785245232583e-27
707.9457843841387	1.2122592153216096e-28	2.8747196276596935e-28	6.817034536181616e-28	1.616573644968739e-27	3.833500234941889e-27	9.090661657727383e-27
794.3282347242822	1.128038178207234e-28	2.675000074783109e-28	6.343424839983589e-28	1.5042630869377164e-27	3.567169930759374e-27	8.459092977378496e-27
891.2509381337459	1.0495493017896164e-28	2.4888736170594444e-28	5.90204945220975e-28	1.3995964880484223e-27	3.318966310292632e-27	7.870509438162305e-27
1000.000000000002	9.763989133873792e-29	2.315406709443442e-28	5.490694588686729e-28	1.3020488773429817e-27	3.087644471215936e-27	7.321958911437747e-27
1122.0184543019652	9.087313633710662e-29	2.154941660608213e-28	5.110171991201157e-28	1.2118127491342564e-27	2.8736608894813034e-27	6.814523872274926e-27
1258.9254117941687	8.457201960641547e-29	2.0055186352935552e-28	4.755834157949566e-28	1.1277860070648708e-27	2.674402082765758e-27	6.342006777413141e-27
1412.5375446227554	7.87014003531676e-29	1.8663043139625249e-28	4.425704976893631e-28	1.049500041122112e-27	2.4887568016069505e-27	5.901772439097119e-27
1584.893192461114	7.323214880706309e-29	1.7366079209017092e-28	4.1181463606700555e-28	9.765663995758915e-28	2.315803881786235e-27	5.491636432720305e-27
1778.2794100389265	6.816330225209124e-29	1.6164066265167704e-28	3.833104171779118e-28	9.08972244401875e-28	2.1555128795502793e-27	5.1115265647666564e-27
1995.2623149688789	6.344935860342532e-29	1.5046214063325994e-28	3.5680196399527786e-28	8.46110795546818e-28	2.006444892635702e-27	4.7580306602438794e-27
2238.721138568342	5.907020882142704e-29	1.400775399870752e-28	3.3217619507911843e-28	7.87713894657341e-28	1.8679640173743492e-27	4.429640753914059e-27
2511.8864315095875	5.501133498292863e-29	1.3045243329186207e-28	3.093514701479023e-28	7.33587942116498e-28	1.739611156725172e-27	4.1252681551257725e-27
2818.382931264455	5.132221784156035e-29	1.217041579057157e-28	2.886060399273078e-28	6.843927743787438e-28	1.6229510295063036e-27	3.848623396941145e-27
3162.277660168386	4.7925769826125693e-29	1.1364991038926722e-28	2.6950640914791128e-28	6.391004121606387e-28	1.5155459126750328e-27	3.59392572703506e-27
3548.133892335753	4.47998970673067e-29	1.062372979217598e-28	2.5192833485220443e-28	5.974162289796343e-28	1.4166971367376537e-27	3.359518338941237e-27
3981.0717055349774	4.1925224998669874e-29	9.942037616579444e-29	2.3576286584655537e-28	5.5908186083995085e-28	1.3257920241080868e-27	3.1439483451420325e-27
4466.835921509644	3.929626373726589e-29	9.318612655729792e-29	2.209791302504354e-28	5.240240989758587e-28	1.2426569694442573e-27	2.9468040624941124e-27
5011.872336272725	3.6885831729817623e-29	8.747009147554986e-29	2.0742427495693845e-28	4.9188047154881245e-28	1.166432416559197e-27	2.766047162057187e-27
5623.413251903502	3.467825801901461e-29	8.223510922444167e-29	1.9501017569705504e-28	4.624420029844519e-28	1.0966228062707435e-27	2.6005024878170947e-27
6309.57344480193	3.2659984987083445e-29	7.744902962567409e-29	1.8366059238333397e-28	4.355278995440781e-28	1.0327994090607982e-27	2.4491533618677913e-27
7079.457843841388	3.085895270102585e-29	7.317810901946941e-29	1.7353264355881167e-28	4.115107480093196e-28	9.75845767426393e-28	2.3140949936545825e-27
7943.282347242838	2.9220424702456207e-29	6.929254680767097e-29	1.6431852349804027e-28	3.896606259763972e-28	9.240309625720327e-28	2.1912227278592102e-27
8912.509381337459	2.771513537781541e-29	6.572294328380456e-29	1.5585365956190633e-28	3.6958727021624596e-28	8.764295345380269e-28	2.0783419530676302e-27
10000.00000000002	2.6303422596247384e-29	6.237524471364769e-29	1.4791501519815517e-28	3.5076177771344763e-28	8.317872566207679e-28	1.9724784290539763e-27
11220.18454301963	2.4795441750784744e-29	5.879925858807613e-29	1.3943501572816394e-28	3.306525299462859e-28	7.8410071522509165e-28	1.8593958186744763e-27
12589.254117941688	2.328251694367074e-29	5.521154848184276e-29	1.3092721431870554e-28	3.1047735339090535e-28	7.362578320345861e-28	1.7459424634736e-27
14125.375446227583	2.1766665110336293e-29	5.161689730259443e-29	1.2240295303121041e-28	2.9026314431355e-28	6.883223881478033e-28	1.6322696122713763e-27
15848.93192461114	2.026778806331174e-29	4.8062499685260626e-29	1.1397414798199862e-28	2.70275297649701e-28	6.409237341363589e-28	1.5198696904649779e-27
17782.794100389263	1.8941030273688744e-29	4.491626114916688e-29	1.0651324064576647e-28	2.525826981721822e-28	5.9896796895057075e-28	1.420376892102563e-27
19952.62314968879	1.767758316214662e-29	4.1920155890361716e-29	9.940835541564129e-29	2.357343601557196e-28	5.5901426319423445e-28	1.3256317248283094e-27
22387.211385683422	1.6479546346402215e-29	3.9079162887090804e-29	9.267129930971593e-29	2.19758282452561e-28	5.211290126093589e-28	1.2357916377589875e-27
25118.864315095874	1.5353443987348893e-29	3.64087533629482e-29	8.633876038081572e-29	2.047414661464883e-28	4.855185292783889e-28	1.1513458739420676e-27
28183.82931264455	1.4391961021241597e-29	3.4128717938679783e-29	8.093194432772848e-29	1.9191988472684795e-28	4.551137682348553e-28	1.0792448230765426e-27
31622.776601683858	1.350685004755871e-29	3.2029789049095603e-29	7.595459954891493e-29	1.801167401943572e-28	4.271241016463838e-28	1.0128708636984356e-27
35481.33892335753	1.2678883406833127e-29	3.006637072811394e-29	7.129860096932466e-29	1.6907562758911887e-28	4.009414975330734e-28	9.507821247584075e-28
39810.71705534977	1.1884608390548614e-29	2.818284783943287e-29	6.683206431709449e-29	1.5848380001664623e-28	3.758243161328105e-28	8.912199012255118e-28
44668.35921509644	1.1000365706879573e-29	2.608597798995641e-29	6.185960229185129e-29	1.4669223431758346e-28	3.478621072854719e-28	8.249110544127324e-28
50118.72336272725	1.0130385602346653e-29	2.4022930045618262e-29	5.69673446431285e-29	1.3509086316808014e-28	3.2035092079191866e-28	7.5967175015038215e-28
56234.132519035025	9.297285634235165e-30	2.2047338687051116e-29	5.228247924228997e-29	1.2398129654196765e-28	2.9400598661345983e-28	6.971980659622112e-28
63095.73444801956	8.524219389203087e-30	2.0214109720847452e-29	4.7935208275377307e-29	1.1367229247964467e-28	2.6955948544850835e-28	6.392262759042292e-28
70794.57843841388	7.832210572090522e-30	1.8573098207860698e-29	4.404375672279247e-29	1.0444420659098876e-28	2.4767624521856277e-28	5.873329354282679e-28
79432.82347242838	7.24118013957596e-30	1.7171544180949827e-29	4.0720148356311827e-29	9.656268910279947e-29	2.2898622188635854e-28	5.430119055400829e-28
89125.0938133746	6.776557880594038e-30	1.6069751172934978e-29	3.8107385388023546e-29	9.036685170067416e-29	2.1429357598640376e-28	5.081701513863382e-28
100000.0000000002	6.48943800288864e-30	1.5388882644571607e-29	3.64927916628501e-29	8.653804659547156e-29	2.052140482358234e-28	4.866391980187906e-28