0.00001584893192461114	3.2817307703737804e16	5.250769232598049e13	5.401375118211935e11
0.00001778279410038923	2.933748535491967e16	4.693997656787146e13	4.8286338677600183e11
0.000019952623149688786	2.7223333810620836e16	4.355733409699335e13	4.480667311496649e11
0.000022387211385683423	2.5545997936571212e16	4.0873596698513914e13	4.204595906225824e11
0.000025118864315095822	2.3901847792975416e16	3.824295646876066e13	3.933986514486738e11
0.00002818382931264455	2.2098367717726936e16	3.535738834836311e13	3.637153133376421e11
0.000031622776601683795	2.0355623002619356e16	3.2568996804190973e13	3.350316137893537e11
0.000035481338923357534	1.86309740041352e16	2.9809558406616312e13	3.066457502317518e11
0.000039810717055349776	1.7117401120193836e16	2.7387841792310133e13	2.817339720056847e11
0.00004466835921509635	1.583897796898274e16	2.5342364750372367e13	2.6069250491814777e11
0.00005011872336272725	1.4596267348594168e16	2.3354027757750668e13	2.4023882759427628e11
0.00005623413251903491	1.3293181140671516e16	2.1269089825074418e13	2.187914331769794e11
0.00006309573444801943	1.2141049806920584e16	1.9425679691072934e13	1.9982859327794113e11
0.00007079457843841388	1.1148645676364866e16	1.7837833082183773e13	1.834946909774063e11
0.00007943282347242822	1.0246569375012572e16	1.6394511000020121e13	1.6864748738337732e11
0.00008912509381337459	9.38640328586294e15	1.5018245257380713e13	1.5449008070819998e11
0.0001	8.608213786620407e15	1.3773142058592656e13	1.4168192034230957e11
0.00011220184543019641	7.89042924131212e15	1.2624686786099395e13	1.298679604091379e11
0.00012589254117941674	7.242829403946371e15	1.1588527046314195e13	1.1920916511830101e11
0.00014125375446227554	6.642770996038742e15	1.062843359366199e13	1.0933285051258769e11
0.00015848931924611142	6.100361500850262e15	9.76057840136042e12	1.0040537487186275e11
0.00017782794100389227	5.59931065227004e15	8.958897043632066e12	9.21586179748247e10
0.0001995262314968881	5.141080336768218e15	8.225728538829148e12	8.461664089704007e10
0.00022387211385683424	4.708035540017009e15	7.53285686402721e12	7.748919031102896e10
0.0002511886431509582	4.318561477230398e15	6.909698363568634e12	7.107886704223474e10
0.0002818382931264455	3.963506473098291e15	6.341610356957265e12	6.5235044379422676e10
0.00031622776601683794	3.6394241825510995e15	5.823078692081758e12	5.99009991974794e10
0.0003548133892335757	3.3328507713963685e15	5.3325612342341875e12	5.48551312979383e10
0.00039810717055349773	3.057115366450123e15	4.891384586320194e12	5.031682374104781e10
0.0004466835921509635	2.805184708214378e15	4.488295533143006e12	4.6170316656451355e10
0.0005011872336272725	2.5763109280117445e15	4.122097484818789e12	4.2403300931828674e10
0.0005623413251903491	2.3624665581196595e15	3.779946492991453e12	3.888365310107973e10
0.0006309573444801936	2.167575102379673e15	3.4681201638074746e12	3.567594980838649e10
0.0007079457843841388	1.9848581096496428e15	3.175772975439428e12	3.2668625054277893e10
0.0007943282347242822	1.820699754656066e15	2.913119607449704e12	2.996675547340452e10
0.0008912509381337459	1.6708884507772152e15	2.673421521243546e12	2.7501022889540096e10
0.001	1.534283540020947e15	2.4548536640335146e12	2.525265330162161e10
0.0011220184543019641	1.4045658962449488e15	2.247305433991917e12	2.3117640704579857e10
0.0012589254117941688	1.2891984388509675e15	2.0627175021615479e12	2.121881670766724e10
0.0014125375446227555	1.1858472413005998e15	1.8973555860809595e12	1.951776739574462e10
0.001584893192461114	1.0909677263068689e15	1.7455483620909897e12	1.7956152847282475e10
0.0017782794100389247	1.0002205619614359e15	1.6003528991382969e12	1.646255233633051e10
0.0019952623149688807	9.179686611411984e14	1.4687498578259163e12	1.5108774706164137e10
0.00223872113856834	7.460124296052065e14	1.1936198873683303e12	1.227856048254515e10
0.002511886431509582	5.989170523793156e14	9.582672838069052e11	9.857529123956789e9
0.002818382931264455	5.2636292218181106e14	8.421806754908973e11	8.66336634524818e9
0.0031622776601683824	4.732513568408571e14	7.572021709453716e11	7.789207227407929e9
0.0035481338923357567	4.287782363704673e14	6.860451781927476e11	7.057227600966338e9
0.003981071705534978	3.913493789287545e14	6.261590062860071e11	6.441188951136021e9
0.004466835921509635	3.5871829559366175e14	5.739492729498589e11	5.904116491695979e9
0.005011872336272725	2.943833936309551e14	4.71013429809528e11	4.845233350424798e9
0.005623413251903496	2.5763635680499928e14	4.1221817088799866e11	4.2404167330118804e9
0.006309573444801936	2.3171148394894203e14	3.707383743183069e11	3.813721269594671e9
0.007079457843841388	2.1024991504980228e14	3.363998640796836e11	3.460486978420929e9
0.00794328234724282	1.9182107593379516e14	3.0691372149407196e11	3.1571681505714574e9
0.008912509381337459	1.75224697262334e14	2.803595156197344e11	2.884009646474415e9
0.01000000000000001	1.6044310427799334e14	2.5670896684478943e11	2.6407205586737733e9
0.01122018454301964	1.46853106992515e14	2.3496497118802396e11	2.417043851684216e9
0.012589254117941687	1.3469422356856861e14	2.155107577097097e11	2.216921736292456e9
0.014125375446227554	1.2364939754351044e14	1.9783903606961655e11	2.035135804870865e9
0.01584893192461114	1.1351329161207202e14	1.8162126657931522e11	1.868306426702845e9
0.017782794100389247	1.037383626414029e14	1.6598138022624463e11	1.707421632005175e9
0.01995262314968881	9.521416056748183e13	1.5234265690797086e11	1.5671224538997028e9
0.022387211385683423	8.788631082538884e13	1.4061809732062216e11	1.4465139456568756e9
0.025118864315095822	8.109574702358794e13	1.2975319523774066e11	1.3347485848637342e9
0.02818382931264455	7.444123730527288e13	1.1910597968843661e11	1.2252225276353624e9
0.031622776601683826	6.8430017181653445e13	1.0948802749064548e11	1.126284323749385e9
0.035481338923357565	6.2902873707988695e13	1.0064459793278192e11	1.0353134997471467e9
0.039810717055349776	5.802007355024835e13	9.283211768039737e10	9.549478722029465e8
0.04466835921509635	5.365440529739456e13	8.584704847583127e10	8.830936784092051e8
0.05011872336272725	4.964433952619401e13	7.943094324191042e10	8.170923181681608e8
0.05623413251903497	4.579039399773564e13	7.326463039637698e10	7.53660528844418e8
0.06309573444801936	4.231783855272473e13	6.7708541684359566e10	6.965060092030737e8
0.07079457843841387	3.904300852799718e13	6.246881364479545e10	6.426058368561443e8
0.07943282347242822	3.611036363680479e13	5.7776581818887634e10	5.94337662974124e8
0.08912509381337459	3.346177546240631e13	5.353884073985011e10	5.507447564726654e8
0.1000000000000001	2.892230506919682e13	4.627568811071495e10	4.760299667857934e8
0.11220184543019641	2.530495112453258e13	4.0487921799252144e10	4.164922199149558e8
0.12589254117941687	2.2805622484053234e13	3.6488995974485176e10	3.753559644585643e8
0.14125375446227553	2.0634655063511723e13	3.301544810161876e10	3.396241807497318e8
0.15848931924611143	1.8894830502486387e13	3.0231728803978214e10	3.109885437900737e8
0.1778279410038923	1.7607100912482453e13	2.817136145997192e10	2.8979390275119215e8
0.19952623149688828	1.5758262225987648e13	2.5213219561580242e10	2.5936401078999597e8
0.22387211385683423	1.444775106263551e13	2.3116401700216816e10	2.3779440960950992e8
0.25118864315095824	1.3287138429740645e13	2.1259421487585014e10	2.1869197666834944e8
0.2818382931264455	1.2345713281576332e13	1.9753141250522133e10	2.0319713346896493e8
0.31622776601683794	1.1456541772655197e13	1.8330466836248314e10	1.8856232884858906e8
0.354813389233576	1.059305711725145e13	1.6948891387602314e10	1.7435030214987123e8
0.39810717055349776	9.746588280614842e12	1.5594541248983742e10	1.6041833748712105e8
0.4466835921509635	8.933805169783074e12	1.4294088271652916e10	1.4704080356208912e8
0.5011872336272725	8.130888649684724e12	1.300942183949556e10	1.3382566308556986e8
0.5623413251903491	7.332396386456819e12	1.1731834218330906e10	1.2068334110833856e8
0.6309573444801942	6.580670590395332e12	1.0529072944632528e10	1.083107447722226e8
0.7079457843841388	5.900423861637727e12	9.440678178620358e9	9.711461683837046e7
0.7943282347242822	5.257731714872562e12	8.412370743796102e9	8.653659684493819e7
0.8912509381337459	4.637150553725271e12	7.419440885960434e9	7.632249984187943e7
1.000000000000002	4.062472328867937e12	6.499955726188697e9	6.686391569248844e7
1.1220184543019653	3.532789576915732e12	5.652463323065168e9	5.814590852758382e7
1.2589254117941688	3.1202024045244844e12	4.992323847239173e9	5.135516838775912e7
1.4125375446227555	2.6919654179325605e12	4.307144668692095e9	4.430684917474758e7
1.584893192461114	2.410266613583604e12	3.8564265817337675e9	3.967039049149244e7
1.7782794100389265	2.1643099687903188e12	3.4628959500645094e9	3.562220922891425e7
1.9952623149688828	1.9156032614720635e12	3.064965218355302e9	3.1528764901400942e7
2.2387211385683425	1.7142616245145513e12	2.7428185992232814e9	2.8214898578361586e7
2.5118864315095824	1.5350115555024856e12	2.4560184888039765e9	2.5264635651737455e7
2.818382931264455	1.3733134481809949e12	2.197301517089591e9	2.260325909570514e7
3.1622776601683857	1.2267569590798662e12	1.962811134527786e9	2.0191097254795898e7
3.5481338923357604	1.0938836574972461e12	1.750213851995593e9	1.8004145931664377e7
3.9810717055349776	9.735397886360516e11	1.5576636618176813e9	1.6023415565954998e7
4.4668359215096345	8.304290061454941e11	1.3286864098327909e9	1.3667966341811933e7
5.011872336272725	7.232856177048362e11	1.1572569883277376e9	1.1904501655345976e7
5.623413251903503	6.350686245578829e11	1.0161097992926124e9	1.0452545035110634e7
6.309573444801943	5.58728173445147e11	8.939650775122354e8	9.196063495321067e6
7.0794578438413875	4.916572625267754e11	7.866516200428405e8	8.092148595717522e6
7.943282347242821	4.323805179676893e11	6.918088287483027e8	7.116517273244397e6
8.91250938133746	3.7994732865239044e11	6.079157258438245e8	6.253523493581312e6
10.000000000000021	3.335283785035412e11	5.3364540560566586e8	5.489517607995042e6
11.220184543019652	2.924995597393081e11	4.679992955828931e8	4.814227475107282e6
12.589254117941687	2.5624553618426953e11	4.099928578948313e8	4.217525324726583e6
14.125375446227554	2.2426018636258508e11	3.588162981801361e8	3.691080942896705e6
15.848931924611142	1.9607661040952728e11	3.1372257665524364e8	3.227209661104311e6
17.782794100389264	1.712997867861156e11	2.7407965885778487e8	2.819409850601943e6
19.95262314968883	1.4952993392688736e11	2.3924789428301984e8	2.461101537736971e6
22.387211385683422	1.3042321062575745e11	2.0867713700121182e8	2.1466254668753454e6
25.11886431509582	1.1367535280818307e11	1.8188056449309283e8	1.8709737793089887e6
28.18382931264455	9.901785772637263e10	1.5842857236219618e8	1.6297272092218653e6
31.622776601683857	8.619964992868312e10	1.3791943988589296e8	1.41875332530809e6
35.481338923357605	7.49989119199595e10	1.1999825907193519e8	1.2344012506891247e6
39.81071705534978	6.5222068961055275e10	1.0435531033768843e8	1.0734849538081465e6
44.668359215096345	5.669528660016451e10	9.071245856026326e7	933143.3069603823
50.11872336272725	4.926512003855378e10	7.8824192061686e7	810850.7741531173
56.23413251903502	4.27933911020973e10	6.846942576335569e7	704333.0915791543
63.09573444801943	3.716135338274419e10	5.9458165412390694e7	611635.8213558564
70.79457843841388	3.2261066133006134e10	5.161770581280979e7	530982.375126287
79.43282347242821	2.80005667560177e10	4.480090680962834e7	460859.1476703019
89.12509381337459	2.4294848684397095e10	3.887175789503535e7	399867.022515318
100.0000000000002	2.107613566180703e10	3.372181705889122e7	346890.47553641227
112.20184543019653	1.8279974469019337e10	2.9247959150430925e7	300868.6762176549
125.89254117941688	1.5853483340005177e10	2.5365573344008286e7	260931.24769018847
141.25375446227554	1.3748416984861113e10	2.1997467175777767e7	226284.1244846332
158.48931924611142	1.1921774875960484e10	1.907483980153677e7	196219.56426548297
177.82794100389265	1.0089684080359089e10	1.6143494528574547e7	166065.324536246
199.5262314968883	8.545998291440341e9	1.367359726630454e7	140657.9203522233
223.87211385683423	7.340210204166129e9	1.1744336326665798e7	120811.94812550866
251.18864315095823	6.331950067433537e9	1.013112010789366e7	104217.07305410822
281.8382931264455	5.472505047508869e9	8.756008076014189e6	90071.53440115058
316.2277660168386	4.734706910768985e9	7.575531057230373e6	77928.17232518097
354.81338923357606	4.0980917806913476e9	6.556946849106159e6	67450.17347615608
398.1071705534977	3.548270727261319e9	5.677233163618113e6	58400.71157551463
446.6835921509635	3.072680296167435e9	4.916288473867896e6	50573.00570713346
501.18723362727246	2.661306405640375e9	4.258090249024598e6	43802.2348790261
562.3413251903502	2.305118221751608e9	3.6881891548025715e6	37939.76129884645
630.9573444801943	1.9967351114016302e9	3.1947761782426094e6	32864.10770118265
707.9457843841387	1.7291794562308197e9	2.766687129969313e6	28460.43000884133
794.3282347242822	1.497512205296875e9	2.3960195284749996e6	24647.43676699582
891.2509381337459	1.2970774589968128e9	2.0753239343949005e6	21348.496886662586
1000.000000000002	1.1235922197155273e9	1.797747551544842e6	18493.116843636537
1122.0184543019652	9.731234726282371e8	1.5569975562051795e6	16016.56345320334
1258.9254117941687	8.427585212533016e8	1.3484136340052823e6	13870.896870800283
1412.5375446227554	7.296702167171321e8	1.1674723467474103e6	12009.5852732835
1584.893192461114	6.31679589415542e8	1.0106873430648677e6	10396.765169626726
1778.2794100389265	5.467375193931319e8	874780.0310290116	8998.710254060921
1995.2623149688789	4.7310862036003125e8	756973.7925760506	7786.8579387857335
2238.721138568342	4.092980510960745e8	654876.8817537187	6736.6047485704385
2511.8864315095875	3.5368070571333545e8	565889.1291413365	5821.203192162109
2818.382931264455	3.045172530252724e8	487227.6048404361	5012.025753013296
3162.277660168386	2.6164541555957928e8	418632.664895327	4306.401518844793
3548.133892335753	2.2485083855641115e8	359761.34169025783	3700.802441357367
3981.0717055349774	1.9294328743376908e8	308709.2598940305	3175.6385422563917
4466.835921509644	1.649674517066225e8	263947.9227305961	2715.1864406643326
5011.872336272725	1.4055777924317664e8	224892.44678908255	2313.429542511644
5623.413251903502	1.1923406921966627e8	190774.51075146598	1962.4642598360122
6309.57344480193	1.0069999712856925e8	161119.99540571083	1657.4134106446415
7079.457843841388	8.465024565961903e7	135440.3930553904	1393.2518011046866
7943.282347242838	7.087081370558266e7	113393.30192893223	1166.4572036577144
8912.509381337459	5.906534117035533e7	94504.54587256852	972.1518505612185
10000.00000000002	4.9392986507893614e7	79028.77841262976	812.9553184142761
11220.18454301963	4.244096208723846e7	67905.53933958153	698.53248986929
12589.254117941688	3.677712733365477e7	58843.403733847634	605.311874735811
14125.375446227583	3.094874328294066e7	49517.98925270505	509.3829555352732
15848.93192461114	2.5950916744592965e7	41521.466791348714	427.1241177504296
17782.794100389263	2.2646760151988685e7	36234.816243181886	372.7412617066478
19952.62314968879	1.993963792218152e7	31903.420675490415	328.1849477456052
22387.211385683422	1.6918574846252795e7	27069.71975400448	278.4615058466476
25118.864315095874	1.4249538687825782e7	22799.26190052125	234.532047568467
28183.82931264455	1.2475093986911843e7	19960.15037905894	205.32660042245405
31622.776601683858	1.0961837503928812e7	17538.940006286106	180.4200298151203
35481.33892335753	9.171384285913054e6	14674.214857460887	150.9510997328049
39810.71705534977	7.563568407216505e6	12101.709451546401	124.48818339531236
44668.35921509644	6.497925260388147e6	10396.680416621028	106.94884582949439
50118.72336272725	5.727766847969886e6	9164.42695675182	94.27286849621736
56234.132519035025	5.1997116296873875e6	8319.538607499817	85.5816487812369
63095.73444801956	4.69381213250187e6	7510.099412002992	77.25508835439682
70794.57843841388	3.9329229806616083e6	6292.676769058573	64.73167305912175
79432.82347242838	3.222281798961181e6	5155.650878337886	53.03528519127655
89125.0938133746	2.7127794065693994e6	4340.447050511038	44.649424992814936
100000.0000000002	2.544856000462989e6	4071.7696007407812	41.885586728881854