0.00001584893192461114	7.002508411881147e15	1.1204013459009836e13	1.15253740625093e11
0.00001778279410038923	6.259989083683007e15	1.0015982533892814e13	1.0303267282657866e11
0.000019952623149688786	5.808874564887248e15	9.294199303819604e12	9.560781409263063e10
0.000022387211385683423	5.450967125507485e15	8.721547400811976e12	8.971704342021309e10
0.000025118864315095822	5.100140808039223e15	8.160225292862759e12	8.394282038188884e10
0.00002818382931264455	4.715316906225086e15	7.544507049960139e12	7.760903375040544e10
0.000031622776601683795	4.3434526254171805e15	6.949524200667489e12	7.148854851182253e10
0.000035481338923357534	3.9754495817655455e15	6.360719330824875e12	6.543161507489772e10
0.000039810717055349776	3.6524856461655705e15	5.84397703386491e12	6.011597680993782e10
0.00004466835921509635	3.379697611537131e15	5.407516178459412e12	5.562617979157924e10
0.00005011872336272725	3.114529863732705e15	4.983247781972331e12	5.126180448062104e10
0.00005623413251903491	2.836479262666933e15	4.538366820267097e12	4.6685391291097015e10
0.00006309573444801943	2.590639188611627e15	4.1450227017786035e12	4.263912865721717e10
0.00007079457843841388	2.3788814681143245e15	3.8062103489829204e12	3.915382482635743e10
0.00007943282347242822	2.1863977657520328e15	3.498236425203254e12	3.5985750559001915e10
0.00008912509381337459	2.0028568022683298e15	3.2045708836293286e12	3.2964864134426e10
0.0001	1.8368078818731082e15	2.938892610996973e12	3.0231877884836273e10
0.00011220184543019641	1.6836480808981162e15	2.693836929436987e12	2.771103264803341e10
0.00012589254117941674	1.5454641887389785e15	2.472742701982367e12	2.5436674728169575e10
0.00014125375446227554	1.4174246162388072e15	2.2678793859820913e12	2.332928137557547e10
0.00015848931924611142	1.3016860831747755e15	2.0826977330796416e12	2.1424349873107323e10
0.00017782794100389227	1.1947725967414092e15	1.9116361547862551e12	1.9664669125875572e10
0.0001995262314968881	1.0969960921040405e15	1.755193747366466e12	1.805537325047424e10
0.00022387211385683424	1.004593636078487e15	1.6073498177255796e12	1.6534528422666344e10
0.0002511886431509582	9.21488238600615e14	1.4743811817609844e12	1.5166703157478716e10
0.0002818382931264455	8.457271287752528e14	1.353163406040405e12	1.3919756950821356e10
0.00031622776601683794	7.765749306063596e14	1.2425198889701758e12	1.2781586306443428e10
0.0003548133892335757	7.111587511363545e14	1.1378540018181675e12	1.1704906502884985e10
0.00039810717055349773	6.523227396627616e14	1.0437163834604187e12	1.0736529171943544e10
0.0004466835921509635	5.985661497123429e14	9.577058395397491e11	9.851753644287926e9
0.0005011872336272725	5.497294021766686e14	8.7956704348267e11	9.04795341979984e9
0.0005623413251903491	5.04099607907098e14	8.065593726513572e11	8.296936189374455e9
0.0006309573444801936	4.6251395833025656e14	7.400223333284109e11	7.612481221505632e9
0.0007079457843841388	4.235260776017002e14	6.77641724162721e11	6.970782728807362e9
0.0007943282347242822	3.884982114494697e14	6.215971383191516e11	6.394261807631469e9
0.0008912509381337459	3.565316977708646e14	5.704507164333832e11	5.868127448413654e9
0.001	3.2738314465643306e14	5.238130314502929e11	5.388373682670592e9
0.0011220184543019641	2.9970418634848575e14	4.795266981575774e11	4.932807863401562e9
0.0012589254117941688	2.7508724951284516e14	4.401395992205526e11	4.527639617087807e9
0.0014125375446227555	2.5303432436865344e14	4.048549189898458e11	4.164672239529102e9
0.001584893192461114	2.3278907427511406e14	3.724625188401828e11	3.8314572448549156e9
0.0017782794100389247	2.1342557902986356e14	3.414809264477818e11	3.5127549845613346e9
0.0019952623149688807	1.9587479050733862e14	3.1339966481174194e11	3.2238879230510817e9
0.00223872113856834	1.5918302503173825e14	2.546928400507813e11	2.6199810124893627e9
0.002511886431509582	1.2779603175148769e14	2.0447365080238046e11	2.1033849343774424e9
0.002818382931264455	1.123145391314554e14	1.7970326261032877e11	1.848576252978206e9
0.0031622776601683824	1.0098167214475117e14	1.6157067543160202e11	1.662049477800309e9
0.0035481338923357567	9.149206370374434e13	1.46387301925991e11	1.5058607514807813e9
0.003981071705534978	8.350554965302469e13	1.3360887944483952e11	1.3744113386762872e9
0.004466835921509635	7.654277752053931e13	1.2246844403286296e11	1.2598116143792744e9
0.005011872336272725	6.281509162264674e13	1.0050414659623482e11	1.0338687012406063e9
0.005623413251903496	5.497406344299041e13	8.795850150878467e10	9.04813829058112e8
0.006309573444801936	4.944225254947176e13	7.910760407915483e10	8.13766184355978e8
0.007079457843841388	4.486281483004922e13	7.178050372807878e10	7.383935755594532e8
0.00794328234724282	4.093049649071311e13	6.548879438514099e10	6.736718542448207e8
0.008912509381337459	3.738918584138051e13	5.9822697346208824e10	6.153856980499132e8
0.01000000000000001	3.423511146854405e13	5.477617834967048e10	5.634730335735139e8
0.01122018454301964	3.1335298017419125e13	5.01364768278706e10	5.157452298067886e8
0.012589254117941687	2.8740853518074367e13	4.598536562891898e10	4.7304346983655673e8
0.014125375446227554	2.638412493307148e13	4.221459989291439e10	4.342542575881565e8
0.01584893192461114	2.422129769296454e13	3.8754076308743256e10	3.986564524751733e8
0.017782794100389247	2.2135537856704258e13	3.541686057072684e10	3.643270937604153e8
0.01995262314968881	2.03166562694006e13	3.2506650031040974e10	3.3439026336187285e8
0.022387211385683423	1.87530505670912e13	3.000488090734594e10	3.086549988746327e8
0.025118864315095822	1.7304090141306162e13	2.7686544226089863e10	2.8480667206561273e8
0.02818382931264455	1.5884160733930102e13	2.5414657174288177e10	2.6143616452777192e8
0.031622776601683826	1.46014955055293e13	2.3362392808846886e10	2.403248774221249e8
0.035481338923357565	1.3422121834251477e13	2.1475394934802364e10	2.209136580112506e8
0.039810717055349776	1.2380237183420805e13	1.9808379493473297e10	2.0376535968084624e8
0.04466835921509635	1.1448697370951389e13	1.831791579352222e10	1.8843321845183533e8
0.05011872336272725	1.0593035488248248e13	1.6948856781197203e10	1.7434994615979207e8
0.05623413251903497	9.770686311234934e12	1.5633098097975897e10	1.6081496509644336e8
0.06309573444801936	9.029717584185975e12	1.4447548134697565e10	1.4861941852148905e8
0.07079457843841387	8.330939213862079e12	1.3329502742179335e10	1.3711827974226406e8
0.07943282347242822	7.70517579947645e12	1.2328281279162325e10	1.2681888843672764e8
0.08912509381337459	7.140023985736354e12	1.1424038377178167e10	1.1751709874603827e8
0.1000000000000001	6.171398530506998e12	9.874237648811201e9	1.0157456781091635e8
0.11220184543019641	5.399532914505301e12	8.639252663208487e9	8.887049174680933e7
0.12589254117941687	4.866229878588717e12	7.785967805741947e9	8.009289861006753e7
0.14125375446227553	4.40299207244381e12	7.044787315910098e9	7.24685036337508e7
0.15848931924611143	4.031750889780012e12	6.450801423648024e9	6.635827391899754e7
0.1778279410038923	3.756977061054153e12	6.0111632976866455e9	6.183579287023479e7
0.19952623149688828	3.3624746060914414e12	5.379959369746308e9	5.534270768620427e7
0.22387211385683423	3.0828396790559062e12	4.932543486489451e9	5.074021819892457e7
0.25118864315095824	2.835189877976818e12	4.536303804762912e9	4.66641694088943e7
0.2818382931264455	2.6343099770815303e12	4.2148959633304496e9	4.3357902763745025e7
0.31622776601683794	2.444579880175496e12	3.9113278082807965e9	4.0235149874154784e7
0.354813389233576	2.2603308059497534e12	3.6165292895196085e9	3.7202608710020356e7
0.39810717055349776	2.0797125418784456e12	3.327540067005515e9	3.422982676746544e7
0.4466835921509635	1.9062820879845657e12	3.0500513407753057e9	3.1375348432864238e7
0.5011872336272725	1.7349569525778408e12	2.775931124124545e9	2.8555521371289726e7
0.5623413251903491	1.564575858535852e12	2.503321373657363e9	2.575123221301942e7
0.6309573444801942	1.4041737238491895e12	2.246677958158703e9	2.3111185969658807e7
0.7079457843841388	1.2590236864578757e12	2.014437898332601e9	2.072217280791283e7
0.7943282347242822	1.1218869900353228e12	1.7950191840565162e9	1.846505060112621e7
0.8912509381337459	9.894683029078007e11	1.5831492846524808e9	1.6285581741907684e7
1.000000000000002	8.668443161987969e11	1.3869509059180756e9	1.4267323094107259e7
1.1220184543019653	7.538213967180743e11	1.2061142347489195e9	1.240708766412616e7
1.2589254117941688	6.657841582161813e11	1.0652546531458905e9	1.0958089611595318e7
1.4125375446227555	5.744075855868845e11	9.190521369390154e8	9.45412971871491e6
1.584893192461114	5.1429911279934534e11	8.228785804789531e8	8.464809046101185e6
1.7782794100389265	4.618172489709218e11	7.389075983534749e8	7.601014136417149e6
1.9952623149688828	4.0874858088243646e11	6.539977294118986e8	6.72756106111462e6
2.2387211385683425	3.657866012104626e11	5.852585619367405e8	6.020453183392839e6
2.5118864315095824	3.275384875193965e11	5.2406158003103435e8	5.390930458754657e6
2.818382931264455	2.9303558536404865e11	4.6885693658247817e8	4.823049879121459e6
3.1622776601683857	2.6176357923206702e11	4.1882172677130765e8	4.308346365528178e6
3.5481338923357604	2.3341127134482553e11	3.734580341517208e8	3.8416979379711905e6
3.9810717055349776	2.077324752160726e11	3.3237196034571624e8	3.419052632245257e6
4.4668359215096345	1.7719570884669495e11	2.8351313415471196e8	2.9164503726472775e6
5.011872336272725	1.5433361163852863e11	2.46933778621646e8	2.540164895102552e6
5.623413251903503	1.3551000056844559e11	2.168160009095131e8	2.2303485464041336e6
6.309573444801943	1.1922058841100511e11	1.9075294145760816e8	1.9622423802560887e6
7.0794578438413875	1.0490909698281165e11	1.678545551724987e8	1.7266906573585314e6
7.943282347242821	9.226071320461853e10	1.4761714112738967e8	1.5185118937564616e6
8.91250938133746	8.107259708745396e10	1.2971615533992636e8	1.334367561867726e6
10.000000000000021	7.116779039756866e10	1.1386846463610983e8	1.1713451199038094e6
11.220184543019652	6.2413121942746956e10	9.98609951083952e7	1.0272527135828522e6
12.589254117941687	5.467729220313126e10	8.748366752501003e7	899929.2943325732
14.125375446227554	4.785230572936892e10	7.656368916699031e7	787597.3734623119
15.848931924611142	4.183853612127581e10	6.694165779404131e7	688617.2078099247
17.782794100389264	3.655169426913708e10	5.848271083061932e7	601601.4894826981
19.95262314968883	3.1906475375851776e10	5.105036060136286e7	525146.1934683288
22.387211385683422	2.7829511115178753e10	4.452721778428601e7	458043.7561988314
25.11886431509582	2.425587807046692e10	3.880940491274708e7	399225.60821551
28.18382931264455	2.112828352389192e10	3.380525363822709e7	347748.77313741046
31.622776601683857	1.839315336821684e10	2.9429045389146954e7	302731.47890564776
35.481338923357605	1.6003156515536863e10	2.560505042485899e7	263394.706830344
39.81071705534978	1.3916988275307632e10	2.2267181240492217e7	229058.62622646577
44.668359215096345	1.2097556110199932e10	1.93560897763199e7	199112.7339107232
50.11872336272725	1.051211819679574e10	1.681938911487319e7	173018.13476127532
56.23413251903502	9.131190281377823e9	1.460990445020452e7	150289.5497423005
63.09573444801943	7.929434431634237e9	1.268709509061478e7	130509.94379908867
70.79457843841388	6.883818411066642e9	1.1014109457706632e7	113300.23114476769
79.43282347242821	5.974719377242554e9	9.559551003588092e6	98337.44094388644
89.12509381337459	5.183998754976889e9	8.294398007963025e6	85323.0318000298
100.0000000000002	4.497194547282814e9	7.195511275652504e6	74018.9748310313
112.20184543019653	3.900553821899927e9	6.240886115039888e6	64198.911595837955
125.89254117941688	3.3827927460776935e9	5.412468393724313e6	55677.12236994624
141.25375446227554	2.9336168114599557e9	4.693786898335933e6	48284.17064201549
158.48931924611142	2.5438506292811503e9	4.0701610068498445e6	41869.039402894115
177.82794100389265	2.152921814420829e9	3.444674903073328e6	35434.77248300866
199.5262314968883	1.8235324318489678e9	2.9176518909583497e6	30013.378286725467
223.87211385683423	1.566243159361755e9	2.5059890549788075e6	25778.674187470537
251.18864315095823	1.3511021077991908e9	2.1617633724787054e6	22237.68437408731
281.8382931264455	1.1677150049965308e9	1.86834400799445e6	19219.330330478664
316.2277660168386	1.0102847335851185e9	1.6164555737361896e6	16628.19775332913
354.81338923357606	8.744447419641204e8	1.399111587142594e6	14392.41790988936
398.1071705534977	7.571247416024026e8	1.211399586563845e6	12461.457160326645
446.6835921509635	6.556439612650877e8	1.0490303380241403e6	10791.192899653379
501.18723362727246	5.678656110466776e8	908584.9776746844	9346.45586921925
562.3413251903502	4.9186270500665265e8	786980.3280106449	8095.529957494832
630.9573444801943	4.260603746082384e8	681696.5993731816	7012.494525877524
707.9457843841387	3.689697460017186e8	590351.5936027499	6072.844315622122
794.3282347242822	3.195369318273382e8	511259.0909237416	5259.233476746753
891.2509381337459	2.767684631378856e8	442829.54102061706	4555.310581216461
1000.000000000002	2.397504402588774e8	383600.704414204	3946.033825459616
1122.0184543019652	2.0764364232420233e8	332229.8277187238	3417.590538595897
1258.9254117941687	1.798265624814983e8	287722.49997039733	2959.7513877426322
1412.5375446227554	1.556959479000434e8	249113.51664006963	2562.5874815377747
1584.893192461114	1.347868532796234e8	215658.96524739754	2218.4463214930943
1778.2794100389265	1.1666204044536471e8	186659.26471258365	1920.1314385386254
1995.2623149688789	1.009512152463155e8	161521.94439410488	1661.548190080812
2238.721138568342	8.733541068149163e7	139736.6570903866	1437.446723090271
2511.8864315095875	7.546786406843506e7	120748.5825094961	1242.1196975808527
2818.382931264455	6.497743949999705e7	103963.90319999531	1069.4586165593082
3162.277660168386	5.582951044998162e7	89327.21671997063	918.8935647275468
3548.133892335753	4.797833821786865e7	76765.34114858988	789.6717323756461
3981.0717055349774	4.116995231504274e7	65871.92370406842	677.6130390096444
4466.835921509644	3.520051000803605e7	56320.816012857715	579.3624529538139
5011.872336272725	2.9992010325501908e7	47987.216520803064	493.6361622951488
5623.413251903502	2.5441988728357337e7	40707.181965371776	418.7477111643927
6309.57344480193	2.1487215932978522e7	34379.54549276563	353.6564137064123
7079.457843841388	1.8062543784838676e7	28900.070055741897	297.2900015193179
7943.282347242838	1.5122309045287099e7	24195.694472459367	248.896906914219
8912.509381337459	1.2603274836860992e7	20165.23973897759	207.43631904957888
10000.00000000002	1.0539402154249923e7	16863.04344679989	173.46719929225333
11220.18454301963	9.055989501246218e6	14489.583201993955	149.05182595843658
12589.254117941688	7.84744884753021e6	12555.918156048347	129.16054945501477
14125.375446227583	6.603796909009038e6	10566.075054414465	108.69137904930466
15848.93192461114	5.537368099801249e6	8859.788959682	91.13911032756776
17782.794100389263	4.832332069948966e6	7731.731311918346	79.53497721748538
19952.62314968879	4.254690346339324e6	6807.504554142916	70.02761707291504
22387.211385683422	3.6100603909208644e6	5776.096625473385	59.41770283776662
25118.864315095874	3.040545416696718e6	4864.872666714749	50.044100228454916
28183.82931264455	2.6619170399651146e6	4259.067263944186	43.81228526182337
31622.776601683858	2.33902061753204e6	3742.4329880512637	38.49775819081987
35481.33892335753	1.9569763671803558e6	3131.1621874885714	32.20972162628939
39810.71705534977	1.6139030012306464e6	2582.244801969035	26.563103813241543
44668.35921509644	1.3865176481390772e6	2218.4282370225255	22.82058599452739
50118.72336272725	1.2221823891310506e6	1955.4918226096813	20.11580476425673
56234.132519035025	1.1095067503692587e6	1775.2108005908142	18.261285200583732
63095.73444801956	1.0015586664926356e6	1602.4938663882174	16.48457609460355
70794.57843841388	839201.2685497296	1342.7220296795672	13.81234832557616
79432.82347242838	687565.70789953	1100.105132639248	11.316590441577588
89125.0938133746	578848.8435910462	926.1581497456745	9.527228038338812
100000.0000000002	543017.596420275	868.8281542724401	8.937484331542713