0.00001584893192461114	7.451248708839412e18	1.1921997934143058e16	1.2263952222671206e14
0.00001778279410038923	7.101765344957772e18	1.1362824551932432e16	1.1688740275688639e14
0.000019952623149688786	6.981463383871096e18	1.117034141419375e16	1.1490736214797422e14
0.000022387211385683423	6.932174205629696e18	1.1091478729007512e16	1.1409611540173403e14
0.000025118864315095822	6.870716340332848e18	1.099314614453256e16	1.1308458518289467e14
0.00002818382931264455	6.745822137896483e18	1.079331542063437e16	1.1102896123123245e14
0.000031622776601683795	6.597590621872892e18	1.0556144994996628e16	1.0858923025265052e14
0.000035481338923357534	6.403607445946305e18	1.024577191351409e16	1.0539647626667297e14
0.000039810717055349776	6.240867575422566e18	9.985388120676106e15	1.02717953411223e14
0.00004466835921509635	6.134755565844385e18	9.815608905351014e15	1.0097146410913503e14
0.00005011872336272725	5.994585268828063e18	9.591336430124902e15	9.86644121064198e13
0.00005623413251903491	5.769131006503113e18	9.230609610404976e15	9.49536779602481e13
0.00006309573444801943	5.572096693770481e18	8.915354710032772e15	9.17107055511897e13
0.00007079457843841388	5.424440587491254e18	8.679104939986007e15	8.928044519677967e13
0.00007943282347242822	5.283956669126898e18	8.454330670603034e15	8.696823132472048e13
0.00008912509381337459	5.123896166408046e18	8.198233866252875e15	8.433380797531336e13
0.0001	4.974856072326552e18	7.959769715722477e15	8.188076867344492e13
0.00011220184543019641	4.829719163564956e18	7.727550661703923e15	7.94919715947931e13
0.00012589254117941674	4.696493333940775e18	7.514389334305239e15	7.729921804007894e13
0.00014125375446227554	4.5639216081504015e18	7.302274573040645e15	7.511723032942658e13
0.00015848931924611142	4.440702029812589e18	7.105123247700142e15	7.308916888538978e13
0.00017782794100389227	4.3181984395638333e18	6.909117503302133e15	7.107289183355262e13
0.0001995262314968881	4.199914309382813e18	6.719862895012503e15	6.91260625463764e13
0.00022387211385683424	4.0734340172100577e18	6.517494427536094e15	6.704433326726103e13
0.0002511886431509582	3.957561154206893e18	6.332097846731026e15	6.513719083878568e13
0.0002818382931264455	3.847948112382479e18	6.156716979811965e15	6.33330783196028e13
0.00031622776601683794	3.7429120672014413e18	5.988659307522305e15	6.160429823173582e13
0.0003548133892335757	3.630167544914396e18	5.808268071863031e15	5.974864491948506e13
0.00039810717055349773	3.526865441001812e18	5.642984705602897e15	5.8048403635923516e13
0.0004466835921509635	3.428361754041611e18	5.485378806466577e15	5.64271391233006e13
0.0005011872336272725	3.335498953811426e18	5.336798326098276e15	5.489871752607834e13
0.0005623413251903491	3.2399489297406234e18	5.183918287584997e15	5.332606712093317e13
0.0006309573444801936	3.148665782477099e18	5.037865251963354e15	5.1823644908872414e13
0.0007079457843841388	3.0535841394590577e18	4.88573462313449e15	5.025870355099904e13
0.0007943282347242822	2.966773772391631e18	4.746838035826606e15	4.882989847986444e13
0.0008912509381337459	2.8844844537500145e18	4.615175126000025e15	4.7475504992689984e13
0.001	2.805622301428976e18	4.48899568228636e15	4.617751896909249e13
0.0011220184543019641	2.718516032425755e18	4.349625651881209e15	4.474384367104028e13
0.0012589254117941688	2.643508990095042e18	4.229614384152067e15	4.350930860255371e13
0.0014125375446227555	2.5806783487724626e18	4.129085358035938e15	4.2475183970012875e13
0.001584893192461114	2.518379022862505e18	4.0294064365800085e15	4.1449804216471766e13
0.0017782794100389247	2.445892188333833e18	3.913427501334132e15	4.025674905193576e13
0.0019952623149688807	2.377528458936177e18	3.8040455342978845e15	3.913155575366097e13
0.00223872113856834	2.0467490136136696e18	3.2747984217818685e15	3.3687282622817133e13
0.002511886431509582	1.7406484944772736e18	2.7850375911636385e15	2.8649198016179016e13
0.002818382931264455	1.6204695901665697e18	2.59275134426651e15	2.66711827891594e13
0.0031622776601683824	1.5434244068739044e18	2.4694790509982475e15	2.5403102117301977e13
0.0035481338923357567	1.4815373259764088e18	2.370459721562254e15	2.438450747231703e13
0.003981071705534978	1.43254814194565e18	2.292077027113041e15	2.357819830742749e13
0.004466835921509635	1.3909151677991652e18	2.2254642684786635e15	2.2892964428152332e13
0.005011872336272725	1.2091572897377976e18	1.9346516635804758e15	1.9901425667683402e13
0.005623413251903496	1.1213259184329036e18	1.794121469492644e15	1.8455815967315883e13
0.006309573444801936	1.0681919668043939e18	1.709107146887031e15	1.7581288395312113e13
0.007079457843841388	1.0258340703247956e18	1.6413345125196722e15	1.6884123075810168e13
0.00794328234724282	9.907710910535849e17	1.5852337456857355e15	1.6307024230543453e13
0.008912509381337459	9.587740549959716e17	1.5340384879935538e15	1.5780387505866492e13
0.01000000000000001	9.298115327507282e17	1.4876984524011652e15	1.5303695607712098e13
0.01122018454301964	9.009391873245071e17	1.4415026997192115e15	1.4828487922799393e13
0.012589254117941687	8.747525715126432e17	1.399604114420229e15	1.4397484452456008e13
0.014125375446227554	8.501720009069249e17	1.3602752014510792e15	1.3992914755088488e13
0.01584893192461114	8.263317587735817e17	1.3221308140377298e15	1.3600530066394111e13
0.017782794100389247	7.99187721459445e17	1.2787003543351115e15	1.3153768470104805e13
0.01995262314968881	7.769971136357051e17	1.2431953818171282e15	1.2788534984045564e13
0.022387211385683423	7.610289593613533e17	1.217646334978165e15	1.2525716376377057e13
0.025118864315095822	7.446391322452161e17	1.1914226115923458e15	1.2255957488243723e13
0.02818382931264455	7.236674613294968e17	1.1578679381271945e15	1.1910786389827889e13
0.031622776601683826	7.042930293179021e17	1.1268688469086425e15	1.159190412214876e13
0.035481338923357565	6.857468511887213e17	1.0971949619019545e15	1.128665402061934e13
0.039810717055349776	6.699730386369921e17	1.0719568618191878e15	1.1027034068228953e13
0.04466835921509635	6.559818504298222e17	1.0495709606877152e15	1.0796754191102352e13
0.05011872336272725	6.428685543786996e17	1.0285896870059191e15	1.058092347260555e13
0.05623413251903497	6.284155161628817e17	1.0054648258606106e15	1.0343042042153557e13
0.06309573444801936	6.153621957358239e17	9.845795131773184e14	1.0128198457782594e13
0.07079457843841387	6.024756868912883e17	9.63961099026061e14	9.91610041225778e12
0.07943282347242822	5.903247220349847e17	9.445195552559761e14	9.716108627954193e12
0.08912509381337459	5.783215029022322e17	9.253144046435712e14	9.518548579008703e12
0.1000000000000001	5.274463040052924e17	8.439140864084672e14	8.681197642311611e12
0.11220184543019641	4.856564456661294e17	7.770503130658071e14	7.993381618326663e12
0.12589254117941687	4.61052629998842e17	7.376842079981474e14	7.588429332301012e12
0.14125375446227553	4.3951518856723776e17	7.032243017075801e14	7.233946261024071e12
0.15848931924611143	4.2500025711577504e17	6.800004113852401e14	6.995046134626582e12
0.1778279410038923	4.1977630375881165e17	6.716420860140986e14	6.909065493143951e12
0.19952623149688828	3.975924256575171e17	6.361478810520271e14	6.543942771062362e12
0.22387211385683423	3.836660354647171e17	6.138656567435475e14	6.314729399408071e12
0.25118864315095824	3.726268176046886e17	5.962029081675016e14	6.133035772337965e12
0.2818382931264455	3.6806654241991834e17	5.889064678718692e14	6.057978558206983e12
0.31622776601683794	3.631307581366073e17	5.810092130185716e14	5.976740869066195e12
0.354813389233576	3.5523953289594374e17	5.683832526335099e14	5.846859807365724e12
0.39810717055349776	3.4761053206306886e17	5.5617685130091006e14	5.721294676772104e12
0.4466835921509635	3.433986579703624e17	5.494378527525794e14	5.651971769083379e12
0.5011872336272725	3.348641322931993e17	5.357826116691186e14	5.511502675596105e12
0.5623413251903491	3.188040821880926e17	5.100865315009482e14	5.247171561605668e12
0.6309573444801942	3.0168369848132294e17	4.8269391757011656e14	4.965388499439801e12
0.7079457843841388	2.8660065621818205e17	4.5856104994909106e14	4.717137881434997e12
0.7943282347242822	2.7099171282345622e17	4.335867405175296e14	4.46023149766041e12
0.8912509381337459	2.5393481693910458e17	4.062957071025671e14	4.1794933766195576e12
1.000000000000002	2.3678588412079328e17	3.7885741459326925e14	3.8972404268501147e12
1.1220184543019653	2.1978842227800928e17	3.516614756448149e14	3.6174805260709497e12
1.2589254117941688	2.0729254249196208e17	3.316680679871394e14	3.41181181379924e12
1.4125375446227555	1.9268188885071514e17	3.08291022161144e14	3.1713362033345347e12
1.584893192461114	1.858896626376766e17	2.9742346022028244e14	3.059543481044294e12
1.7782794100389265	1.798583441987182e17	2.877733507179491e14	2.9602744805513257e12
1.9952623149688828	1.7152043839799114e17	2.7443270143678578e14	2.8230415382983784e12
2.2387211385683425	1.6535357464714214e17	2.6456571943542722e14	2.721541608072704e12
2.5118864315095824	1.5947731775210666e17	2.5516370840337072e14	2.624824753455618e12
2.818382931264455	1.53627639765338e17	2.458042236245408e14	2.5285453590198413e12
3.1622776601683857	1.4771604565067587e17	2.3634567304108147e14	2.4312468918568364e12
3.5481338923357604	1.4170630256815854e17	2.267300841090536e14	2.3323329984753296e12
3.9810717055349776	1.3561595095996518e17	2.1698552153594428e14	2.232092375647178e12
4.4668359215096345	1.2431119216994043e17	1.9889790747190456e14	2.0460282310894795e12
5.011872336272725	1.1627994847300192e17	1.860479175568031e14	1.9138426165212297e12
5.623413251903503	1.0956623745302606e17	1.753059799248416e14	1.803342169679172e12
6.309573444801943	1.0337774694827693e17	1.6540439511724306e14	1.7014862863952568e12
7.0794578438413875	9.748738818702398e16	1.559798210992383e14	1.6045373302602908e12
7.943282347242821	9.181454569443392e16	1.4690327311109428e14	1.511168457451991e12
8.91250938133746	8.633704832481251e16	1.3813927731969994e14	1.421014754809971e12
10.000000000000021	8.104439963525458e16	1.2967103941640738e14	1.3339034621978755e12
11.220184543019652	7.594765434435437e16	1.2151624695096694e14	1.2500165283681487e12
12.589254117941687	7.104680191417581e16	1.136748830626813e14	1.169353779877723e12
14.125375446227554	6.6354576508387576e16	1.0616732241342006e14	1.092124807334738e12
15.848931924611142	6.1873011456168904e16	9.899681832987019e13	1.018363077145808e12
17.782794100389264	5.761519880921727e16	9.218431809474758e13	9.482840703702672e11
19.95262314968883	5.3575194950349864e16	8.572031192055978e13	8.817899614757668e11
22.387211385683422	4.975589537146085e16	7.96094325943373e13	8.189284071379052e11
25.11886431509582	4.6152419259646424e16	7.384387081543427e13	7.596190744371954e11
28.18382931264455	4.276610019270482e16	6.8425760308327664e13	7.038839126267649e11
31.622776601683857	3.958778625930218e16	6.3340458014883484e13	6.515722911106832e11
35.481338923357605	3.66131920615255e16	5.8581107298440836e13	6.026136768584283e11
39.81071705534978	3.3833347084867012e16	5.413335533578719e13	5.568604248703026e11
44.668359215096345	3.124211559474153e16	4.998738495158645e13	5.142115475685955e11
50.11872336272725	2.8829618324990416e16	4.612738931998462e13	4.7450444288095575e11
56.23413251903502	2.658757147159643e16	4.254011435455428e13	4.376027683221732e11
63.09573444801943	2.450647707488338e16	3.921036331981339e13	4.033501977135979e11
70.79457843841388	2.257725399349228e16	3.6123606389587625e13	3.715972652568042e11
79.43282347242821	2.0790726459093116e16	3.326516233454899e13	3.4219294769541846e11
89.12509381337459	1.9136920864279252e16	3.0619073382846812e13	3.14973090201838e11
100.0000000000002	1.7608630528475194e16	2.817380884556031e13	2.898190785816964e11
112.20184543019653	1.6196552822458104e16	2.5914484515932965e13	2.665778015850653e11
125.89254117941688	1.4894068224354766e16	2.383050915896762e13	2.4514030901693362e11
141.25375446227554	1.3693718484525534e16	2.1909949575240844e13	2.2538384612730017e11
158.48931924611142	1.2587824351448408e16	2.0140518962317445e13	2.071820207133922e11
177.82794100389265	1.1294979294686636e16	1.8071966871498617e13	1.8590318460551434e11
199.5262314968883	1.0142125744207226e16	1.6227401190731555e13	1.6692845779758505e11
223.87211385683423	9.233298578953702e15	1.4773277726325914e13	1.5197014226033475e11
251.18864315095823	8.441194378577543e15	1.3505911005724064e13	1.3893296091210477e11
281.8382931264455	7.730579995059288e15	1.2368927992094861e13	1.2723701411345306e11
316.2277660168386	7.086884134569955e15	1.1339014615311932e13	1.166424740739997e11
354.81338923357606	6.500737251111329e15	1.0401179601778127e13	1.0699512816582121e11
398.1071705534977	5.96519403406631e15	9.544310454506088e12	9.818066406234242e10
446.6835921509635	5.473562237408165e15	8.7576995798530625e12	9.008893460737355e10
501.18723362727246	5.022905336453156e15	8.036648538325042e12	8.267160776982907e10
562.3413251903502	4.609662882430604e15	7.375460611888966e12	7.587008240066537e10
630.9573444801943	4.23058282790272e15	6.768932524644349e12	6.963083330435963e10
707.9457843841387	3.881562291222709e15	6.210499665956336e12	6.3886331471402504e10
794.3282347242822	3.561266303397224e15	5.698026085435561e12	5.86146047510944e10
891.2509381337459	3.267685987920307e15	5.228297580672488e12	5.378258920146652e10
1000.000000000002	2.9985690010440525e15	4.797710401670485e12	4.935321367217529e10
1122.0184543019652	2.751287616334497e15	4.402060186135196e12	4.52832286184804e10
1258.9254117941687	2.5242997721190455e15	4.0388796353904707e12	4.154725336740196e10
1412.5375446227554	2.3152486952903255e15	3.7043979124645215e12	3.8106497973901306e10
1584.893192461114	2.123380568499786e15	3.397408909599657e12	3.494855541694284e10
1778.2794100389265	1.9476062538358972e15	3.1161700061374375e12	3.2055499660458145e10
1995.2623149688789	1.7863559739530462e15	2.858169558324873e12	2.940149386136347e10
2238.721138568342	1.6380629917665492e15	2.6209007868264766e12	2.6960751215992947e10
2511.8864315095875	1.5010754512873568e15	2.4017207220597695e12	2.4706083955262466e10
2818.382931264455	1.3728430756454058e15	2.1965489210326484e12	2.2595517270772537e10
3162.277660168386	1.253710945341543e15	2.005937512546468e12	2.0634730815613155e10
3548.133892335753	1.143256596265755e15	1.8292105540252073e12	1.8816771285897358e10
3981.0717055349774	1.0413681000326658e15	1.6661889600522651e12	1.713979646104676e10
4466.835921509644	9.489208033508772e14	1.5182732853614036e12	1.5618213604369896e10
5011.872336272725	8.627854649473905e14	1.380456743915825e12	1.4200518777446709e10
5623.413251903502	7.781787131601282e14	1.2450859410562048e12	1.280798283860002e10
6309.57344480193	6.991281381325696e14	1.118605021012111e12	1.150689558034949e10
7079.457843841388	6.315277193587729e14	1.0104443509740361e12	1.0394265552189367e10
7943.282347242838	5.677166490350332e14	9.083466384560529e11	9.34400411507013e9
8912.509381337459	4.946125365654739e14	7.913800585047582e11	8.140789220976086e9
10000.00000000002	4.2825344838034406e14	6.852055174085507e11	7.048590156305199e9
11220.18454301963	3.9414023133402725e14	6.306243701344436e11	6.487123373534495e9
12589.254117941688	3.684523770478337e14	5.895238032765338e11	6.064328980300654e9
14125.375446227583	3.254421022428428e14	5.2070736358854834e11	5.356426216745569e9
15848.93192461114	2.838507473949969e14	4.54161195831995e11	4.671877346265587e9
17782.794100389263	2.6334655893636934e14	4.2135449429819086e11	4.33440050520545e9
19952.62314968879	2.4725986827997494e14	3.956157892479599e11	4.0696309164560227e9
22387.211385683422	2.189979528008707e14	3.5039672448139307e11	3.6044702505051827e9
25118.864315095874	1.914670606217992e14	3.063472969948788e11	3.1513414401205473e9
28183.82931264455	1.791446963571717e14	2.8663151417147473e11	2.9485286063032207e9
31622.776601683858	1.6861417033218534e14	2.6978267253149634e11	2.7752074985312796e9
35481.33892335753	1.4564327663980584e14	2.3302924262368942e11	2.3971313481255045e9
39810.71705534977	1.2166528389762723e14	1.9466445423620364e11	2.0024794328877454e9
44668.35921509644	1.087757131986272e14	1.7404114111780356e11	1.7903309925387433e9
50118.72336272725	1.0231774932039812e14	1.6370839891263696e11	1.68403986798618e9
56234.132519035025	1.0279106426974967e14	1.6446570283159937e11	1.6918301218777688e9
63095.73444801956	1.0188319573471434e14	1.6301311317554288e11	1.6768875843606257e9
70794.57843841388	8.847481678381358e13	1.4155970685410175e11	1.4562001193962061e9
79432.82347242838	7.3360281957735e13	1.1737645113237592e11	1.2074311677505171e9
89125.0938133746	6.3575658312101086e13	1.0172105329936172e11	1.0463868091525819e9
100000.0000000002	6.770540216607348e13	1.0832864346571751e11	1.1143579416379402e9