0.00001584893192461114	5.850578385015873e15	1.0403967535365102e15	1.850124049920122e14	3.2901784263765168e13	5.853361954660732e12	1.0453361682936667e12
0.00001778279410038923	7.655705898964951e15	1.36139893667418e15	2.4209569401668075e14	4.305302228515931e13	7.658952282040735e12	1.3671609410636648e12
0.000019952623149688786	1.057946335859724e16	1.8813248260976712e15	3.345532584806716e14	5.9494941282607555e13	1.05834617764408e13	1.8884230805542678e12
0.000022387211385683423	1.487634298921979e16	2.645430245651732e15	4.7043284020675144e14	8.365864012224606e13	1.4881354049723309e13	2.654327846471237e12
0.000025118864315095822	2.085246833859688e16	3.708152511691293e15	6.594149082532318e14	1.1726556455239861e14	2.0858728692561766e13	3.719270172066621e12
0.00002818382931264455	2.87735553594523e16	5.116743337430352e15	9.0990212406254e14	1.6180991867943312e14	2.8781254496270547e13	5.130418109056054e12
0.000031622776601683795	3.9558163767054424e16	7.03454832276977e15	1.2509419296488382e15	2.2245720321041212e14	3.9567597660203516e13	7.051306456378298e12
0.000035481338923357534	5.408477673385647e16	9.61778632644763e15	1.710314411852947e15	3.041475095189568e14	5.409627243600626e13	9.638209381658252e12
0.000039810717055349776	7.426518986400363e16	1.3206428053827792e16	2.3484759135966605e15	4.176317577425687e14	7.427925846062389e13	1.323142465862783e13
0.00004466835921509635	1.027975374554102e17	1.8280277204241132e16	3.2507489967557515e15	5.780827864098432e14	1.0281489357634256e14	1.8311117821980332e13
0.00005011872336272725	1.4163097304221579e17	2.518594773001738e16	4.4787712937316815e15	7.964614655474644e14	1.4165228543361188e14	2.5223821486577508e13
0.00005623413251903491	1.9253396888588032e17	3.423792339361183e16	6.088466771542671e15	1.0827125804902461e15	1.925597905877299e14	3.4283813913469145e13
0.00006309573444801943	2.627458339762146e17	4.672355569056639e16	8.308762644640666e15	1.4775460507663492e15	2.6277724025673178e14	4.677937482173794e13
0.00007079457843841388	3.61341902257454e17	6.425669263871915e16	1.1426646305142232e16	2.031996470379413e15	3.6138039703522125e14	6.432511432085767e13
0.00007943282347242822	4.971699086235612e17	8.841070873571566e16	1.5721907734008118e16	2.795818375337152e15	4.97217113932218e14	8.849461712446483e13
0.00008912509381337459	6.808139320992684e17	1.210677489738888e17	2.152924492113248e16	3.828530457806093e15	6.808715445943541e14	1.2117016109911966e14
0.0001	9.33509267575665e17	1.6600404223070173e17	2.952017706882289e16	5.249547943897298e15	9.335796734477701e14	1.661292010745027e14
0.00011220184543019641	1.2800893686668902e18	2.2763567050414173e17	4.048000707726851e16	7.198519864695409e15	1.2801754149907688e15	2.27788638647404e14
0.00012589254117941674	1.7582873472575844e18	3.126726355169763e17	5.560196096574101e16	9.887635553193096e15	1.7583926848696465e15	3.128599047439551e14
0.00014125375446227554	2.4132001417531003e18	4.291344330628721e17	7.63121293217659e16	1.3570494051489512e16	2.413328992925774e15	4.2936351141367856e14
0.00015848931924611142	3.3171714944042506e18	5.898858020741083e17	1.0489822254274741e17	1.8653914832059252e16	3.317329351540299e15	5.90166456071804e14
0.00017782794100389227	4.560022778591718e18	8.108994926048632e17	1.4420064218129744e17	2.5643001185101744e16	4.560216182136987e15	8.112433525210741e14
0.0001995262314968881	6.266631429995543e18	1.1143822021427511e18	1.981683599243103e17	3.523999131929098e16	6.26686831227485e15	1.1148033733808906e15
0.00022387211385683424	8.578042103165806e18	1.5254156113080212e18	2.7126159959257622e17	4.8238038007282216e16	8.578331096274802e15	1.525929443902956e15
0.0002511886431509582	1.176700923848973e19	2.0925030812077985e18	3.7210561504320115e17	6.617095419635542e16	1.1767362556848132e16	2.0931312950838862e15
0.0002818382931264455	1.617293339770269e19	2.875999515382323e18	5.114331953402902e17	9.09473311573069e16	1.617336620005936e16	2.8767690662244605e15
0.00031622776601683794	2.222819043506512e19	3.952793422168803e18	7.029172663805729e17	1.2499859852315053e17	2.2228720593358876e16	3.953736090564757e15
0.0003548133892335757	3.042588116281861e19	5.410571903935879e18	9.621510454227532e17	1.7109766670951974e17	3.0426527925836896e16	5.411721919278896e15
0.00039810717055349773	4.173521841926513e19	7.421688085405285e18	1.3197837360591368e18	2.3469482457015555e17	4.1736009107373656e16	7.423094029914497e15
0.0004466835921509635	5.733802170021106e19	1.0196302495150615e19	1.8131877541375772e18	3.2243593501552864e17	5.733898985694127e16	1.0198024017509508e16
0.0005011872336272725	7.883119235058424e19	1.4018388812471183e19	2.492861556382314e18	4.433010382478342e17	7.883237866950898e16	1.402049827611953e16
0.0005623413251903491	1.0816913981031691e20	1.923549564484884e19	3.4206089976613294e18	6.082805893708695e17	1.0817059060880613e17	1.9238075414207704e16
0.0006309573444801936	1.4844091461647847e20	2.6396942491001156e19	4.694114437036603e18	8.347456033187313e17	1.4844268904151664e17	2.640009774476152e16
0.0007079457843841388	2.0314741846184018e20	3.6125287491745866e19	6.424086108863658e18	1.1423831010488442e18	2.0314958275270134e17	3.6129136021089096e16
0.0007943282347242822	2.786521301032804e20	4.955213497611656e19	8.811754888253694e18	1.5669775676377313e18	2.7865477596374397e17	4.9556839854238856e16
0.0008912509381337459	3.8290012822360464e20	6.809034193078438e19	1.210836623011481e19	2.1532074757509053e18	3.8290336856154285e17	6.8096103937560264e16
0.001	5.261905795955587e20	9.357138798035965e19	1.6639608391052167e19	2.9589893080861676e18	5.2619454829365024e17	9.357844519489803e16
0.0011220184543019641	7.19846872869411e20	1.2800888801497806e20	2.276355836321447e19	4.047999162899079e18	7.19851711754337e17	1.2801749264408214e17
0.0012589254117941688	9.880298129178979e20	1.756993082291145e20	3.124424790304696e19	5.556103268956614e18	9.880357322864375e17	1.7570983423648112e17
0.0014125375446227555	1.361383980032955e21	2.4209211124846274e20	4.305074374565987e19	7.655628798343655e18	1.3613912492244206e18	2.4210503759132576e17
0.001584893192461114	1.8749059643407063e21	3.3341066864276904e20	5.9289735253113995e19	1.0543376058914492e19	1.874914886810554e18	3.334265349473507e17
0.0017782794100389247	2.568992847626525e21	4.5683871029118704e20	8.123869032333882e19	1.444651454517726e19	2.5690037436644434e18	4.568580861211943e17
0.0019952623149688807	3.524780486447055e21	6.268044585282524e20	1.1146335006463045e20	1.9821304783497945e19	3.5247938105471483e18	6.268281520979918e17
0.00223872113856834	4.855267134826731e21	8.634021608265263e20	1.535370342377883e20	2.7303184837564908e19	4.855287229737857e18	8.634378945275857e17
0.002511886431509582	7.01418290100514e21	1.2473177079239572e21	2.2180794833756966e20	3.9443665972805935e19	7.014212973857733e18	1.247371184826593e18
0.002818382931264455	1.0171654011570675e22	1.808804295553296e21	3.2165595435441947e20	5.719943527488968e19	1.0171691945134322e19	1.808871750896234e18
0.0031622776601683824	1.465268384566585e22	2.6056566058738825e21	4.6335856237725234e20	8.23981225522564e19	1.4652730191198036e19	2.6057390200062996e18
0.0035481338923357567	2.0873402674281844e22	3.711874228272068e21	6.600749672113298e20	1.1737980065947342e20	2.0873458648992956e19	3.7119737657469614e18
0.003981071705534978	2.9599962419868293e22	5.263700381754102e21	9.360330202187605e20	1.6645285896464515e20	2.9600030120993972e19	5.263820772032583e18
0.004466835921509635	4.183505304738196e22	7.439441358360841e21	1.3229405623720922e21	2.3525583788104142e20	4.183513524278393e19	7.43958752345926e18
0.005011872336272725	5.950269150871237e22	1.0581241134506391e22	1.8816403585753872e21	3.346082917777191e20	5.950281222674982e19	1.0581455802946662e19
0.005623413251903496	8.565832712188366e22	1.52324439666862e22	2.70875419108986e21	4.816922587970637e20	8.565848183613682e19	1.523271908962046e19
0.006309573444801936	1.2274195000478558e23	2.182694827453311e22	3.881441324081762e21	6.902288148570028e20	1.2274213980341006e20	2.182728578717008e19
0.007079457843841388	1.743967838742674e23	3.101262103087761e22	5.514910608523811e21	9.807053147561932e20	1.7439701388516708e20	3.1013030052096647e19
0.00794328234724282	2.4611173148092865e23	4.376554251066069e22	7.782736390730203e21	1.3839881284745896e21	2.461120095264334e20	4.37660369507426e19
0.008912509381337459	3.44606736882237e23	6.128070652954078e22	1.0897421960910069e22	1.9378662793814485e21	3.4460707239447606e20	6.128130316143271e19
0.01000000000000001	4.806104024403106e23	8.546595835594014e22	1.5198235515820733e22	2.702671133989867e21	4.806108080828943e20	8.546667969905428e19
0.01122018454301964	6.668834765681857e23	1.185905156061445e23	2.108870735243731e22	3.750161655177239e21	6.668839670468141e20	1.1859138781130364e20
0.012589254117941687	9.242247704184434e23	1.6435298804353124e23	2.9226553630954235e22	5.19729815595867e21	9.242253653438906e20	1.6435404598413954e20
0.014125375446227554	1.279590418672637e24	2.275469295966652e23	4.046420217786047e22	7.1956661238514e21	1.279591142156817e21	2.275482161504116e20
0.01584893192461114	1.766020939520363e24	3.140478675854578e23	5.584648591975296e22	9.931066048636757e21	1.7660218191356234e21	3.1404943178365836e20
0.017782794100389247	2.4167388660032806e24	4.297636966555715e23	7.642399359701417e22	1.3590321962639065e22	2.41673992888777e21	4.297655867574326e20
0.01995262314968881	3.3200415782456785e24	5.903961581135008e23	1.049889335416076e23	1.8669966533728015e22	3.3200428699956575e21	5.90398455201868e20
0.022387211385683423	4.5917057879922996e24	8.165335862276804e23	1.4520248684992815e23	2.5821060066345654e22	4.5917073708545244e21	8.165364009946153e20
0.025118864315095822	6.34155024920198e24	1.1277048238986982e24	2.0053742744602315e23	3.5661158798484025e22	6.341552188399901e21	1.1277082723296865e21
0.02818382931264455	8.699173067662626e24	1.5469560354370223e24	2.7509200727761415e23	4.891904643635051e22	8.699175429662186e21	1.5469602357270757e21
0.031622776601683826	1.1935718096717074e25	2.122504174003033e24	3.7744054785480624e23	6.711947693402069e22	1.193572097648949e22	2.122509295037466e21
0.035481338923357565	1.634749664762408e25	2.907041669976352e24	5.1695323558261554e23	9.192873125404277e22	1.6347500154605477e22	2.90704790636315e21
0.039810717055349776	2.2472923962727194e25	3.9963137973152605e24	7.106562554027251e23	1.2637454083055909e23	2.247292825142156e22	3.996321423805605e21
0.04466835921509635	3.100910065873778e25	5.514284523368709e24	9.805938643992522e23	1.7437699053274812e23	3.1009105925037837e22	5.514293888314496e21
0.05011872336272725	4.275673688939535e25	7.603342486120985e24	1.3520867408941968e24	2.4043880446371134e23	4.275674335345218e22	7.603353981012335e21
0.05623413251903497	5.869726905277197e25	1.0438014499470645e25	1.856170628858665e24	3.3007900508123424e23	5.86972769542555e22	1.0438028550507615e22
0.06309573444801936	8.05073562519402e25	1.4316457399494212e25	2.54586614456917e24	4.527261394455009e23	8.050736590356985e22	1.4316474562779252e22
0.07079457843841387	1.0940363611564614e26	1.9455023350654347e25	3.459646747954755e24	6.152218637028265e23	1.0940364779820841e23	1.94550441255043e22
0.07943282347242822	1.4905914199898096e26	2.650688031175516e25	4.7136639523119785e24	8.382211624009481e23	1.4905915617843176e23	2.650690552676972e22
0.08912509381337459	2.0380911722532533e26	3.6242955676765206e25	6.445010188810884e24	1.1461029003680765e24	2.0380913449805985e23	3.6242986392501713e22
0.1000000000000001	2.8077586963542242e26	4.992979478464376e25	8.878912608056319e24	1.5789187594586306e24	2.8077589337204478e23	4.9929836994974485e22
0.11220184543019641	3.951746549119047e26	7.027309522499521e25	1.2496519840878366e25	2.2222304091058115e24	3.951746866967021e23	7.027315174722565e22
0.12589254117941687	5.537325051287379e26	9.84691112603108e25	1.7510559319178782e25	3.113866729605349e24	5.5373254473944104e23	9.846918169918613e22
0.14125375446227553	7.60898877939651e26	1.3530908078378155e26	2.406173524842667e25	4.278848860246351e24	7.608989254304876e23	1.353091652357347e23
0.15848931924611143	1.0480869424115499e27	1.863791429712168e26	3.3143419256834487e25	5.893826033067192e24	1.0480869993020307e24	1.863792441383642e23
0.1778279410038923	1.4663439278189927e27	2.6075692149870754e26	4.636986647236068e25	8.245857914494224e24	1.4663439971430358e24	2.6075704477620002e23
0.19952623149688828	2.1119077045733218e27	3.755561987083969e26	6.678438557222163e25	1.1876129821368442e25	2.1119077912068183e24	3.755563527669326e23
0.22387211385683423	2.845827199535044e27	5.060675913625863e26	8.999295780996524e25	1.6003262444046262e25	2.8458273019734406e24	5.060677735266484e23
0.25118864315095824	3.8260410520314866e27	6.803770024985205e26	1.2099004149520229e26	2.151541002240079e25	3.826041173206105e24	6.8037721798082e23
0.2818382931264455	5.185572134173378e27	9.221396155703942e26	1.6398218919623017e26	2.9160615139388033e25	5.185572279013005e24	9.221398731356913e23
0.31622776601683794	6.987628302570102e27	1.2425955535741698e27	2.2096820884177706e26	3.929432169294834e25	6.987628475040146e24	1.2425958602740622e24
0.354813389233576	9.314699390074796e27	1.6564138136397847e27	2.945566579878906e26	5.238040410197712e25	9.314699593574233e24	1.656414175518602e24
0.39810717055349776	1.2354222890924111e28	2.1969260194344795e27	3.9067483064200216e26	6.947290085619755e25	1.2354223130149897e25	2.196926444844733e24
0.4466835921509635	1.6425539166412426e28	2.9209198098870827e27	5.194211557100297e26	9.236759477662458e25	1.6425539448632473e25	2.9209203117531416e24
0.5011872336272725	2.1529338458298354e28	3.828517929267692e27	6.808174605516662e26	1.2106836737568383e26	2.152933878681716e25	3.8285185134658785e24
0.5623413251903491	2.7583887851017e28	4.905185981488507e27	8.722791234357312e26	1.551156006905961e26	2.758388822509018e25	4.905186646695103e24
0.6309573444801942	3.484905040716037e28	6.197134879913451e27	1.1020237359380305e27	1.9597061211199215e26	3.4849050827414887e25	6.197135627243349e24
0.7079457843841388	4.34860502623299e28	7.733034780616571e27	1.3751496528813242e27	2.44540031580247e26	4.348605072887197e25	7.7330356102587e24
0.7943282347242822	5.373629868425899e28	9.555815352274067e27	1.699290968854321e27	3.021814144175738e26	5.373629919734132e25	9.555816264677792e24
0.8912509381337459	6.584931095548206e28	1.1709847383828012e28	2.0823380498952672e27	3.702978881702456e26	6.584931151520864e25	1.1709848379178186e25
1.000000000000002	8.008140076751624e28	1.4240710611291947e28	2.5323962466108507e27	4.503308106475881e26	8.008140137364213e25	1.4240711689153122e25
1.1220184543019653	9.660814830807109e28	1.7179628097927172e28	3.0550178920523644e27	5.432675418033466e26	9.660814895929752e25	1.7179629255989665e25
1.2589254117941688	1.159562102104062e29	2.0620254108444182e28	3.666857331282865e27	6.520696895348233e26	1.1595621091722951e26	2.0620255365373493e25
1.4125375446227555	1.4031066960375963e29	2.495115747664582e28	4.43701295997026e27	7.890248792960292e26	1.4031067042748033e26	2.4951158941451414e25
1.584893192461114	1.7003233294997706e29	3.0236499672725433e28	5.376894480219476e27	9.561620748640358e26	1.700323338418191e26	3.023650125866972e25
1.7782794100389265	2.058142966759604e29	3.659953260720327e28	6.508419525515859e27	1.1573788438958604e27	2.058142976318783e26	3.659953430709241e25
1.9952623149688828	2.4911373773694263e29	4.429938305771105e28	7.877668077192325e27	1.4008694946070946e27	2.491137387798832e26	4.4299384912350835e25
2.2387211385683425	3.006748580934942e29	5.346839092658106e28	9.508173867580774e27	1.690818982140247e27	3.0067485920252176e26	5.3468392898742034e25
2.5118864315095824	3.614628041388839e29	6.427818620969846e28	1.1430457505469016e28	2.032654723523199e27	3.6146280531076564e26	6.427818829363189e25
2.818382931264455	4.3255491409331816e29	7.692034974452769e28	1.3678587416719728e28	2.4324350367813636e27	4.325549153268182e26	7.692035193803526e25
3.1622776601683857	5.1570792125847865e29	9.170727779700002e28	1.6308116386081254e28	2.9000387592444435e27	5.157079225540782e26	9.17072801009381e25
3.5481338923357604	6.132320717062661e29	1.0904979666929418e29	1.9392100808980698e28	3.448457359289151e27	6.1323207306592116e26	1.0904979908714054e26
3.9810717055349776	7.2729933577247e29	1.2933414337414495e29	2.2999224418132154e28	4.08990472368443e27	7.272993371980069e26	1.2933414590914775e26
4.4668359215096345	8.64145454162594e29	1.5366920684186326e29	2.7326678648844687e28	4.8594469994080275e27	8.641454557608122e26	1.5366920968394197e26
5.011872336272725	1.0307610403211007e30	1.8329811346760536e29	3.2595526108329325e28	5.796395294649271e27	1.030761042032927e27	1.832981165117105e26
5.623413251903503	1.223577454930776e30	2.1758625946941002e29	3.8692916512694748e28	6.880681675796536e27	1.2235774567257232e27	2.1758626266132768e26
6.309573444801943	1.44916300547761e30	2.57701673443395e29	4.5826557982228885e28	8.149242450222204e27	1.4491630073484854e27	2.5770167677033506e26
7.0794578438413875	1.7243171515499022e30	3.066317686981292e29	5.452769607452766e28	9.696547921610858e27	1.724317153508944e27	3.0663177218185284e26
7.943282347242821	2.0477996250906658e30	3.64155990918744e29	6.4757110069895834e28	1.151562355012961e28	2.0477996271406595e27	3.64155994564204e26
8.91250938133746	2.4058434891856205e30	4.278261940598388e29	7.607945119779778e28	1.3529052160286339e28	2.405843491311144e27	4.278261978396157e26
10.000000000000021	2.814541068487285e30	5.005040430803406e29	8.900360344572597e28	1.5827327543792928e28	2.8145410706853104e27	5.0050404698904574e26
11.220184543019652	3.3019479320466386e30	5.8717860205827906e29	1.044167618062173e29	1.8568217759448892e28	3.301947934329341e27	5.871786061175628e26
12.589254117941687	3.8745942789943546e30	6.890111228594064e29	1.2252542930754386e29	2.178844481558016e28	3.8745942813684663e27	6.890111270812423e26
14.125375446227554	4.544913334517625e30	8.082125803187991e29	1.4372277905223824e29	2.5557925875467527e28	4.544913336988509e27	8.082125847127241e26
15.848931924611142	5.323500688992854e30	9.466671664568122e29	1.6834387302773543e29	2.993624432244375e28	5.323500691562974e27	9.46667171027206e26
17.782794100389264	6.206147251975123e30	1.103626387386126e30	1.9625560810719668e29	3.4899730701517313e28	6.206147254637785e27	1.1036263921210863e27
19.95262314968883	7.220058657060336e30	1.2839281649128073e30	2.283183019641343e29	4.060137353318111e28	7.220058659814713e27	1.283928169810863e27
22.387211385683422	8.409020941831676e30	1.4953588799449945e30	2.6591659068331713e29	4.728739980143356e28	8.409020944685446e27	1.4953588850198033e27
25.11886431509582	9.791399626296489e30	1.7411844350910572e30	3.0963124300110972e29	5.506108641485997e28	9.791399629253636e27	1.7411844403496952e27
28.18382931264455	1.138878067748849e31	2.0252434184231817e30	3.6014486713075016e29	6.404382018653146e28	1.1388780680550386e28	2.02524342386809e27
31.622776601683857	1.323530837604074e31	2.353607637063402e30	4.185372000309226e29	7.44276085166369e28	1.3235308379209121e28	2.353607642697662e27
35.481338923357605	1.5362202783618317e31	2.7318288902956323e30	4.8579550673715254e29	8.638801471366805e28	1.5362202786893457e28	2.731828896119741e27
39.81071705534978	1.7816965917876582e31	3.1683543641130574e30	5.634219329418844e29	1.0019216225320087e29	1.7816965921259941e28	3.1683543701296347e27
44.668359215096345	2.066011641736841e31	3.673945963401895e30	6.533302460323151e29	1.1618037244926197e29	2.0660116420863365e28	3.6739459696169004e27
50.11872336272725	2.394812641545128e31	4.258646011361201e30	7.573062516658283e29	1.3467021144493656e29	2.3948126419060516e28	4.258646017779438e27
56.23413251903502	2.7743557173286994e31	4.933579648249988e30	8.773283106280629e29	1.5601348706529725e29	2.7743557177012414e28	4.933579654874828e27
63.09573444801943	3.212983278585551e31	5.713582009108652e30	1.0160345244377677e30	1.806793274715829e29	3.21298327896998e28	5.713582015944897e27
70.79457843841388	3.720430179557817e31	6.615964384795713e30	1.1765033243044333e30	2.0921516374729965e29	3.7204301799544783e28	6.615964391849454e27
79.43282347242821	4.307183914744141e31	7.659376470841001e30	1.3620511471844796e30	2.4221075104787665e29	4.307183915153357e28	7.659376478118033e27
89.12509381337459	4.984377603465736e31	8.863616064102944e30	1.5761985945296514e30	2.802921506805728e29	4.984377603887743e28	8.863616071607405e27
100.0000000000002	5.766763886370795e31	1.0254917481689919e31	1.823610860934977e30	3.242889645946046e29	5.766763886805904e28	1.025491748942739e28
112.20184543019653	6.669879110861838e31	1.1860908690295041e31	2.1092009708316158e30	3.750748658086669e29	6.669879111310325e28	1.186090869827043e28
125.89254117941688	7.713246106564366e31	1.3716306735867037e31	2.4391425850183695e30	4.337477037110675e29	7.713246107026583e28	1.3716306744086531e28
141.25375446227554	8.918964106160123e31	1.5860410228861522e31	2.8204240944768716e30	5.0155020948100024e29	8.918964106636448e28	1.5860410237331867e28
158.48931924611142	1.0312112781974539e32	1.8337817834185306e31	3.260976387959024e30	5.798927167355475e29	1.0312112782465354e29	1.8337817842913373e28
177.82794100389265	1.1928662899862536e32	2.1212495624121586e31	3.7721744203931136e30	6.707980102887223e29	1.1928662900388859e29	2.1212495633481026e28
199.5262314968883	1.3894712322239703e32	2.470868083105388e31	4.393893837110247e30	7.813570940458453e29	1.3894712322800502e29	2.4708680841026388e28
223.87211385683423	1.6203351682097237e32	2.8814086669893994e31	5.123949704416607e30	9.111814257468562e29	1.6203351682679838e29	2.881408668025431e28
251.18864315095823	1.8885987276760466e32	3.358456231252115e31	5.972273565554263e30	1.0620371112775312e30	1.8885987277361544e29	3.3584562323210153e28
281.8382931264455	2.1996833085585175e32	3.911651536216005e31	6.956009386101805e30	1.2369728267373643e30	2.1996833086203908e29	3.911651537316295e28
316.2277660168386	2.559241073938705e32	4.551045707111201e31	8.093030875103691e30	1.4391670170038385e30	2.5592410740023394e29	4.551045708242797e28
354.81338923357606	2.9722126288015294e32	5.285424520055524e31	9.398961597331457e30	1.6713979884314168e30	2.9722126288669124e29	5.285424521218205e28
398.1071705534977	3.447950691709123e32	6.1314197218959025e31	1.0903377445755973e31	1.9389251611704622e30	3.447950691776294e29	6.131419723090416e28
446.6835921509635	3.997455436555271e32	7.108592695374502e31	1.264106402453953e31	2.247934387585735e30	3.9974554366243114e29	7.108592696602243e28
501.18723362727246	4.6316737683894385e32	8.236410096344435e31	1.4646638486968034e31	2.604581564769482e30	4.6316737684604205e29	8.236410097606716e28
562.3413251903502	5.36153435512931e32	9.534306149942882e31	1.6954660315452982e31	3.0150123343211e30	5.361534355202279e29	9.53430615124051e28
630.9573444801943	6.203387006416898e32	1.1031355386014284e32	1.9616832147773308e31	3.488420869861286e30	6.203387006491928e29	1.1031355387348496e29
707.9457843841387	7.175669726543307e32	1.2760345727951711e32	2.269146007299685e31	4.035175623156967e30	7.175669726620471e29	1.2760345729323981e29
794.3282347242822	8.298785398360417e32	1.475755920223612e32	2.6243063671769175e31	4.666749978388778e30	8.298785398439812e29	1.4757559203647911e29
891.2509381337459	9.594316924629894e32	1.7061376240457428e32	3.033989407533505e31	5.395280893697156e30	9.594316924711571e29	1.7061376241909914e29
1000.000000000002	1.1089819072433526e33	1.972079691756562e32	3.5069087108068384e31	6.236263553318196e30	1.1089819072517566e30	1.972079691906012e29
1122.0184543019652	1.2813074486883493e33	2.278522653932009e32	4.051849920794779e31	7.205321286721573e30	1.281307448696995e30	2.278522654085755e29
1258.9254117941687	1.4801140186787382e33	2.6320562839263805e32	4.680531495770095e31	8.323292786971144e30	1.4801140186876327e30	2.6320562840845456e29
1412.5375446227554	1.709300137246199e33	3.0396132396416354e32	5.405281638536688e31	9.612101043275875e30	1.7093001372553484e30	3.039613239804328e29
1584.893192461114	1.9739054147325906e33	3.510155356383322e32	6.242036996294569e31	1.110008586721659e31	1.9739054147420027e30	3.5101553565506855e29
1778.2794100389265	2.2799510860706938e33	4.05439007225541e32	7.209838385758292e31	1.2821107151107137e31	2.2799510860803785e30	4.0543900724276336e29
1995.2623149688789	2.633093896304473e33	4.682376660497422e32	8.326574005409659e31	1.4806975109990367e31	2.633093896314438e30	4.6823766606746365e29
2238.721138568342	3.0387585925806746e33	5.4037618372650846e32	9.609398411962894e31	1.7088195338859524e31	3.0387585925909217e30	5.403761837447314e29
2511.8864315095875	3.5023322602725555e33	6.228125345557784e32	1.1075347065147255e32	1.96950616449917e31	3.502332260283078e30	6.228125345744935e29
2818.382931264455	4.023555808634868e33	7.155006449637909e32	1.2723600648087093e32	2.2626117054056627e31	4.0235558086456405e30	7.155006449829501e29
3162.277660168386	4.611680553061559e33	8.2008565731863e32	1.4583414388779867e32	2.593338553563817e31	4.6116805530725635e30	8.200856573381991e29
3548.133892335753	5.276099978055312e33	9.382379956282593e32	1.6684493093419543e32	2.9669690534970264e31	5.276099978066533e30	9.382379956482114e29
3981.0717055349774	6.030761389291593e33	1.0724378805434985e33	1.907094201516318e32	3.3913463515616666e31	6.030761389303021e30	1.0724378805638226e30
4466.835921509644	6.91318131709412e33	1.2293567994054257e33	2.1861398839740506e32	3.887567543136527e31	6.913181317105797e30	1.2293567994261883e30
5011.872336272725	7.909542363764872e33	1.4065376328313682e33	2.5012169119089426e32	4.447862534489412e31	7.909542363776776e30	1.406537632852539e30
5623.413251903502	8.934289288283797e33	1.58876626846864e33	2.8252703425821882e32	5.024120078008125e31	8.934289288295784e30	1.5887662684899518e30
6309.57344480193	1.0051038266448731e34	1.7873554398739102e33	3.1784173771488702e32	5.652114178294361e31	1.0051038266460743e31	1.7873554398952784e30
7079.457843841388	1.1490687751124326e34	2.0433653435010867e33	3.6336745175351274e32	6.461688577316454e31	1.1490687751136572e31	2.0433653435228582e30
7943.282347242838	1.3088883430216776e34	2.327569190435413e33	4.139068366792296e32	7.3604200534107985e31	1.30888834302292e31	2.327569190457516e30
8912.509381337459	1.4189741107128761e34	2.5233324444590011e33	4.487190130664659e32	7.979477818291432e31	1.418974110714077e31	2.523332444480355e30
10000.00000000002	1.5176005807196874e34	2.698717865356933e33	4.799074413468462e32	8.534095216716164e31	1.5176005807208314e31	2.6987178653772886e30
11220.18454301963	1.7662596257673093e34	3.140903125285061e33	5.585403356621361e32	9.932407785842656e31	1.7662596257684963e31	3.140903125306175e30
12589.254117941688	2.105720767236393e34	3.7445598836678424e33	6.658873740784303e32	1.1841338067286223e32	2.105720767237654e31	3.7445598836902776e30
14125.375446227583	2.3572772503537236e34	4.1918975980571957e33	7.454365187616762e32	1.3255944128050454e32	2.3572772503549816e31	4.191897598079578e30
15848.93192461114	2.608808475435612e34	4.639190396602183e33	8.249776761528002e32	1.4670408152443463e32	2.6088084754368527e31	4.63919039662426e30
17782.794100389263	3.080247768268963e34	5.47754118413104e33	9.740598705380485e32	1.732150611923057e32	3.0802477682702687e31	5.477541184154273e30
19952.62314968879	3.671800462034961e34	6.529487159408178e33	1.1611252573689133e33	2.0648051376553538e32	3.6718004620363498e31	6.529487159432861e30
22387.211385683422	4.1040502956219635e34	7.298148138468696e33	1.2978146566052817e33	2.3078770818879774e32	4.104050295623349e31	7.298148138493282e30
25118.864315095874	4.514929798153095e34	8.028806697826841e33	1.42774616379281e33	2.5389316058348827e32	4.51492979815445e31	8.028806697850948e30
28183.82931264455	5.322473334310084e34	9.46484474088484e33	1.6831138521930727e33	2.9930467081063086e32	5.322473334311509e31	9.464844740910168e30
31622.776601683858	6.3077464322415415e34	1.121693560420161e34	1.9946845628684272e33	3.547106487671489e32	6.307746432243047e31	1.1216935604228362e31
35481.33892335753	6.848340391451312e34	1.217826271105577e34	2.165635382911531e33	3.8511048110834075e32	6.848340391452768e31	1.2178262711081658e31
39810.71705534977	7.184079654980729e34	1.277530093053176e34	2.2718054601815758e33	4.039904873454964e32	7.18407965498209e31	1.277530093055596e31
44668.35921509644	8.095876013462509e34	1.439672962096838e34	2.560140785686558e33	4.5526456459873444e32	8.09587601346388e31	1.439672962099269e31
50118.72336272725	9.606942001345184e34	1.708382715443026e34	3.0379818073387206e33	5.402380496063353e32	9.606942001346628e31	1.708382715445597e31
56234.132519035025	1.212977505431364e35	2.157012922748971e34	3.8357716677123765e33	6.821073778303661e32	1.2129775054315267e32	2.1570129227518635e31
63095.73444801956	1.5112983609065643e35	2.687510757625717e34	4.779145044543924e33	8.4986552303021e32	1.5112983609067451e32	2.687510757628929e31
70794.57843841388	1.6552216390012343e35	2.943446559686773e34	5.234270411640897e33	9.307995299597053e32	1.65522163900141e32	2.943446559689909e31
79432.82347242838	1.733509339499026e35	3.082663965541292e34	5.481837857991017e33	9.748239392037387e32	1.7335093394991914e32	3.0826639655442184e31
89125.0938133746	1.894649317476826e35	3.3692158705133375e34	5.991407210510238e33	1.0654396079609172e33	1.894649317476986e32	3.369215870516188e31
100000.0000000002	2.5260637119148447e35	4.492047087344662e34	7.988114844350331e33	1.4205100152734566e33	2.5260637119150348e32	4.492047087348048e31