0.00001584893192461114	1.2997906744063275e14	2.0796650790501233e11	2.139315348779392e9
0.00001778279410038923	1.1367406104533552e14	1.818784976725369e11	1.870952518284879e9
0.000019952623149688786	1.049884234431689e14	1.6798147750907022e11	1.7279962853919363e9
0.000022387211385683423	9.866787155557892e13	1.5786859448892624e11	1.6239668140922313e9
0.000025118864315095822	9.24355484267566e13	1.4789687748281058e11	1.5213894930621953e9
0.00002818382931264455	8.524663821341888e13	1.363946211414702e11	1.4030677797031214e9
0.000031622776601683795	7.832894362880788e13	1.2532630980609264e11	1.2892099832561219e9
0.000035481338923357534	7.157541363863592e13	1.1452066182181741e11	1.1780541590845423e9
0.000039810717055349776	6.568664793311773e13	1.0509863669298839e11	1.0811314229298556e9
0.00004466835921509635	6.0768404827921625e13	9.722944772467458e10	1.0001824426736299e9
0.00005011872336272725	5.595734078115052e13	8.953174524984082e10	9.209975141933638e8
0.00005623413251903491	5.084056054371811e13	8.134489686994897e10	8.367808267389014e8
0.00006309573444801943	4.637067636511336e13	7.419308218418138e10	7.632113511391253e8
0.00007079457843841388	4.26217319101254e13	6.819477105620063e10	7.01507766306588e8
0.00007943282347242822	3.919434356863027e13	6.2710949709808426e10	6.450966485045851e8
0.00008912509381337459	3.5871825891957586e13	5.739492142713211e10	5.904115888080051e8
0.0001	3.2873878981358555e13	5.259820637017372e10	5.410686140740192e8
0.00011220184543019641	3.0128725209014367e13	4.820596033442297e10	4.9588634191609716e8
0.00012589254117941674	2.7659189482958695e13	4.425470317273392e10	4.552404457180573e8
0.00014125375446227554	2.5371911057019375e13	4.0595057691231e10	4.175943082291967e8
0.00015848931924611142	2.330983743692277e13	3.729573989907642e10	3.83654799101693e8
0.00017782794100389227	2.1416633703905664e13	3.4266613926249058e10	3.5249470629475075e8
0.0001995262314968881	1.9671287762367035e13	3.147406041978725e10	3.2376819336320645e8
0.00022387211385683424	1.799711996384652e13	2.8795391942154434e10	2.962131959445412e8
0.0002511886431509582	1.6500575935619783e13	2.6400921496991646e10	2.715816943285453e8
0.0002818382931264455	1.5158010018941709e13	2.4252816030306744e10	2.4948450645935753e8
0.00031622776601683794	1.3924524257025498e13	2.22792388112408e10	2.2918266036268932e8
0.0003548133892335757	1.273928556138041e13	2.038285689820865e10	2.096749089724976e8
0.00039810717055349773	1.167974537126013e13	1.8687592594016205e10	1.9223601949586517e8
0.0004466835921509635	1.0725206707866336e13	1.716033073258613e10	1.7652534197054434e8
0.0005011872336272725	9.85592245446984e12	1.5769475927151735e10	1.622178601401123e8
0.0005623413251903491	9.039474570272791e12	1.4463159312436474e10	1.487800079956586e8
0.0006309573444801936	8.291612780080665e12	1.3266580448129063e10	1.364710090312338e8
0.0007079457843841388	7.58486458043579e12	1.2135783328697256e10	1.2483869545187171e8
0.0007943282347242822	6.954345339884144e12	1.1126952543814629e10	1.1446102837383278e8
0.0008912509381337459	6.38768876853568e12	1.0220302029657085e10	1.0513447199485146e8
0.001	5.867775533829024e12	9.38844085412644e9	9.657726055348223e7
0.0011220184543019641	5.366010570781908e12	8.585616913251057e9	8.831875010204582e7
0.0012589254117941688	4.923481246481706e12	7.877569994370732e9	8.103519441572122e7
0.0014125375446227555	4.535078079301446e12	7.256124926882311e9	7.464249693431494e7
0.001584893192461114	4.175398363303753e12	6.680637381286004e9	6.872255649906045e7
0.0017782794100389247	3.824806933475767e12	6.119691093561227e9	6.295219945811541e7
0.0019952623149688807	3.508508108547678e12	5.613612973676284e9	5.77462617306532e7
0.00223872113856834	3.210816797607838e12	5.137306876172538e9	5.284658362684822e7
0.002511886431509582	2.8057343388628384e12	4.489174942180541e9	4.6179362984491415e7
0.002818382931264455	2.4324248101472036e12	3.8918796962355247e9	4.003509052314508e7
0.0031622776601683824	2.1269170100656626e12	3.403067216105061e9	3.5006761433272325e7
0.0035481338923357567	1.8727877840313303e12	2.996460454450127e9	3.0824068292494178e7
0.003981071705534978	1.6681498748899397e12	2.6690397998239026e9	2.745594888228025e7
0.004466835921509635	1.5006134908962935e12	2.4009815854340687e9	2.4698480585161496e7
0.005011872336272725	1.3403614900741833e12	2.1445783841186926e9	2.206090538338577e7
0.005623413251903496	1.172861955297495e12	1.8765791284759922e9	1.9304043584659263e7
0.006309573444801936	1.0314280031913499e12	1.6502848051061594e9	1.6976193181228694e7
0.007079457843841388	9.131339001362689e11	1.46101424021803e9	1.502919975129496e7
0.00794328234724282	8.143826830804402e11	1.3030122929287047e9	1.340386116010472e7
0.008912509381337459	7.292688385728187e11	1.1668301417165098e9	1.2002979021663899e7
0.01000000000000001	6.567751263116733e11	1.0508402020986768e9	1.080981065706473e7
0.01122018454301964	5.930518608143552e11	9.488829773029684e8	9.760994392745692e6
0.012589254117941687	5.381768143088909e11	8.61082902894225e8	8.857810275751287e6
0.014125375446227554	4.903143051087079e11	7.845028881739327e8	8.070044964157462e6
0.01584893192461114	4.4708361496304645e11	7.153337839408742e8	7.358514401675302e6
0.017782794100389247	4.055265486110915e11	6.488424777777461e8	6.674529882878939e6
0.01995262314968881	3.70241311936446e11	5.923860990983137e8	6.093772920317561e6
0.022387211385683423	3.410581216667447e11	5.456929946667917e8	5.613449064333313e6
0.025118864315095822	3.1432310091068176e11	5.029169614570909e8	5.173419439720839e6
0.02818382931264455	2.881960864345051e11	4.6111373829520804e8	4.743396943120028e6
0.031622776601683826	2.6467284356766586e11	4.2347654970826524e8	4.356229720666461e6
0.035481338923357565	2.4295559232602768e11	3.887289477216441e8	3.9987871737290057e6
0.039810717055349776	2.241177079116478e11	3.5858833265863657e8	3.688735901168355e6
0.04466835921509635	2.0775470180593732e11	3.324075228894996e8	3.4194184579569213e6
0.05011872336272725	1.9266676016835733e11	3.082668162693717e8	3.1710872015297664e6
0.05623413251903497	1.7809781604443777e11	2.8495650567110044e8	2.9312980847625905e6
0.06309573444801936	1.6467382527426184e11	2.634781204388191e8	2.710353666080506e6
0.07079457843841387	1.5104245560129218e11	2.4166792896206754e8	2.485996014187138e6
0.07943282347242822	1.3907892474811185e11	2.2252627959697902e8	2.289089191544376e6
0.08912509381337459	1.2869221482379097e11	2.0590754371806553e8	2.1181351417734916e6
0.1000000000000001	1.1894681093260477e11	1.9031489749216753e8	1.9577362980597417e6
0.11220184543019641	1.0885584822970163e11	1.7416935716752258e8	1.7916499287746178e6
0.12589254117941687	9.833451475485246e10	1.5733522360776386e8	1.6184801204695073e6
0.14125375446227553	8.765497116938544e10	1.4024795387101665e8	1.4427063442744801e6
0.15848931924611143	7.905071746343765e10	1.2648114794150023e8	1.3010896025915665e6
0.1778279410038923	7.30907951159721e10	1.1694527218555531e8	1.2029957048084487e6
0.19952623149688828	6.462318143873139e10	1.0339709030197017e8	1.0636279107170715e6
0.22387211385683423	5.859844656050618e10	9.375751449680984e7	964467.26853751
0.25118864315095824	5.3359363050421974e10	8.537498088067515e7	878237.6010429391
0.2818382931264455	4.927031432465904e10	7.883250291945443e7	810936.2665036146
0.31622776601683794	4.547438758732017e10	7.275902013971226e7	748459.403944647
0.354813389233576	4.172522208446077e10	6.6760355335137196e7	686752.1809024084
0.39810717055349776	3.826884000916137e10	6.123014401465817e7	629863.8574936317
0.4466835921509635	3.533874880859824e10	5.6541998093757175e7	581637.7146068072
0.5011872336272725	3.2306037403945995e10	5.168965984631361e7	531722.5537725122
0.5623413251903491	2.898579639398876e10	4.6377274230382025e7	477074.965556105
0.6309573444801942	2.574541392436175e10	4.119266227897877e7	423741.7628359439
0.7079457843841388	2.2672245530783653e10	3.627559284925383e7	373160.7235715395
0.7943282347242822	1.9845473753545586e10	3.1752758005672913e7	326635.10702713765
0.8912509381337459	1.7288783557377373e10	2.7662053691803776e7	284554.74219274137
1.000000000000002	1.4999914988655355e10	2.3999863981848564e7	246882.43266765392
1.1220184543019653	1.2953552304898842e10	2.0725683687838145e7	213201.50861787001
1.2589254117941688	1.116578735607086e10	1.7865259769713376e7	183776.824548765
1.4125375446227555	9.75227959488161e9	1.5603647351810567e7	160512.01038542192
1.584893192461114	8.621043362234247e9	1.3793669379574792e7	141893.08132822416
1.7782794100389265	7.62317345341106e9	1.2197077525457697e7	125469.218208837
1.9952623149688828	6.722097219623171e9	1.075535555139707e7	110638.47464896941
2.2387211385683425	5.920324143908536e9	9.472518630253658e6	97442.154034515
2.5118864315095824	5.213517419115054e9	8.341627870584086e6	85808.87719428973
2.818382931264455	4.5882529203225e9	7.341204672516007e6	75517.69750164643
3.1622776601683857	4.037316357909936e9	6.459706172655898e6	66449.87552553255
3.5481338923357604	3.553956763058219e9	5.68633082089315e6	58494.29759589113
3.9810717055349776	3.1281713386368117e9	5.0050741418189e6	51486.32845372666
4.4668359215096345	2.7433520537380853e9	4.389363285980936e6	45152.61781169451
5.011872336272725	2.3873849917124567e9	3.8198159867399284e6	39293.78365904021
5.623413251903503	2.0692445227642765e9	3.3107912364228433e6	34057.534456070855
6.309573444801943	1.795363910475156e9	2.872582256760249e6	29549.754787080466
7.0794578438413875	1.5708091280516574e9	2.51329460488265e6	25853.825110559086
7.943282347242821	1.3764827843052523e9	2.2023724548884034e6	22655.422952159657
8.91250938133746	1.1968403933000925e9	1.9149446292801471e6	19698.70282840358
10.000000000000021	1.038868762372518e9	1.6621900197960287e6	17098.66005713634
11.220184543019652	9.061763701396213e8	1.4498821922233936e6	14914.686306903468
12.589254117941687	7.919457397041124e8	1.26711318352658e6	13034.573256369025
14.125375446227554	6.928155099000949e8	1.1085048158401516e6	11402.996523872269
15.848931924611142	6.058871755960537e8	969419.4809536855	9972.249839177048
17.782794100389264	5.2784159421350443e8	844546.5507416069	8687.703693065027
19.95262314968883	4.592160545687673e8	734745.6873100275	7558.201280322226
22.387211385683422	4.0018639984296006e8	640298.239748736	6586.636790172708
25.11886431509582	3.4881747830630267e8	558107.9652900842	5741.159710997567
28.18382931264455	3.0382496838897854e8	486119.9494223655	5000.631494096768
31.622776601683857	2.64482808322238e8	423172.4933155807	4353.1019453611125
35.481338923357605	2.3000274448187473e8	368004.39117099956	3785.597259775693
39.81071705534978	1.9989786940571436e8	319836.59104914294	3290.103465338892
44.668359215096345	1.7372595158042455e8	277961.5225286792	2859.3419080119115
50.11872336272725	1.509422393363117e8	241507.58293809867	2484.346562486246
56.23413251903502	1.3108357700076422e8	209733.72320122266	2157.4943856150126
63.09573444801943	1.138080434875083e8	182092.8695800132	1873.157724866609
70.79457843841388	9.880092319407377e7	158081.47711051794	1626.1567006487119
79.43282347242821	8.575994184583537e7	137215.9069533366	1411.5162042151248
89.12509381337459	7.441166105938438e7	119058.65769501493	1224.7357345075577
100.0000000000002	6.4552605463442944e7	103284.16874150866	1062.466306235961
112.20184543019653	5.598363248613588e7	89573.81197781744	921.4302473182303
125.89254117941688	4.8545583020814374e7	77672.93283330297	799.0079704126771
141.25375446227554	4.20923000712411e7	67347.68011398573	692.7938889003282
158.48931924611142	3.649359096949393e7	58389.74555119027	600.6451717987131
177.82794100389265	3.1599257743945964e7	50558.81239031354	520.0897223896145
199.5262314968883	2.7169691439408608e7	43471.506303053735	447.1838355393262
223.87211385683423	2.3326805854498606e7	37322.88936719775	383.93408096514435
251.18864315095823	2.0041878239451874e7	32067.00518312299	329.8677131655098
281.8382931264455	1.724556105197498e7	27592.897683159943	283.8433463423111
316.2277660168386	1.4858549514670204e7	23773.67922347233	244.5557093402839
354.81338923357606	1.2806912427587815e7	20491.059884140508	210.78797429690803
398.1071705534977	1.104721527325044e7	17675.54443720069	181.82525587152142
446.6835921509635	9.538951115050703e6	15262.321784081121	157.00085354901455
501.18723362727246	8.242478637349783e6	13187.965819759655	135.6623140023876
562.3413251903502	7.123349605963255e6	11397.359369541204	117.24265642788367
630.9573444801943	6.158609467514555e6	9853.775148023287	101.36407361908242
707.9457843841387	5.327018306159272e6	8523.229289854833	87.67697945517634
794.3282347242822	4.609490244514575e6	7375.184391223317	75.8672409666497
891.2509381337459	3.989039748310804e6	6382.4635972972865	65.65529456772076
1000.000000000002	3.4526625704171825e6	5524.260112667491	56.82710436758022
1122.0184543019652	2.9880353375377026e6	4780.856540060322	49.17984092484192
1258.9254117941687	2.586019655595223e6	4137.631448952355	42.563096123050045
1412.5375446227554	2.2378975080772354e6	3580.6360129235773	36.83338080734793
1584.893192461114	1.9368584468997947e6	3098.9735150396687	31.878602343091075
1778.2794100389265	1.6768648461109041e6	2682.9837537774465	27.59938791492061
1995.2623149688789	1.451712728581791e6	2322.740365730865	23.893626746413904
2238.721138568342	1.2559860401020288e6	2009.5776641632451	20.672176423101117
2511.8864315095875	1.0852906103670849e6	1736.4649765873344	17.862713638139606
2818.382931264455	934801.371306262	1495.6821940900186	15.385822971909873
3162.277660168386	803351.2036361562	1285.3619258178499	13.222294899016712
3548.133892335753	689142.6560197339	1102.6282496315741	11.342545307881897
3981.0717055349774	590647.6030041976	945.0361648067159	9.721422900681839
4466.835921509644	507694.68474416074	812.3114955906566	8.356107279066121
5011.872336272725	435562.9166548523	696.9006666477636	7.1688961254045145
5623.413251903502	368926.27737478877	590.2820437996617	6.072128868876631
6309.57344480193	311225.1236681587	497.96019786905384	5.122430073543656
7079.457843841388	266806.956247677	426.89112999628327	4.391354915070999
7943.282347242838	227899.6817904532	364.639490864725	3.750983114715309
8912.509381337459	185271.08384538192	296.433734152611	3.0493623408742443
10000.00000000002	148588.20644702562	237.74113031524098	2.4456017184837213
11220.18454301963	129681.00953080964	207.48961524929535	2.1344096368531162
12589.254117941688	115936.08676174442	185.49773881879096	1.9081830233941535
14125.375446227583	97325.21177073944	155.72033883318306	1.601868081254285
15848.93192461114	80770.79832653585	129.23327732245738	1.3294002795645992
17782.794100389263	71514.78436757633	114.42365498812204	1.1770562666337268
19952.62314968879	63927.49220501331	102.28398752802129	1.052177615796673
22387.211385683422	53582.13452134645	85.73141523415433	0.881904179334375
25118.864315095874	44203.56913369815	70.72571061391703	0.727543101982507
28183.82931264455	39076.80381012604	62.52288609620168	0.6431620707728686
31622.776601683858	34727.949023688445	55.56471843790149	0.5715846085135086
35481.33892335753	28274.162234821608	45.238659575714586	0.465362234349464
39810.71705534977	22242.067158306003	35.58730745328958	0.3660804512394217
44668.35921509644	18796.091073684693	30.07374571789549	0.30936339922084016
50118.72336272725	16725.865867741515	26.761385388386437	0.2752897237766994
56234.132519035025	15836.38269436561	25.33821231098497	0.26064978949533363
63095.73444801956	14796.3056449173	23.674089031867663	0.2435312423353131
70794.57843841388	12152.317616995702	19.44370818719313	0.2000140492864777
79432.82347242838	9543.96948959131	15.270351183346104	0.15708345058476847
89125.0938133746	7822.248609462424	12.515597775139875	0.12874578069914605
100000.0000000002	7820.724978921664	12.51315996627466	0.1287207033827297