0.00001584893192461114	2.6380539475124087e6	4220.886316019854	43.4195244815021
0.00001778279410038923	2.3071276889056144e6	3691.4043022489836	37.972834962245386
0.000019952623149688786	2.130844068671738e6	3409.3505098747837	35.071396585046855
0.000022387211385683423	2.0025622061700744e6	3204.0995298721195	32.96001540018673
0.000025118864315095822	1.8760710337382364e6	3001.713653981178	30.878107043734406
0.00002818382931264455	1.7301649787092607e6	2768.263965934818	28.476650646565652
0.000031622776601683795	1.5897635135660095e6	2543.6216217056167	26.165793865651597
0.000035481338923357534	1.452693931509237e6	2324.31029041478	23.90977628898476
0.000039810717055349776	1.3331755973550593e6	2133.080955768095	21.942633334728985
0.00004466835921509635	1.233354980897611e6	1973.3679694361774	20.299693582067835
0.00005011872336272725	1.1357096696161113e6	1817.135471385779	18.692557007893956
0.00005623413251903491	1.0318595453637784e6	1650.9752725820465	16.983295900238012
0.00006309573444801943	941138.8175229097	1505.822108036656	15.490130505655893
0.00007079457843841388	865050.275627478	1384.080441003966	14.2377951200563
0.00007943282347242822	795488.0336297896	1272.780853807664	13.09287559623272
0.00008912509381337459	728054.2456728974	1164.8867930766362	11.982988131711513
0.0001	667207.9429745753	1067.532708759321	10.981523574055329
0.00011220184543019641	611492.3274661867	978.3877239458997	10.064504597301799
0.00012589254117941674	561370.6532695347	898.193045231256	9.239555864965393
0.00014125375446227554	514948.0715460185	823.9169144736298	8.475490207574492
0.00015848931924611142	473096.2444736196	756.9539911577914	7.786654245035069
0.00017782794100389227	434671.7990634987	695.4748785015979	7.15422929036494
0.0001995262314968881	399248.2740181775	638.7972384290842	6.5711962502799315
0.00022387211385683424	365269.37990353524	584.4310078456565	6.011940278181151
0.0002511886431509582	334895.5361837156	535.8328578939453	5.512019549784516
0.0002818382931264455	307646.8307880881	492.2349292609412	5.063535229693058
0.00031622776601683794	282612.015202035	452.17922432325594	4.651489149568909
0.0003548133892335757	258556.42162563765	413.6902746010203	4.2555600082439735
0.00039810717055349773	237052.00375180182	379.2832060028831	3.9016204691326064
0.0004466835921509635	217678.69589075434	348.2859134252071	3.5827567037597903
0.0005011872336272725	200035.7107444699	320.0571371911519	3.2923721851989636
0.0005623413251903491	183465.0920575192	293.54414729203086	3.0196376626809003
0.0006309573444801936	168286.49609851095	269.25839375761757	2.7698143338371337
0.0007079457843841388	153942.34119201402	246.30774590722254	2.533725005293873
0.0007943282347242822	141145.32853242158	225.8325256518747	2.3230999705074487
0.0008912509381337459	129644.4720147948	207.4311552236716	2.1338082687224174
0.001	119092.317824211	190.54770851873766	1.9601311846572222
0.0011220184543019641	108908.50078694508	174.25360125911212	1.7925165331139263
0.0012589254117941688	99926.9297244095	159.88308755905524	1.6446895544428315
0.0014125375446227555	92043.90264488212	147.2702442318115	1.5149434256380605
0.001584893192461114	84743.84646421109	135.59015434273778	1.3947923694582292
0.0017782794100389247	77628.24605536704	124.20519368858726	1.277677256462255
0.0019952623149688807	71208.64803758469	113.93383686013551	1.1720175926190115
0.00223872113856834	65166.70795116513	104.26673272186423	1.0725737712576486
0.002511886431509582	56945.158124702735	91.11225299952434	0.937255922923808
0.002818382931264455	49368.471391494044	78.98955422639048	0.8125518260225906
0.0031622776601683824	43167.88791393486	69.06862066229579	0.7104969054409441
0.0035481338923357567	38010.08349881739	60.81613359810787	0.6256050042407548
0.003981071705534978	33856.75439243876	54.170807027902036	0.5572456839227635
0.004466835921509635	30456.437496425784	48.73029999428127	0.5012801329337401
0.005011872336272725	27203.96437371608	43.52634299794575	0.4477479310960604
0.005623413251903496	23804.395369068807	38.087032590510084	0.3917946895927823
0.006309573444801936	20933.853188603363	33.49416510176538	0.3445486593903171
0.007079457843841388	18532.957169908434	29.652731471853507	0.3050324987903546
0.00794328234724282	16528.703384238128	26.445925414781023	0.27204464181490673
0.008912509381337459	14801.233585350376	23.681973736560614	0.24361235092313396
0.01000000000000001	13329.90187351383	21.327842997622135	0.21939581685917445
0.01122018454301964	12036.57506786982	19.25852010859173	0.19810905168396037
0.012589254117941687	10922.831632837191	17.476530612539513	0.17977803522043748
0.014125375446227554	9951.4145899271	15.922263343883364	0.16378955776107545
0.01584893192461114	9074.004903597895	14.51840784575663	0.1493483400627786
0.017782794100389247	8230.563070266671	13.168900912426674	0.1354661966117013
0.01995262314968881	7514.414233909048	12.02306277425448	0.12367915868476644
0.022387211385683423	6922.112474803455	11.075379959685531	0.11393051015763049
0.025118864315095822	6379.498741445418	10.207197986312673	0.10499967297677795
0.02818382931264455	5849.225097906063	9.358760156649701	0.09627194037325659
0.031622776601683826	5371.797578805713	8.594876126089142	0.0884139980164417
0.035481338923357565	4931.024448983944	7.889639118374314	0.08115934739827249
0.039810717055349776	4548.690921588578	7.277905474541728	0.07486654964540775
0.04466835921509635	4216.587501397049	6.746540002235281	0.06940048531530031
0.05011872336272725	3910.362777827354	6.256580444523772	0.06436035643756702
0.05623413251903497	3614.671622982379	5.783474596771806	0.05949359874716363
0.06309573444801936	3342.2184307881253	5.347549489261002	0.05500931287435316
0.07079457843841387	3065.556278305738	4.904890045289184	0.050455752051936496
0.07943282347242822	2822.744567044356	4.51639130727097	0.04645933300544563
0.08912509381337459	2611.9359987336447	4.179097597973833	0.04298965119650898
0.1000000000000001	2414.143371724768	3.8626293947596313	0.03973419775183219
0.11220184543019641	2209.3372862775645	3.5349396580441055	0.03636331034089777
0.12589254117941687	1995.7963996336632	3.19327423941386	0.03284865751729663
0.14125375446227553	1779.0444820517025	2.8464711712827255	0.02928115458554766
0.15848931924611143	1604.4126286208302	2.5670602057933305	0.026406902509527097
0.1778279410038923	1483.4500999215068	2.3735201598744102	0.024415989669720584
0.19952623149688828	1311.5914912462467	2.0985463859939952	0.021587382213163923
0.22387211385683423	1189.3135280236143	1.9029016448377842	0.019574818738978827
0.25118864315095824	1082.9811376836283	1.7327698202938064	0.01782470220709469
0.2818382931264455	999.9898426622477	1.5999837482595967	0.01645875494535263
0.31622776601683794	922.9477487998762	1.4767163980798024	0.015190725122187809
0.354813389233576	846.8547205188955	1.3549675528302334	0.013938315895517838
0.39810717055349776	776.7040219687664	1.242726435150027	0.012783711011124181
0.4466835921509635	717.2349181321239	1.1475758690113989	0.011804913662281891
0.5011872336272725	655.6830355848598	1.0490928569357765	0.01079183602083957
0.5623413251903491	588.2954548345142	0.9412727277352233	0.009682709077132489
0.6309573444801942	522.5286822782026	0.8360458916451244	0.008600258889269258
0.7079457843841388	460.15568505884653	0.7362490960941549	0.007573666585383949
0.7943282347242822	402.78355127995513	0.6444536820479283	0.0066293831034189244
0.8912509381337459	350.8929907660598	0.5614287852256958	0.005775320408940482
1.000000000000002	304.4381355193711	0.4871010168309936	0.0050107235641450075
1.1220184543019653	262.905177465247	0.4206482839443953	0.004327135841945192
1.2589254117941688	226.62071664132174	0.36259314662611475	0.0037299327269262124
1.4125375446227555	197.93217622732092	0.3166914819637134	0.0032577502743956765
1.584893192461114	174.9726161391746	0.2799561858226795	0.0028798606628993597
1.7782794100389265	154.71985772269176	0.24755177235630696	0.0025465220893225635
1.9952623149688828	136.43162283718237	0.2182905965394918	0.0022455174555531853
2.2387211385683425	120.15884392711492	0.192254150283384	0.001977685054728327
2.5118864315095824	105.81350119474455	0.16930160191159144	0.0017415761758515186
2.818382931264455	93.12313872516884	0.14899702196027015	0.0015327064882371085
3.1622776601683857	81.94133536313733	0.1311061365810198	0.0013486660574934964
3.5481338923357604	72.13107350809685	0.11540971761295504	0.0011871997216035355
3.9810717055349776	63.48933648223938	0.10158293837158305	0.001044966044877272
4.4668359215096345	55.67904784426571	0.08908647655082519	0.0009164171124174671
5.011872336272725	48.45434365418514	0.07752694984669624	0.0007975062687826671
5.623413251903503	41.99736764644816	0.06719578823431707	0.0006912314035136017
6.309573444801943	36.43868927905309	0.05830190284648493	0.0005997415491512616
7.0794578438413875	31.88112749722485	0.051009803995559766	0.000524728994707995
7.943282347242821	27.937081826486345	0.04469933092237816	0.0004598142541590859
8.91250938133746	24.291061524423586	0.038865698439077764	0.0003998046899442425
10.000000000000021	21.084870767948104	0.03373579322871697	0.0003470342459681349
11.220184543019652	18.391747205611864	0.02942679552897899	0.00030270833498483854
12.589254117941687	16.073323389524223	0.025717317423238763	0.00026454957794499936
14.125375446227554	14.061377164631164	0.022498203463409874	0.0002314351117114392
15.848931924611142	12.297080497660577	0.01967532879625693	0.0002023966902658134
17.782794100389264	10.71306810161708	0.01714090896258734	0.00017632555359559194
19.95262314968883	9.320244785334594	0.014912391656535361	0.0001534011831001512
22.387211385683422	8.122179460386509	0.012995487136618421	0.00013368231921714584
25.11886431509582	7.079596305209396	0.011327354088335033	0.00011652252425809999
28.18382931264455	6.166428741131428	0.009866285985810287	0.00010149277043461022
31.622776601683857	5.367940625226658	0.008588705000362653	0.00008835051671784742
35.481338923357605	4.668133569247465	0.007469013710795948	0.00007683244688153166
39.81071705534978	4.057125303856526	0.006491400486170445	0.00006677590942422964
44.668359215096345	3.52594030235995	0.005641504483775922	0.00005803317685106306
50.11872336272725	3.063522289920973	0.00490163566387356	0.000050422274795510165
56.23413251903502	2.660471063303002	0.004256753701284805	0.000043788486044548286
63.09573444801943	2.309846995309568	0.003695755192495309	0.000038017591814579865
70.79457843841388	2.0052626209912106	0.00320842019358594	0.00003300446131743081
79.43282347242821	1.7405829844730516	0.0027849327751568844	0.000028648119792121183
89.12509381337459	1.5102583828609495	0.002416413412577521	0.000024857225110903963
100.0000000000002	1.3101590819062254	0.002096254531049961	0.000021563806299386558
112.20184543019653	1.136243285816698	0.0018179892573067184	0.00001870133975538362
125.89254117941688	0.9852807028396645	0.0015764491245434634	0.000016216658358499002
141.25375446227554	0.8543049319347683	0.0013668878910956298	0.000014060938345020402
158.48931924611142	0.7406735839211066	0.001185077734273771	0.000012190688837197525
177.82794100389265	0.6413382421592864	0.0010261411874548589	0.000010555736182960553
199.5262314968883	0.5514358055166323	0.0008822972888266118	9.076038979484751e-6
223.87211385683423	0.4734406353193946	0.0007575050165110322	7.792322547145965e-6
251.18864315095823	0.40676977490470057	0.0006508316398475209	6.694992047628194e-6
281.8382931264455	0.3500157471972039	0.0005600251955155264	5.760881925356743e-6
316.2277660168386	0.3015689831702141	0.0004825103730723427	4.963500409067816e-6
354.81338923357606	0.2599289758750966	0.00041588636140015467	4.278150771747035e-6
398.1071705534977	0.22421417874788704	0.0003587426859966194	3.6903237071492736e-6
446.6835921509635	0.19360246337881326	0.00030976394140610136	3.1864878678020128e-6
501.18723362727246	0.16728926999325336	0.00026766283198920556	2.7534010670304952e-6
562.3413251903502	0.14457543754962993	0.00023132070007940794	2.3795558676991407e-6
630.9573444801943	0.12499508064546384	0.00019999212903274222	2.057284298249749e-6
707.9457843841387	0.1081171141457293	0.00017298738263316692	1.7794911620160375e-6
794.3282347242822	0.09355417126004283	0.0001496866740160686	1.539800819161588e-6
891.2509381337459	0.08096151374236998	0.00012953842198779205	1.3325392497416952e-6
1000.000000000002	0.07007520751352951	0.00011212033202164727	1.153362383301194e-6
1122.0184543019652	0.0606451375033772	0.00009703222000540356	9.98153595378497e-7
1258.9254117941687	0.05248583095046131	0.0000839773295207381	8.638602042367126e-7
1412.5375446227554	0.04542034707248392	0.00007267255531597429	7.475699553194073e-7
1584.893192461114	0.039310461078284877	0.00006289673772525579	6.470078175532445e-7
1778.2794100389265	0.03403363336752776	0.00005445381338804442	5.601569211991587e-7
1995.2623149688789	0.029463948077934933	0.000047142316924695916	4.849448268857227e-7
2238.721138568342	0.025491481023473223	0.00004078636963755716	4.195623009954519e-7
2511.8864315095875	0.02202704816438789	0.00003524327706302064	3.625414703633035e-7
2818.382931264455	0.01897271996385769	0.000030356351942172307	3.122705203690788e-7
3162.277660168386	0.016304808579729033	0.000026087693727566474	2.6835957466348217e-7
3548.133892335753	0.013986832956332802	0.00002237893273013249	2.302081943922475e-7
3981.0717055349774	0.01198777827364892	0.00001918044523783828	1.973059090479688e-7
4466.835921509644	0.010304166613844425	0.000016486666582151087	1.695954758518789e-7
5011.872336272725	0.008840180917563273	0.000014144289468101236	1.4549984928586862e-7
5623.413251903502	0.007487724304639633	0.000011980358887423415	1.2323987121742112e-7
6309.57344480193	0.006316622224057919	0.00001010659555849267	1.0396479327365726e-7
7079.457843841388	0.005415111509970137	8.664178415952226e-6	8.912689863636924e-8
7943.282347242838	0.004625449828363535	7.400719725381658e-6	7.612991851435423e-8
8912.509381337459	0.003760260199754461	6.016416319607142e-6	6.188982979442608e-8
10000.00000000002	0.003015744860228369	4.825191776365392e-6	4.9635909800905944e-8
11220.18454301963	0.0026320045669384544	4.211207307101529e-6	4.331995819773584e-8
12589.254117941688	0.002353037741870663	3.7648603869930604e-6	3.872846494871427e-8
14125.375446227583	0.0019753115956271136	3.1604985530033833e-6	3.251149972342368e-8
15848.93192461114	0.0016393233738684018	2.622917398189444e-6	2.6981495746854093e-8
17782.794100389263	0.001451463400386011	2.322341440617619e-6	2.3889523073056202e-8
19952.62314968879	0.001297471789009653	2.075954862415445e-6	2.135498713363516e-8
22387.211385683422	0.001087502505391808	1.7400040086268935e-6	1.789911904609842e-8
25118.864315095874	0.0008971552292491384	1.4354483667986224e-6	1.4766208051515738e-8
28183.82931264455	0.000793102447781104	1.2689639164497667e-6	1.3053611424528646e-8
31622.776601683858	0.0007048381313613847	1.1277410101782165e-6	1.1600875914232188e-8
35481.33892335753	0.0005738521345388591	9.181634152621751e-7	9.444987593171663e-9
39810.71705534977	0.00045142478879997447	7.222796620799595e-7	7.429965443784846e-9
44668.35921509644	0.0003814852901401559	6.103764642242496e-7	6.278836681938443e-9
50118.72336272725	0.0003394680185570023	5.431488296912039e-7	5.587277681080647e-9
56234.132519035025	0.0003214150763181151	5.142641221089844e-7	5.290145710658412e-9
63095.73444801956	0.00030030568216688077	4.804890914670093e-7	4.942707836234547e-9
70794.57843841388	0.0002466433256692094	3.9462932107073514e-7	4.0594832896391934e-9
79432.82347242838	0.00019370431626195545	3.09926906019129e-7	3.1881642564737715e-9
89125.0938133746	0.00015876028524393728	2.540164563902996e-7	2.613023171243151e-9
100000.0000000002	0.00015872936165261018	2.539669786441764e-7	2.6125142022616998e-9