0.00001584893192461114	2.1104411786742598e36	1.1867882891519652e36	6.673800992421035e35	3.752954094134711e35	2.1104411786742595e35	1.1867882891519657e35
0.00001778279410038923	2.7342218461907645e36	1.537565936351317e36	8.646368662153394e35	4.8622104115596456e35	2.734221846190765e35	1.5375659363513173e35
0.000019952623149688786	3.453472259353799e36	1.9420301668331248e36	1.092083817576574e36	6.1412386119494575e35	3.453472259353798e35	1.9420301668331247e35
0.000022387211385683423	4.616024949040279e36	2.5957815869550236e36	1.459715257512995e36	8.208582123104294e35	4.6160249490402764e35	2.595781586955024e35
0.000025118864315095822	6.05789371013393e36	3.406603976818995e36	1.9156741947231067e36	1.0772627652935466e36	6.057893710133928e35	3.406603976818996e35
0.00002818382931264455	7.934249734220562e36	4.461756509932765e36	2.509030068472258e36	1.410931293647122e36	7.934249734220558e35	4.461756509932765e35
0.000031622776601683795	1.0253469647808698e37	5.765949709547766e36	3.2424318006479977e36	1.8233533956157246e36	1.0253469647808694e36	5.7659497095477645e35
0.000035481338923357534	1.3302251081615574e37	7.480405501250456e36	4.2065411425343596e36	2.365511920560496e36	1.3302251081615572e36	7.480405501250457e35
0.000039810717055349776	1.7167537061201795e37	9.65401554125065e36	5.428851892875112e36	3.052867767701526e36	1.7167537061201788e36	9.654015541250648e35
0.00004466835921509635	2.2151357867806285e37	1.2456623938147851e37	7.004874412775887e36	3.9391303600723595e36	2.215135786780628e36	1.245662393814785e36
0.00005011872336272725	2.9142269480564277e37	1.6387902438754783e37	9.215594774499518e36	5.182309777909315e36	2.914226948056429e36	1.6387902438754786e36
0.00005623413251903491	3.766246251484662e37	2.11791590805307e37	1.1909916383762846e37	6.69743816215145e36	3.766246251484662e36	2.1179159080530692e36
0.00006309573444801943	4.840731495359984e37	2.722143363991394e37	1.530773706665035e37	8.608173147725586e36	4.840731495359983e36	2.722143363991393e36
0.00007079457843841388	6.292118105056824e37	3.5383180334518423e37	1.9897424518762192e37	1.118914407175567e37	6.292118105056823e36	3.5383180334518417e36
0.00007943282347242822	8.149198569002718e37	4.582631122532285e37	2.577002858303341e37	1.449155202357618e37	8.149198569002719e36	4.582631122532282e36
0.00008912509381337459	1.0549468541372698e38	5.932402119609421e37	3.3360348695031977e37	1.8759902693976413e37	1.0549468541372694e37	5.93240211960942e36
0.0001	1.3660859898881044e38	7.682066058776465e37	4.31994320769216e37	2.4292825881606556e37	1.3660859898881044e37	7.682066058776466e36
0.00011220184543019641	1.7751172898345538e38	9.982218091338638e37	5.613413749822449e37	3.1566545269168814e37	1.7751172898345543e37	9.982218091338639e36
0.00012589254117941674	2.2932763339656093e38	1.2896040526698866e38	7.251976519492286e37	4.0780860862205873e37	2.2932763339656093e37	1.2896040526698863e37
0.00014125375446227554	2.977062318184396e38	1.674125169182066e38	9.4142976617236e37	5.294048622830053e37	2.9770623181843962e37	1.6741251691820658e37
0.00015848931924611142	3.85341267173156e38	2.1669331883268092e38	1.2185560807226459e38	6.852444412523307e37	3.85341267173156e37	2.166933188326809e37
0.00017782794100389227	4.992641766455679e38	2.807568787149372e38	1.578811952328639e38	8.87831205498849e37	4.9926417664556785e37	2.8075687871493725e37
0.0001995262314968881	6.4811928498653626e38	3.6446425760075025e38	2.0495331360372266e38	1.1525371797407057e38	6.481192849865362e37	3.644642576007501e37
0.00022387211385683424	8.397200973804256e38	4.722093123498773e38	2.6554281047405356e38	1.4932569593674895e38	8.397200973804257e37	4.722093123498775e37
0.0002511886431509582	1.0858479783962927e39	6.106171911266325e38	3.433752804421594e38	1.9309411024145163e38	1.0858479783962925e38	6.106171911266326e37
0.0002818382931264455	1.4068357219735318e39	7.911218642197174e38	4.4488051751237516e38	2.501746997692774e38	1.4068357219735315e38	7.911218642197173e37
0.00031622776601683794	1.8262371948352215e39	1.0269686442555443e39	5.7750690833959875e38	3.2475600014227142e38	1.8262371948352212e38	1.0269686442555442e38
0.0003548133892335757	2.3660551733940637e39	1.3305306016798989e39	7.482123417549868e38	4.207507197862734e38	2.366055173394063e38	1.3305306016798988e38
0.00039810717055349773	3.059469601833895e39	1.7204661902748617e39	9.674892373843571e38	5.440591798581193e38	3.0594696018338936e38	1.720466190274861e38
0.0004466835921509635	3.971439384607363e39	2.2333044864532482e39	1.2558794044656716e39	7.062328885864922e38	3.971439384607363e38	2.2333044864532483e38
0.0005011872336272725	5.1452005566259315e39	2.893358899383148e39	1.6270552777304093e39	9.149604210368697e38	5.14520055662593e38	2.893358899383148e38
0.0005623413251903491	6.665782180517079e39	3.7484447848221874e39	2.1079054076997618e39	1.185362320341787e39	6.6657821805170765e38	3.748444784822189e38
0.0006309573444801936	8.635623354170429e39	4.856167880828925e39	2.730823881452147e39	1.5356551203572533e39	8.635623354170427e38	4.856167880828926e38
0.0007079457843841388	1.1165730782856746e40	6.278951845150336e39	3.530914101408227e39	1.985578914919193e39	1.1165730782856744e39	6.278951845150336e38
0.0007943282347242822	1.446488501747576e40	8.134202609453347e39	4.5741982747667885e39	2.5722607195157648e39	1.446488501747576e39	8.134202609453346e38
0.0008912509381337459	1.877482714183632e40	1.0557861175159969e40	5.937121644415193e39	3.338688853336744e39	1.8774827141836315e39	1.0557861175159967e39
0.001	2.4321201223629166e40	1.3676816526316758e40	7.691039129794235e39	4.3249891363393184e39	2.4321201223629148e39	1.3676816526316757e39
0.0011220184543019641	3.152393235477194e40	1.772720989559337e40	9.968742704615445e39	5.605835982995075e39	3.1523932354771926e39	1.7727209895593376e39
0.0012589254117941688	4.0755430744814574e40	2.2918462933742523e40	1.2887998817486668e40	7.247454334077101e39	4.075543074481458e39	2.2918462933742523e39
0.0014125375446227555	5.303430467719533e40	2.9823381172722763e40	1.677091969032582e40	9.430981203318743e39	5.3034304677195356e39	2.9823381172722753e39
0.001584893192461114	6.8713021048314355e40	3.864017131414145e40	2.1728965142376409e40	1.2219095053178848e40	6.871302104831434e39	3.8640171314141446e39
0.0017782794100389247	8.915464983599023e40	5.013534393565228e40	2.819317574764863e40	1.5854187811257145e40	8.91546498359902e39	5.013534393565229e39
0.0019952623149688807	1.1524730185283273e41	6.480832044853413e40	3.644439680438949e40	2.0494190394743309e40	1.1524730185283278e40	6.480832044853414e39
0.00223872113856834	3.216479053793031e45	5.719798534911888e44	1.0171401044158343e44	1.8087612252658882e43	3.216516995483455e42	5.720473208362579e41
0.002511886431509582	6.360341215317823e45	1.1310463885243087e45	2.0113166133805347e44	3.576684856635987e43	6.360379464001367e42	1.1311144035298393e42
0.002818382931264455	8.853523132022651e45	1.5744037973609418e45	2.7997300010953916e44	4.97870479598962e43	8.853574131271765e42	1.5744944859243894e42
0.0031622776601683824	1.160209810314699e46	2.0631772282514453e45	3.668905784204266e44	6.524343168977033e43	1.1602168348912942e43	2.0633021414467892e42
0.0035481338923357567	1.4831135279066674e46	2.6373902650451256e45	4.690017082307598e44	8.340165749203468e43	1.483123285714402e43	2.6375637809928585e42
0.003981071705534978	1.8682513387094033e46	3.322272910106407e45	5.907929896491299e44	1.0505956953599236e44	1.868264897115673e43	3.322514008578434e42
0.004466835921509635	2.3449320785932667e46	4.1699444635749037e45	7.415326918914698e44	1.3186532751685887e44	2.3449509917424615e43	4.1702807800043566e42
0.005011872336272725	4.855023023775372e46	8.633587506466694e45	1.5352931395829203e45	2.730181064628923e44	4.855040530828791e43	8.633898825740343e42
0.005623413251903496	6.980572093485372e46	1.2413407660180435e46	2.207450789146533e45	3.925465426796152e44	6.980594611780003e43	1.2413808092563505e43
0.006309573444801936	9.193505830158164e46	1.6348622172889026e46	2.907241906472877e45	5.169889973252569e44	9.193536472128362e43	1.6349167064561834e43
0.007079457843841388	1.1751354665503488e47	2.0897192109327813e46	3.716104765772903e45	6.608274728161502e44	1.1751396898115123e44	2.0897943111017233e43
0.00794328234724282	1.483667838765162e47	2.6383759783853897e46	4.691769844970648e45	8.343280675750282e44	1.483673694235964e44	2.6384801031674533e43
0.008912509381337459	1.847970853404584e47	3.2862085318980495e46	5.843797199417784e45	1.0391908327085268e45	1.8479789356853853e44	3.2863522546042586e43
0.01000000000000001	2.2973460143042746e47	4.085323132882504e46	7.264846329054535e45	1.2918932307764093e45	2.2973572038921706e44	4.0855221106581756e43
0.01122018454301964	2.9920293689817668e47	5.32066424714214e46	9.461628141666893e45	1.6825426747537647e45	2.992045644037678e44	5.320953656025152e43
0.012589254117941687	3.683549737635203e47	6.550380690167049e46	1.164840774721776e46	2.071413500162808e45	3.683572151558186e44	6.550779261428979e43
0.014125375446227554	4.617139800461917e47	8.210564690788733e46	1.4600679029894125e46	2.596410281543525e45	4.617171260885713e44	8.211124127871003e43
0.01584893192461114	5.7687844967489505e47	1.025851076201965e47	1.8242499719435647e46	3.244028393252085e45	5.768828541771054e44	1.0259293978665052e44
0.017782794100389247	7.0598207216809335e47	1.2554333924646823e47	2.232511524482413e46	3.9700323350725455e45	7.059881145508495e44	1.255540838774209e44
0.01995262314968881	8.628186444542244e47	1.5343326432845324e47	2.7284723833946835e46	4.851990451496776e45	8.628269249315991e44	1.5344798869488567e44
0.022387211385683423	1.0532511804210559e48	1.8729749058869753e47	3.3306730333275486e46	5.922873014694281e45	1.0532625166652791e45	1.873176486219164e44
0.025118864315095822	1.2843312424964903e48	2.283899829018772e47	4.061412481860979e46	7.222334040163889e45	1.2843467474499498e45	2.2841755354337074e44
0.02818382931264455	1.5645255755872163e48	2.7821636514585007e47	4.947464939805618e46	8.797985758399422e45	1.5645467626336657e45	2.7825403933816932e44
0.031622776601683826	1.8960311196811282e48	3.3716731470265446e47	5.995777754606099e46	1.0662182707712171e46	1.896059923796989e45	3.3721853296696837e44
0.035481338923357565	2.3051682661077157e48	4.0992333271787555e47	7.289583340925465e46	1.2962935848667922e46	2.3052075534332262e45	4.0999319120159986e44
0.039810717055349776	2.7998169227731716e48	4.978856871334943e47	8.853800183613237e46	1.5744557664291878e46	2.7998704573479045e45	4.979808783741183e44
0.04466835921509635	3.426535319283726e48	6.093337323709879e47	1.083565839343572e47	1.9268865421465143e46	3.4266088257022726e45	6.094644347032737e44
0.05011872336272725	4.152967367514017e48	7.385136520203726e47	1.3132839059273708e47	2.3353907887676e46	4.1530673218598786e45	7.386913795251653e44
0.05623413251903497	5.027684533815044e48	8.940628103965552e47	1.5898938734495685e47	2.8272824112733294e46	5.027820299543115e45	8.943042104598145e44
0.06309573444801936	6.295503088003392e48	1.1195163822534082e48	1.9908134746732404e47	3.540232265694899e46	6.295693825458795e45	1.1198555205039757e45
0.07079457843841387	7.600487550392092e48	1.3515790930668549e48	2.4034860076456308e47	4.2740827572601323e46	7.600745915454782e45	1.3520384680668263e45
0.07943282347242822	9.163092527730494e48	1.629453933373889e48	2.8976253740848023e47	5.152805230303833e46	9.16344200889848e45	1.630075301894417e45
0.08912509381337459	1.1030326809169743e49	1.961500380628548e48	3.488097083213701e47	6.202835115468316e46	1.1030798830288612e46	1.9623396044628492e45
0.1000000000000001	1.3632001417592776e50	2.424150744900064e49	4.310817375112017e48	7.665838109816968e47	1.3632007961345774e47	2.42416238149615e46
0.11220184543019641	2.444466007252568e50	4.34694357029567e49	7.730080266478685e48	1.3746242910513854e48	2.4444666684822806e47	4.346955328793198e46
0.12589254117941687	3.4081094523971833e50	6.060570867687974e49	1.0777388410760787e49	1.9165208325758428e48	3.4081102839764976e47	6.060585655475462e46
0.14125375446227553	4.413095131812198e50	7.847716209193067e49	1.395543218172868e49	2.4816658259864403e48	4.413096224162567e47	7.847735634213127e46
0.15848931924611143	5.5465092496437476e50	9.863243198560192e49	1.7539602337609377e49	3.119031443350846e48	5.546510704263313e47	9.863269065729919e46
0.1778279410038923	6.91760486733983e50	1.230143430551884e50	2.1875387395348826e49	3.890055198580031e48	6.917606831206358e47	1.2301469228508342e47
0.19952623149688828	8.685882888869384e50	1.544592670396853e50	2.746717350990932e49	4.884431058544201e48	8.685885814446156e47	1.5445978728819106e47
0.22387211385683423	1.0716835339097944e51	1.9057527630664822e50	3.388960910512565e49	6.026519610010819e48	1.0716839318480014e48	1.905759839507853e47
0.25118864315095824	1.2794230554957392e51	2.275171677159655e50	4.0458909627786747e49	7.194724860792565e48	1.2794235818545957e48	2.2751810372735024e47
0.2818382931264455	1.5861133783687823e51	2.8205527639015896e50	5.015730925622326e49	8.9193713985044e48	1.586114103784192e48	2.8205656637879045e47
0.31622776601683794	1.873161319180891e51	3.3310042071087216e50	5.923456223426507e49	1.0533560721581086e49	1.8731622738134047e48	3.33102118310321e47
0.354813389233576	2.2365430122690368e51	3.97719839042087e50	7.072570043538487e49	1.2577006328452792e49	2.236544284540335e48	3.9772210149014695e47
0.39810717055349776	2.6715356138455317e51	4.750736778005685e50	8.44813744318436e49	1.5023149728052934e49	2.6715373122468207e48	4.750766980239688e47
0.4466835921509635	3.107466328818815e51	5.5259433934648305e50	9.826671420538491e49	1.747456857488805e49	3.107468538655639e48	5.525982690412291e47
0.5011872336272725	3.6724122104651886e51	6.530575023724899e50	1.161318718361239e50	2.0651493133215707e49	3.6724151338012274e48	6.530627008621517e47
0.5623413251903491	4.225492704418629e51	7.51410667956698e50	1.3362181300333849e50	2.3761693786332137e49	4.225496471505808e48	7.51417366863383e47
0.6309573444801942	4.8726302086464664e51	8.664897980559961e50	1.540860980745066e50	2.7400816021417824e49	4.872635075712369e48	8.66498453020165e47
0.7079457843841388	5.538733795769008e51	9.849416276627302e50	1.7515014342114722e50	3.1146592509535935e49	5.538739996237089e48	9.84952653771895e47
0.7943282347242822	6.25680474469455e51	1.11263470626922e51	1.9785754114027516e50	3.518460312743208e49	6.256812596715709e48	1.1126486692779071e48
0.8912509381337459	6.992219847062402e51	1.243412060024462e51	2.2111340925400107e50	3.932014727595952e49	6.992229685824789e48	1.243429555982229e48
1.000000000000002	7.69020012594684e51	1.3675324562472705e51	2.4318548440434784e50	4.3245180115658753e49	7.690212260492604e48	1.3675540347069036e48
1.1220184543019653	8.3852357932231e51	1.491129218316192e51	2.651644428876617e50	4.715365441716375e49	8.38525063247013e48	1.4911556064334585e48
1.2589254117941688	2.5575834242772646e52	4.548097943889109e51	8.087788946952575e50	1.4382348885984916e50	2.557584074032596e49	4.548109498341175e48
1.4125375446227555	7.512131925472479e52	1.3358669529056314e52	2.3755446977794326e51	4.224382239264467e50	7.512132233205887e49	1.3358675001415193e49
1.584893192461114	9.372518255095616e52	1.6666956233784217e52	2.963850510804999e51	5.270554354676654e50	9.372518588564385e49	1.666696216378973e49
1.7782794100389265	1.1095111661096592e53	1.9730208619614478e52	3.5085823754767654e51	6.239239815825186e50	1.109511203823984e50	1.973021532627423e49
1.9952623149688828	1.4468142281774702e53	2.5728399521816637e52	4.5752283133982724e51	8.136034325648233e50	1.4468142671079708e50	2.572840644474659e49
2.2387211385683425	1.6601400758710708e53	2.952192914773911e52	5.2498238760843705e51	9.335653727918117e50	1.660140120810718e50	2.952193713926318e49
2.5118864315095824	1.8524814197324457e53	3.294229566274468e52	5.8580606111515625e51	1.0417268594320178e51	1.8524814725802512e50	3.2942305060560006e49
2.818382931264455	2.035965420762525e53	3.620515387393403e52	6.438287968912148e51	1.1449074962695414e51	2.03596548334702e50	3.620516500320422e49
3.1622776601683857	2.2153828955945644e53	3.939569788707173e52	7.005655841784647e51	1.245801357488031e51	2.2153829699108696e50	3.9395711102585333e49
3.5481338923357604	2.392776966540706e53	4.255026012556059e52	7.56662514982166e51	1.3455573752102293e51	2.392777054836795e50	4.255027582706967e49
3.9810717055349776	2.5702509628555614e53	4.5706243660466447e52	8.127847204148418e51	1.4453583384169496e51	2.570251067743672e50	4.5706262312499824e49
4.4668359215096345	5.118529152174389e53	9.102175001106273e52	1.6186210393004595e52	2.878360470340443e51	5.118529221256259e50	9.102176229574864e49
5.011872336272725	6.4220858829933304e53	1.1420263095342843e53	2.0308418721705755e52	3.611404289936106e51	6.422085954320363e50	1.142026436373669e50
5.623413251903503	7.337999215752135e53	1.3049012916381756e53	2.3204790992809294e52	4.126460207723703e51	7.337999295702728e50	1.3049014338126636e50
6.309573444801943	8.11320047193582e53	1.4427537348908543e53	2.565619260774584e52	4.562387910083529e51	8.113200563780824e50	1.4427538982169322e50
7.0794578438413875	8.81402282444088e53	1.5673795308486933e53	2.787238747728073e52	4.9564892813423675e51	8.814022931025509e50	1.5673797203859286e50
7.943282347242821	9.469402435361557e53	1.6839243376374783e53	2.9944879780378384e52	5.3250363212431886e51	9.469402559619575e50	1.683924558602935e50
8.91250938133746	1.0096049885656255e54	1.795359763462069e53	3.1926513013901483e52	5.6774260800439413e51	1.0096050030825746e51	1.7953600216139745e50
10.000000000000021	1.0703733007579034e54	1.903422801820347e53	3.384817577558851e52	6.019151413502147e51	1.0703733177316987e51	1.903423103661834e50
11.220184543019652	1.1298215520713149e54	2.009138403098405e53	3.5728094547132917e52	6.353453499354847e51	1.1298215719185041e51	2.009138756036863e50
12.589254117941687	1.1883644855769695e54	2.1132440963601516e53	3.7579384656038615e52	6.682664609318493e51	1.1883645087750366e51	2.1132445088865766e50
14.125375446227554	1.2462686067395794e54	2.2162138027862614e53	3.941047374510142e52	7.008283413794703e51	1.2462686338365878e51	2.216214284646747e50
15.848931924611142	1.3039223846469099e54	2.3187383289570804e53	4.123364628552744e52	7.33249443504815e51	1.3039224162773917e51	2.3187388914353676e50
17.782794100389264	1.3615041943535442e54	2.4211348755595937e53	4.305454299184939e52	7.656300749778991e51	1.3615042312488596e51	2.4211355316613074e50
19.95262314968883	1.4190924318087254e54	2.5235428524963474e53	4.487564296169108e52	7.980143210868808e51	1.4190924748100782e51	2.523543617180455e50
22.387211385683422	1.4768987407897563e54	2.626338621538994e53	4.6703638958982427e52	8.305211978813398e51	1.4768987908697575e51	2.626339512101224e50
25.11886431509582	1.535019576504819e54	2.7296937069984687e53	4.854158116527039e52	8.63204946119221e51	1.5350196347847805e51	2.72969474337886e50
28.18382931264455	1.5936546680066977e54	2.8339632829372105e53	5.039578556782724e52	8.961778817106472e51	1.5936547357841427e51	2.833964488209333e50
31.622776601683857	1.6528633507429928e54	2.939252864360288e53	5.226812851831906e52	9.294733714409926e51	1.6528634295137307e51	2.9392542651238002e50
35.481338923357605	1.7127376065862946e54	3.045726020738193e53	5.416151873902626e52	9.631431405313224e51	1.7127376980764476e51	3.0457276476883466e50
39.81071705534978	1.7734482742303566e54	3.1536865510029e53	5.608135862388111e52	9.97283258654286e51	1.7734483804367694e51	3.1536884396491765e50
44.668359215096345	1.835074823869286e54	3.2632757753647928e53	5.803016124117483e52	1.0319384152014614e52	1.835074947096899e51	3.2632779666954018e50
50.11872336272725	1.897687573110458e54	3.3746187381778013e53	6.001015022900777e52	1.0671481526893094e52	1.8976877160192227e51	3.374621279494085e50
56.23413251903502	1.96141214464126e54	3.4879388316810025e53	6.202529812568898e52	1.1029831139696068e52	1.9614123103054363e51	3.48794177765182e50
63.09573444801943	2.0263760225349302e54	3.6034627581777085e53	6.407963633173695e52	1.1395149886319931e52	2.0263762145085327e51	3.603466172003316e50
70.79457843841388	2.092610818583567e54	3.7212467322678006e53	6.617416449996198e52	1.1767615533241664e52	2.092611040965902e51	3.7212506868451846e50
79.43282347242821	2.1602332961287288e54	3.841498391798435e53	6.83125750116292e52	1.2147884689342083e52	2.1602335536573335e51	3.841502971374151e50
89.12509381337459	2.2292237373928863e54	3.964182673052978e53	7.049424433609021e52	1.2535846473814362e52	2.2292240355254673e51	3.964187974680103e50
100.0000000000002	2.299760631784843e54	4.0896169800733845e53	7.272481680431372e52	1.2932504606846774e52	2.2997609768361034e51	4.0896231160447756e50
112.20184543019653	2.3719477746789733e54	4.2179858900383314e53	7.500757471454315e52	1.3338442773274566e52	2.371948173945226e51	4.21799299010253e50
125.89254117941688	2.4459697965742192e54	4.349617727564392e53	7.734835659616059e52	1.3754699227338416e52	2.445970258501948e51	4.349625941923102e50
141.25375446227554	2.5219163163361758e54	4.484671860037117e53	7.974999644694366e52	1.4181777933693395e52	2.521916850686637e51	4.484681362272279e50
158.48931924611142	2.5996934448937485e54	4.622981326456905e53	8.220952523423389e52	1.461915091612223e52	2.5996940629042792e51	4.622992316399176e50
177.82794100389265	4.978633873952623e55	8.853402108178528e54	1.5743822677880406e54	2.7996915705358487e53	4.97863387786425e52	8.853402177738164e51
199.5262314968883	7.520941359863004e55	1.337433516435959e55	2.3783304845830313e54	4.229336131162177e53	7.520941363029582e52	1.3374335220670184e52
223.87211385683423	8.743786913542069e55	1.554889623412493e55	2.7650282022070128e54	4.91699272032885e53	8.743786916845028e52	1.554889629286079e52
251.18864315095823	9.62641464228416e55	1.7118454950876922e55	3.044139597092642e54	5.413330766977462e53	9.626414645908191e52	1.7118455015322358e52
281.8382931264455	1.0346795703222663e56	1.8399493758926556e55	3.271944090675435e54	5.8184308074521915e53	1.0346795707283475e53	1.8399493831139154e52
316.2277660168386	1.0973738886310262e56	1.9514373912676354e55	3.4702009328844e54	6.170986867879022e53	1.097373889091027e53	1.9514373994477384e52
354.81338923357606	1.1542672687907224e56	2.052609717773244e55	3.650113597976891e54	6.490921855850828e53	1.1542672693151294e53	2.0526097270986614e52
398.1071705534977	1.207223395499519e56	2.1467805075350303e55	3.817575574439535e54	6.788716040597093e53	1.2072233960996442e53	2.1467805182069406e52
446.6835921509635	1.2577601814816272e56	2.2366490334966984e55	3.977386923770235e54	7.072905272647199e53	1.2577601821702278e53	2.2366490457419499e52
501.18723362727246	1.3060805571651607e56	2.322576162660235e55	4.1301893683284267e54	7.3446307136605445e53	1.3060805579562954e53	2.3225761767288282e52
562.3413251903502	1.3541450460525793e56	2.4080482536029687e55	4.2821826277882625e54	7.614917197483118e53	1.3541450469631306e53	2.4080482697951197e52
630.9573444801943	1.4018338421426248e56	2.4928522577796634e55	4.432987842308473e54	7.883091005460975e53	1.4018338431916021e53	2.492852276433401e52
707.9457843841387	1.4494930236851078e56	2.577603599016223e55	4.583699407407193e54	8.151098278611898e53	1.4494930248943691e53	2.5776036205202746e52
794.3282347242822	1.4965189079630761e56	2.6612287607669037e55	4.732408310714857e54	8.41554425954685e53	1.496518909356981e53	2.6612287855544184e52
891.2509381337459	1.544629398804459e56	2.7467826560373424e55	4.884547041128998e54	8.686089431420152e53	1.544629400412477e53	2.746782684632407e52
1000.000000000002	1.593314281278395e56	2.8333579801213045e55	5.038502157371998e54	8.95986464483046e53	1.5933142831338348e53	2.833358013116216e52
1122.0184543019652	1.642910481032106e56	2.9215538809599636e55	5.195339111891363e54	9.238764571930258e53	1.642910483173615e53	2.9215539190419914e52
1258.9254117941687	1.6931167274664506e56	3.0108346152500275e55	5.354105203401934e54	9.521095043642926e53	1.6931167299380257e53	3.0108346592015395e52
1412.5375446227554	1.7440022095962424e56	3.1013232203919494e55	5.515019226779793e54	9.807245138394975e53	1.7440022124484897e53	3.1013232711128737e52
1584.893192461114	1.796304422047754e56	3.194331167894658e55	5.68041334480637e54	1.0101362093245949e54	1.7963044253401255e53	3.1943312264422156e52
1778.2794100389265	1.8497103868472397e56	3.2893018954716595e55	5.849297834227425e54	1.040168590371549e54	1.849710390647628e53	3.289301963053187e52
1995.2623149688789	1.9037718258450397e56	3.3854382393194584e55	6.0202551150650415e54	1.0705695716521423e54	1.9037718302305357e53	3.3854383173058404e52
2238.721138568342	1.9583596657179396e56	3.4825106710050166e55	6.192877021633044e54	1.101266569903373e54	1.9583596707766803e53	3.4825107609635665e52
2511.8864315095875	2.0128947379236874e56	3.5794892670347205e55	6.365332062189135e54	1.1319338947203123e54	2.0128947437550455e53	3.579489370732575e52
2818.382931264455	2.0675176083561218e56	3.6766239928433606e55	6.538064745119654e54	1.1626505921148014e54	2.0675176150740942e53	3.676624112307699e52
3162.277660168386	2.106129975031291e56	3.745287569476221e55	6.660167769692775e54	1.18436392161349e54	2.1061299827075138e53	3.7452877059809144e52
3548.133892335753	2.1537373907973603e56	3.8299468566999933e55	6.810715637063525e54	1.2111355389477167e54	2.1537373996028736e53	3.829947013286614e52
3981.0717055349774	2.2020475250156323e56	3.915855773678635e55	6.963485695302225e54	1.2383023239168563e54	2.202047535115341e53	3.9158559532796616e52
4466.835921509644	2.220661092375734e56	3.9489558972646e55	7.022346963582641e54	1.2487695021271815e54	2.2206611038019146e53	3.9489561004540145e52
5011.872336272725	2.2673580794178808e56	4.031996187835164e55	7.170015802555243e54	1.2750291477962516e54	2.267358092506343e53	4.031996420584594e52
5623.413251903502	2.3008307551208583e56	4.09151995783958e55	7.275865697213578e54	1.2938522167105615e54	2.3008307700217854e53	4.0915202228196814e52
6309.57344480193	2.305073684331694e56	4.0990650714964184e55	7.28928301752853e54	1.2962381912494873e54	2.3050737010804167e53	4.0990653693355096e52
7079.457843841388	2.26176763154583e56	4.0220548094999627e55	7.15233725430662e54	1.2718854082320448e54	2.2617676499840805e53	4.0220551373835596e52
7943.282347242838	2.2867025269627816e56	4.066396020615364e55	7.23118831711983e54	1.2859073305034576e54	2.286702547877951e53	4.066396392545511e52
8912.509381337459	2.3174345255477524e56	4.1210461009329544e55	7.328371429787164e54	1.3031892034745317e54	2.3174345493294757e53	4.1210465238384195e52
10000.00000000002	2.2602772544897787e56	4.0194045026801343e55	7.14762426847457e54	1.2710473080495423e54	2.260277280514431e53	4.019404965471158e52
11220.18454301963	2.3901679994681967e56	4.2503865400376406e55	7.558374869734388e54	1.3440902419833162e54	2.390168030345662e53	4.2503870891252177e52
12589.254117941688	2.378575093893605e56	4.229771114757578e55	7.521714883532097e54	1.3375710723018948e54	2.378575128370022e53	4.229771727844566e52
14125.375446227583	2.3971597873194724e56	4.2628198924259016e55	7.580484844514954e54	1.3480220136845533e54	2.3971598263043276e53	4.262820585685499e52
15848.93192461114	2.359432177971631e56	4.1957296615391524e55	7.46117966843008e54	1.3268062200761766e54	2.3594322210244314e53	4.195730427138195e52
17782.794100389263	2.413814699489765e56	4.292436979831039e55	7.633152301529823e54	1.3573877596515509e54	2.4138147489087534e53	4.2924378586386693e52
19952.62314968879	2.5306420435925864e56	4.500188640392565e55	8.002592802155794e54	1.4230846036423446e54	2.5306421017248833e53	4.5001896741471255e52
22387.211385683422	2.4838712748584143e56	4.4170171453703197e55	7.854690645223154e54	1.3967834679029727e54	2.4838713388780713e53	4.41701828381854e52
25118.864315095874	2.5588219150547874e56	4.550300325616737e55	8.091705380643887e54	1.4389313107955057e54	2.5588219890531836e53	4.5503016415148194e52
28183.82931264455	2.476704014973747e56	4.404271754717177e55	7.832025779916943e54	1.392753022399657e54	2.4767040953364932e53	4.404273183791138e52
31622.776601683858	2.7857060683802625e56	4.953763743983431e55	8.809176071009755e54	1.5665176477817692e54	2.785706169798181e53	4.953765547477086e52
35481.33892335753	2.9139218309630877e56	5.1817671946551e55	9.214629913258305e54	1.6386186706123938e54	2.9139219499930496e53	5.181769311340016e52
39810.71705534977	2.71922025766238e56	4.835533395761227e55	8.598929477785167e54	1.5291299301804467e54	2.7192203822922054e53	4.835535612027301e52
44668.35921509644	2.858927530186863e56	5.083971961960054e55	9.04072266535347e54	1.6076931042086234e54	2.8589276772081154e53	5.08397457640809e52
50118.72336272725	2.8812145380460016e56	5.123604489178106e55	9.111200373020344e54	1.620226010822791e54	2.881214704292329e53	5.123607445501563e52
56234.132519035025	3.142975864487911e56	5.589089266393826e55	9.938962369089345e54	1.7674252241095154e54	3.1429760679657465e53	5.589092884797231e52
63095.73444801956	3.322054056894486e56	5.907540328797988e55	1.0505257337544632e55	1.8681282942658876e54	3.3220542982084437e53	5.907544620032994e52
70794.57843841388	3.231114306263982e56	5.745824042732953e55	1.0217680596394341e55	1.8169891156217247e54	3.2311145696106416e53	5.745828725770668e52
79432.82347242838	3.271966436353687e56	5.818470544585119e55	1.0346866375870346e55	1.8399619586084577e54	3.271966735569217e53	5.81847586547109e52
89125.0938133746	3.3028268424140268e56	5.873348969331168e55	1.0444455549780936e55	1.8573160424774882e54	3.3028271813057293e53	5.873354995769742e52
100000.0000000002	3.6234308032691897e56	6.443472391822094e55	1.1458294295405041e55	2.0376049030830293e54	3.623431220421807e53	6.44347980995735e52