0.00001584893192461114	1.1876806987706182e10	1.9002891180329893e7	195479.4412946167
0.00001778279410038923	1.1135763146226118e10	1.7817221033961784e7	183282.65841709028
0.000019952623149688786	1.092911359628228e10	1.7486581754051656e7	179881.4295675671
0.000022387211385683423	1.087395113887341e10	1.739832182219746e7	178973.51497689597
0.000025118864315095822	1.0780869454874691e10	1.7249391127799515e7	177441.49078877317
0.00002818382931264455	1.053692971255846e10	1.6859087540093552e7	173426.50556699702
0.000031622776601683795	1.0261408629284288e10	1.6418253806854872e7	168891.7255138166
0.000035481338923357534	9.938056956107285e9	1.5900891129771668e7	163569.70550627186
0.000039810717055349776	9.661602210488798e9	1.5458563536782075e7	159019.5583772761
0.00004466835921509635	9.455460967892065e9	1.512873754862731e7	155626.69571879404
0.00005011872336272725	9.222971316529366e9	1.4756754106446981e7	151800.16665233666
0.00005623413251903491	8.901461019649895e9	1.4242337631439842e7	146508.45371387433
0.00006309573444801943	8.615221527861784e9	1.3784354444578854e7	141797.26020966787
0.00007079457843841388	8.378685627400951e9	1.340589700384152e7	137904.13424440933
0.00007943282347242822	8.156059496773508e9	1.3049695194837619e7	134239.94809760398
0.00008912509381337459	7.914470984386641e9	1.266315357501863e7	130263.6615861311
0.0001	7.6887572309452095e9	1.2302011569512336e7	126548.65649588141
0.00011220184543019641	7.465334235073177e9	1.1944534776117088e7	122871.35480607183
0.00012589254117941674	7.258558730614369e9	1.1613693968982998e7	119468.05288099551
0.00014125375446227554	7.051021993925698e9	1.1281635190281127e7	116052.22189392947
0.00015848931924611142	6.858979995007947e9	1.0974367992012715e7	112891.41758916959
0.00017782794100389227	6.670126895305092e9	1.067220303248815e7	109783.09912824963
0.0001995262314968881	6.487750612308909e9	1.0380400979694255e7	106781.38208911734
0.00022387211385683424	6.2919601776916e9	1.0067136284306569e7	103558.88257309102
0.0002511886431509582	6.112796489796026e9	9.78047438367365e6	100610.0413865362
0.0002818382931264455	5.9439095863376665e9	9.51025533814027e6	97830.34499472052
0.00031622776601683794	5.781865784309586e9	9.250985254895339e6	95163.27867643368
0.0003548133892335757	5.607344661493213e9	8.971751458389143e6	92290.84910697392
0.00039810717055349773	5.447624994750728e9	8.716199991601171e6	89662.03555035884
0.0004466835921509635	5.295791465273213e9	8.473266344437145e6	87163.01931284847
0.0005011872336272725	5.152602083412409e9	8.244163333459859e6	84806.2764277915
0.0005623413251903491	5.0051037334542055e9	8.008165973526731e6	82378.6125723838
0.0006309573444801936	4.864044944941742e9	7.78247191190679e6	80056.93695732545
0.0007079457843841388	4.716865955034338e9	7.546985528054943e6	77634.52942412347
0.0007943282347242822	4.582674823339229e9	7.332279717342772e6	75425.8880377976
0.0008912509381337459	4.455597845027954e9	7.12895655204473e6	73334.33794799578
0.001	4.334261754122294e9	6.934818806595674e6	71337.27667692665
0.0011220184543019641	4.203190358502045e9	6.725104573603276e6	69179.98278370488
0.0012589254117941688	4.085772934942255e9	6.5372366959076105e6	67247.418553312
0.0014125375446227555	3.978742378180595e9	6.365987805088956e6	65485.81095466379
0.001584893192461114	3.8754966292496467e9	6.200794606799441e6	63786.49721335634
0.0017782794100389247	3.7625494017349424e9	6.020079042775912e6	61927.50759154936
0.0019952623149688807	3.6573806231656513e9	5.851808997065044e6	60196.54285518185
0.00223872113856834	1.6496514817755711e6	2639.4423708409136	27.151485270588342
0.002511886431509582	1.0530198877532126e6	1684.8318204051398	17.331572327746766
0.002818382931264455	951946.0574416324	1523.1136919066125	15.668006025855517
0.0031622776601683824	914451.3060181717	1463.1220896290747	15.050882832111148
0.0035481338923357567	899385.5641499833	1439.0169026399733	14.80291695995958
0.003981071705534978	899519.9323658536	1439.2318917853656	14.805128515960561
0.004466835921509635	909409.9360527741	1455.055897684439	14.967907316451472
0.005011872336272725	556193.6881147586	889.9099009836141	9.154348598643322
0.005623413251903496	487481.24786273873	779.9699965803825	8.023415895572704
0.006309573444801936	465815.38869874744	745.3046219179961	7.666819206839036
0.007079457843841388	458209.1041073448	733.1345665717514	7.541627961094759
0.00794328234724282	457770.9446783749	732.4335114854003	7.534416329175373
0.008912509381337459	460609.18769653904	736.9747003144629	7.581130749980845
0.01000000000000001	466658.48967712454	746.6535834833994	7.680695740184967
0.01122018454301964	474239.33254389215	758.782932070228	7.80546824256477
0.012589254117941687	484157.8853379254	774.652616540681	7.968716930586372
0.014125375446227554	495726.49102911266	793.1623856465804	8.159123710743007
0.01584893192461114	508146.51191614923	813.034419065839	8.363543867303475
0.017782794100389247	518868.7270042858	830.1899632068576	8.540019970437868
0.01995262314968881	532485.1312018157	851.9762099229051	8.764131306736413
0.022387211385683423	549838.3862381396	879.7414179810238	9.049747179980374
0.025118864315095822	568071.7768760156	908.9148430016254	9.349849136548997
0.02818382931264455	584468.3425538178	935.1493480861087	9.619718934144
0.031622776601683826	602340.054367478	963.7440869879657	9.913868047110892
0.035481338923357565	620586.2544935273	992.9380071896444	10.214180834047804
0.039810717055349776	641937.9249507954	1027.1006799212728	10.565606315325208
0.04466835921509635	666381.8646758194	1066.210983481311	10.96792721566762
0.05011872336272725	692025.2489855564	1107.2403983768907	11.389989681022097
0.05623413251903497	716166.5753726645	1145.8665205962634	11.787329892002012
0.06309573444801936	742324.0389496116	1187.7184623193791	12.217853547981157
0.07079457843841387	765804.6283146318	1225.287405303411	12.604318739769957
0.07943282347242822	793124.2870349494	1268.9988592559196	13.05397087510694
0.08912509381337459	824753.1475636162	1319.6050361017863	13.574547827424938
0.1000000000000001	83632.34247064164	133.8117479530267	1.3764982117873512
0.11220184543019641	59872.14709017796	95.7954353442848	0.9854310063649103
0.12589254117941687	54431.577334786285	87.09052373565808	0.8958850924497292
0.14125375446227553	52208.05393967863	83.53288630348587	0.859288294048352
0.15848931924611143	51706.064324608	82.72970291937283	0.8510260860667558
0.1778279410038923	52705.69927243927	84.32911883590282	0.8674789998257225
0.19952623149688828	53952.80636190805	86.32449017905289	0.8880050382918062
0.22387211385683423	54821.37708602966	87.71420333764748	0.90230077619947
0.25118864315095824	55994.44808383517	89.5911169341363	0.9216082603984895
0.2818382931264455	57767.72668252295	92.42836269203679	0.9507945147587734
0.31622776601683794	59657.4613371261	95.45193813940176	0.9818975102742576
0.354813389233576	61480.328264909534	98.36852522385531	1.0118999350813955
0.39810717055349776	63321.76421612982	101.31482274580776	1.042207985999202
0.4466835921509635	65431.96289682319	104.69114063491715	1.0769395817512892
0.5011872336272725	67120.45254014726	107.39272406423571	1.1047303012982512
0.5623413251903491	68063.00967709687	108.90081548335506	1.1202437758128982
0.6309573444801942	68479.7190239227	109.56755043827637	1.127102362500724
0.7079457843841388	68406.96404252948	109.45114246804722	1.1259048939278264
0.7943282347242822	67932.31919634882	108.69171071415819	1.1180927513678938
0.8912509381337459	67096.80725423986	107.35489160678384	1.1043411253788973
1.000000000000002	65923.911964878	105.47825914380479	1.0850365331514684
1.1220184543019653	65133.575779561965	104.21372124729925	1.0720284514254275
1.2589254117941688	23798.39164104737	38.07742662567582	0.39169587470082284
1.4125375446227555	8980.214695452394	14.368343512723833	0.1478046543309009
1.584893192461114	7933.299632229786	12.693279411567659	0.13057356083468516
1.7782794100389265	7355.369440146635	11.768591104234622	0.12106145280997402
1.9952623149688828	6167.593129776749	9.868149007642803	0.10151193501664584
2.2387211385683425	5863.24420689409	9.381190731030545	0.09650267979634099
2.5118864315095824	5708.250788489363	9.133201261582986	0.09395165519305657
2.818382931264455	5606.955969300714	8.971129550881143	0.09228445165244731
3.1622776601683857	5536.0898627277775	8.85774378036445	0.09111807192311927
3.5481338923357604	5485.192426290301	8.776307882064481	0.09028035498047424
3.9810717055349776	5443.311553789411	8.709298486063062	0.08959104096148925
4.4668359215096345	2901.525079990545	4.642440127984875	0.04775597533293023
5.011872336272725	2444.991128955225	3.911985806328362	0.04024191858579402
5.623413251903503	2253.615031475149	3.60578405036024	0.037092074300939235
6.309573444801943	2138.8259727369355	3.422121556379098	0.03520277012245864
7.0794578438413875	2058.325388398626	3.2933206214378012	0.033877817273883115
7.943282347242821	1995.90370367408	3.19344592587853	0.03285042362614149
8.91250938133746	1944.0353061253545	3.110456489800568	0.03199672571018081
10.000000000000021	1898.430433182426	3.0374886930918827	0.03124611865792985
11.220184543019652	1856.852367725064	2.970963788360104	0.030561788516492914
12.589254117941687	1817.6105062356153	2.908176809976984	0.029915909774230066
14.125375446227554	1779.840033370387	2.8477440533926193	0.029294248502747693
15.848931924611142	1742.8658515623217	2.7885853624997163	0.02868569332376334
17.782794100389264	1706.504081987323	2.7304065311797165	0.028087217790030913
19.95262314968883	1670.3696480485935	2.672591436877751	0.02749248395583191
22.387211385683422	1634.3811322613346	2.615009811618136	0.026900151777124456
25.11886431509582	1598.4354552966265	2.5574967284746024	0.02630852467926126
28.18382931264455	1562.6281052478564	2.5002049683965715	0.02571917429333518
31.622776601683857	1526.9038015468655	2.4430460824749862	0.025131190760779885
35.481338923357605	1491.3197120273578	2.3861115392437737	0.024545515002518323
39.81071705534978	1455.9191809989059	2.329470689598251	0.023962860419166288
44.668359215096345	1420.785157494397	2.2732562519910373	0.02338459226239634
50.11872336272725	1385.9734562904043	2.2175575300646484	0.02281162918326948
56.23413251903502	1351.522665387379	2.1624362646198074	0.02224460629868004
63.09573444801943	1317.5110068355325	2.1080176109368525	0.021684811059260862
70.79457843841388	1283.944033989549	2.054310454383279	0.021132334867244248
79.43282347242821	1250.8998452967232	2.001439752474758	0.02058846313889219
89.12509381337459	1218.3107636858358	1.9492972218973392	0.02005208198255993
100.0000000000002	1186.3359593189568	1.8981375349103318	0.019525811167549458
112.20184543019653	1154.8909186224407	1.8478254697959058	0.019008259691533712
125.89254117941688	1124.1293298093667	1.7986069276949872	0.018501957096843165
141.25375446227554	1094.0900626763607	1.7505441002821773	0.018007543138433467
158.48931924611142	1064.743139071173	1.7035890225138761	0.017524524408231303
177.82794100389265	55.7323459625464	0.0891717535400743	0.0009172943419956144
199.5262314968883	36.97806803021924	0.05916490884835083	0.0006086191420121449
223.87211385683423	31.86763787868999	0.05098822060590402	0.0005245069701270449
251.18864315095823	28.999095715440532	0.046398553144704875	0.0004772938580521845
281.8382931264455	27.025854454859488	0.04324136712777519	0.00044481643381205497
316.2277660168386	25.522490204812648	0.04083598432770027	0.0004200726786962523
354.81338923357606	24.29808683402427	0.038876938934438866	0.00039992031896785853
398.1071705534977	23.25928315680928	0.03721485305089486	0.00038282273014226105
446.6835921509635	22.347946229700938	0.035756713967521524	0.0003678231066300922
501.18723362727246	21.531062934549592	0.03444970069527937	0.0003543780880906496
562.3413251903502	20.78092862754317	0.033249485804069084	0.00034203168594895233
630.9573444801943	20.088089549008927	0.03214094327841429	0.0003306283015107661
707.9457843841387	19.44528225500532	0.03111245160800852	0.00032004838631790363
794.3282347242822	18.842119693737388	0.030147391509979832	0.00031012098069377157
891.2509381337459	18.26440222624348	0.029223043561989594	0.0003006123738865087
1000.000000000002	17.71388540660295	0.028342216650564724	0.00029155146042399177
1122.0184543019652	17.189423815668267	0.02750307810506925	0.00028291938794167246
1258.9254117941687	16.68664046080375	0.026698624737286	0.0002746441158586215
1412.5375446227554	16.19675879531835	0.02591481407250938	0.000266581191676332
1584.893192461114	15.721736445182723	0.025154778312292358	0.00025876283580820287
1778.2794100389265	15.258889974902953	0.024414223959844727	0.0002511448817984148
1995.2623149688789	14.80795717375786	0.02369273147801256	0.00024372301394112763
2238.721138568342	14.369270787480854	0.02299083325996939	0.0002365027088724551
2511.8864315095875	13.930777294226731	0.02228924367076278	0.00022928557861502414
2818.382931264455	13.463027866087012	0.021540844585739224	0.000221586927203641
3162.277660168386	12.990602794652013	0.020784964471443224	0.0002138113197433804
3548.133892335753	12.549171919583497	0.020078675071333596	0.00020654584334741746
3981.0717055349774	12.105447496090767	0.019368715993745237	0.0001992426176165523
4466.835921509644	11.611667197419669	0.01857866751587148	0.00019111552613426856
5011.872336272725	11.094268359713826	0.017750829375542128	0.00018259969895732488
5623.413251903502	10.579539253109584	0.016927262804975335	0.00017412781267667508
6309.57344480193	10.048181238848901	0.01607708998215825	0.00016538223249989759
7079.457843841388	9.464991415051925	0.015143986264083089	0.0001557835566064068
7943.282347242838	8.874096074489351	0.014198553719182966	0.00014605805621254435
8912.509381337459	8.330693845752114	0.01332911015320338	0.00013711424124765033
10000.00000000002	7.859755083847635	0.012575608134156214	0.00012936309684020503
11220.18454301963	7.5691596248879645	0.01211065539982075	0.0001245802088115464
12589.254117941688	7.330958465919485	0.011729533545471184	0.00012065967448619395
14125.375446227583	6.905529022762713	0.011048846436420342	0.00011365756441194177
15848.93192461114	6.476139194271992	0.010361822710835192	0.0001065902706638964
17782.794100389263	6.303960036049795	0.010086336057679677	0.00010375638730730979
19952.62314968879	6.1951974980095414	0.00991231599681527	0.00010196627316367663
22387.211385683422	5.895104129806033	0.009432166607689656	0.00009702705978643115
25118.864315095874	5.582286793519307	0.008931658869630899	0.00009187842360939335
28183.82931264455	5.494387151096136	0.008791019441753822	0.00009043169024000674
31622.776601683858	5.426704680989976	0.008682727489583967	0.00008931770973535711
35481.33892335753	5.096003163523024	0.008153605061636846	0.0000838747192130192
39810.71705534977	4.70975409774902	0.0075356065563984345	0.00007751747591890613
44668.35921509644	4.520250141814296	0.0072324002269028775	0.00007439844506595177
50118.72336272725	4.4512886644102405	0.007122061863056385	0.00007326341347978977
56234.132519035025	4.53895790135447	0.007262332642167155	0.00007470635462334145
63095.73444801956	4.611454240721471	0.007378326785154358	0.00007589956622727133
70794.57843841388	4.352899940914454	0.0069646399054631315	0.00007164404114187477
79432.82347242838	4.017199380899576	0.006427519009439323	0.00006611877176754502
89125.0938133746	3.792633274045653	0.006068213238473048	0.0000624226557031052
100000.0000000002	3.9508809299026266	0.006321409487844205	0.00006502724154718976