0.00001584893192461114	5.566074419734273e10	8.905719071574834e7	916115.854118172
0.00001778279410038923	5.218783672799229e10	8.350053876478763e7	858955.5405356375
0.000019952623149688786	5.121937207669116e10	8.19509953227058e7	843015.6562598473
0.000022387211385683423	5.096085281016522e10	8.153736449626431e7	838760.7077844958
0.000025118864315095822	5.052462480647085e10	8.083939969035329e7	831580.865043302
0.00002818382931264455	4.938139939153533e10	7.901023902645653e7	812764.6069684913
0.000031622776601683795	4.809016778753833e10	7.694426846006131e7	791512.3265540196
0.000035481338923357534	4.6574777768561195e10	7.451964442969793e7	766570.6402439099
0.000039810717055349776	4.5279170549050064e10	7.244667287848008e7	745246.3419144459
0.00004466835921509635	4.431308808390808e10	7.09009409342529e7	729345.6658551346
0.00005011872336272725	4.322352360530505e10	6.915763776848805e7	711412.6089525309
0.00005623413251903491	4.171676321002847e10	6.6746821136045545e7	686612.9569468693
0.00006309573444801943	4.037529970488881e10	6.460047952782206e7	664533.9135833413
0.00007079457843841388	3.926677244982214e10	6.282683591971541e7	646288.7498196638
0.00007943282347242822	3.822343343443485e10	6.1157493495095775e7	629116.514216282
0.00008912509381337459	3.7091227076033875e10	5.93459633216542e7	610481.6179348544
0.0001	3.6033417893386566e10	5.765346862941849e7	593071.2189754159
0.00011220184543019641	3.498634436310947e10	5.5978150980975136e7	575837.5172822912
0.00012589254117941674	3.4017289425038017e10	5.4427663080060825e7	559887.9175225176
0.00014125375446227554	3.3044666966465065e10	5.287146714634408e7	543879.6002206331
0.00015848931924611142	3.214466071158763e10	5.143145713854021e7	529066.4673603273
0.00017782794100389227	3.1259599256575634e10	5.001535881052101e7	514499.3097971685
0.0001995262314968881	3.040489145118482e10	4.864782632189569e7	500431.74058930855
0.00022387211385683424	2.9487318124549053e10	4.717970899927847e7	485329.4726629824
0.0002511886431509582	2.864766616996811e10	4.583626587194896e7	471509.7065311161
0.0002818382931264455	2.7856176442012814e10	4.4569882307220474e7	458482.6387366088
0.00031622776601683794	2.709675695975751e10	4.3354811135612026e7	445983.4126185808
0.0003548133892335757	2.6278862420916378e10	4.2046179873466186e7	432521.75009799947
0.00039810717055349773	2.5530335015946304e10	4.0848536025514066e7	420201.7958317798
0.0004466835921509635	2.4818766051865677e10	3.9710025682985075e7	408490.13766599057
0.0005011872336272725	2.4147707949820267e10	3.86363327197124e7	397445.24462362286
0.0005623413251903491	2.3456455836769005e10	3.753032933883038e7	386067.9799267346
0.0006309573444801936	2.279538277628175e10	3.6472612442050785e7	375187.4299057791
0.0007079457843841388	2.2105627346481544e10	3.536900375437046e7	363834.7990019649
0.0007943282347242822	2.1476739610698288e10	3.436278337711727e7	353483.98473385413
0.0008912509381337459	2.088119240760939e10	3.3409907852175023e7	343681.9196969383
0.001	2.0312549916003998e10	3.25000798656064e7	334322.6772111036
0.0011220184543019641	1.969828284651646e10	3.151725255442634e7	324212.5033509576
0.0012589254117941688	1.9148005218544785e10	3.0636808349671632e7	315155.5267254912
0.0014125375446227555	1.864640571900112e10	2.9834249150401797e7	306899.7396249726
0.001584893192461114	1.8162543749478764e10	2.9060069999166023e7	298935.89314974996
0.0017782794100389247	1.763321572848772e10	2.8213145165580355e7	290223.72447411023
0.0019952623149688807	1.7140341466276371e10	2.7424546346042193e7	282111.54537535895
0.00223872113856834	7.731103926915895e6	12369.766283065432	127.2456374670793
0.002511886431509582	4.934985528317156e6	7895.976845307447	81.22454249454549
0.002818382931264455	4.461302271542685e6	7138.083634468295	73.4282266597648
0.0031622776601683824	4.285582840395537e6	6856.932544632854	70.53607422680798
0.0035481338923357567	4.214977129185744e6	6743.963406697185	69.37398032448343
0.003981071705534978	4.215606846827829e6	6744.970954924527	69.38434479811475
0.004466835921509635	4.261956422593292e6	6819.130276149264	70.1472088561274
0.005011872336272725	2.60660585209285e6	4170.569363348561	42.90192272803766
0.005623413251903496	2.2845844902906646e6	3655.335184465063	37.6017982118119
0.006309573444801936	2.183047280332562e6	3492.8756485320982	35.93060518040458
0.007079457843841388	2.1474003710771957e6	3435.840593723512	35.343895477002675
0.00794328234724282	2.1453469336576294e6	3432.5550938522074	35.31009811042716
0.008912509381337459	2.158648380651544e6	3453.837409042469	35.52902559063895
0.01000000000000001	2.1869984793323055e6	3499.197566931688	35.99563765703853
0.01122018454301964	2.222526155756127e6	3556.0418492098015	36.580384916551424
0.012589254117941687	2.269009527124206e6	3630.4152433987274	37.34545110596812
0.014125375446227554	2.3232258836553507e6	3717.1614138485616	38.23779389597124
0.01584893192461114	2.381432403828203e6	3810.291846125125	39.19581047861594
0.017782794100389247	2.431682144509132e6	3890.6914312146114	40.02286704724375
0.01995262314968881	2.4954955239562206e6	3992.7928383299495	41.07316649004436
0.022387211385683423	2.5768216826256244e6	4122.9146922009995	42.41170740224308
0.025118864315095822	2.662272603331463e6	4259.636165330341	43.81813745158029
0.02818382931264455	2.7391152302135676e6	4382.584368341704	45.082884263250534
0.031622776601683826	2.822871140422302e6	4516.593824675681	46.46141626681623
0.035481338923357565	2.908382092889645e6	4653.41134862343	47.86883437424098
0.039810717055349776	3.0084468551391372e6	4813.514968222619	49.51579250348035
0.04466835921509635	3.123003560288776e6	4996.80569646204	51.40127239234131
0.05011872336272725	3.2431814713970283e6	5189.090354235245	53.379271272319116
0.05623413251903497	3.356319976889987e6	5370.111963023978	55.241409123474256
0.06309573444801936	3.478907124303835e6	5566.251398886136	57.25906143618458
0.07079457843841387	3.588949080833235e6	5742.3185293331735	59.07023342909476
0.07943282347242822	3.716982864422065e6	5947.172583075308	61.17753150244795
0.08912509381337459	3.865211754304832e6	6184.338806887728	63.6172192575826
0.1000000000000001	391943.5944106383	627.1097510570214	6.450969097477325
0.11220184543019641	280591.2622122773	448.94601953964366	4.618229733478276
0.12589254117941687	255093.9916280104	408.1503866048168	4.198572142552587
0.14125375446227553	244673.4327151644	391.477492344263	4.027060974915585
0.15848931924611143	242320.85465415101	387.71336744664166	3.988340075818302
0.1778279410038923	247005.6512648522	395.2090420237635	4.065446778401473
0.19952623149688828	252850.2279061554	404.56036464984885	4.161642210189505
0.22387211385683423	256920.79105858167	411.07326569373055	4.228639292116861
0.25118864315095824	262418.39700618706	419.86943520989905	4.319123960277947
0.2818382931264455	270728.88033511123	433.1662085361778	4.455905558203038
0.31622776601683794	279585.1358353982	447.33621733663705	4.601669977794134
0.354813389233576	288128.0152370904	461.0048243793447	4.742276564582881
0.39810717055349776	296757.9185050948	474.8126696081515	4.8843154704102005
0.4466835921509635	306647.3803017901	490.6358084828641	5.047085351972099
0.5011872336272725	314560.4995613863	503.2967992982177	5.177326765625169
0.5623413251903491	318977.8005872796	510.3644809396474	5.250030779209424
0.6309573444801942	320930.71203749714	513.4891392599953	5.282173596683979
0.7079457843841388	320589.7452765988	512.9435924425579	5.276561651319421
0.7943282347242822	318365.31867817097	509.3845098850734	5.239949987164933
0.8912509381337459	314449.6857532873	503.11949720525956	5.175502889787382
1.000000000000002	308952.9032646086	494.3246452233734	5.085031774872644
1.1220184543019653	305248.986859609	488.39837897537427	5.024069303208269
1.2589254117941688	111531.33925740005	178.45014281184	1.8356856272434567
1.4125375446227555	42085.84289684841	67.33734863495744	0.6926876107698566
1.584893192461114	37179.46767405523	59.48714827848837	0.6119339630658795
1.7782794100389265	34470.99353460353	55.15358965536564	0.567355398129278
1.9952623149688828	28904.471030398843	46.24715364863815	0.4757364377300577
2.2387211385683425	27478.137541874235	43.96502006699877	0.4522605259193158
2.5118864315095824	26751.759734856998	42.80281557577117	0.4403051301608836
2.818382931264455	26277.040812068088	42.04326529930893	0.43249176837982467
3.1622776601683857	25944.92627705032	41.511882043280515	0.42702552111165787
3.5481338923357604	25706.39506299764	41.13023210079621	0.4230995544353777
3.9810717055349776	25510.12004283049	40.81619206852876	0.419869079163524
4.4668359215096345	13598.018846875231	21.756830155000365	0.2238087332439013
5.011872336272725	11458.469093117143	18.333550548987418	0.1885940504659805
5.623413251903503	10561.583590275306	16.89853374444048	0.1738322818203975
6.309573444801943	10023.623813569744	16.037798101711594	0.16497804374965738
7.0794578438413875	9646.357226916507	15.43417156306642	0.15876864237987517
7.943282347242821	9353.817537636678	14.966108060218684	0.15395375441578554
8.91250938133746	9110.7359071215	14.577177451394391	0.14995289278931667
10.000000000000021	8897.008331211891	14.23521332993902	0.1464351672616299
11.220184543019652	8702.152418504198	13.923443869606718	0.14322804896893726
12.589254117941687	8518.245143051063	13.629192228881706	0.14020113344418328
14.125375446227554	8341.233541318352	13.345973666109371	0.13728771327618766
15.848931924611142	8167.953763541798	13.068726021666874	0.13443571490806747
17.782794100389264	7997.544060245982	12.796070496393565	0.13163095487231627
19.95262314968883	7828.199767098734	12.525119627357967	0.12884373033923083
22.387211385683422	7659.539320452581	12.25526291272413	0.12606776118245178
25.11886431509582	7491.079638266626	11.9857274212266	0.1232950963922884
28.18382931264455	7323.26822620004	11.717229161920061	0.12053310142953516
31.622776601683857	7155.8460114593845	11.449353618335019	0.11777751223526035
35.481338923357605	6989.080911522099	11.182529458435356	0.11503273844236094
39.81071705534978	6823.176059817061	10.917081695707301	0.11230212340812347
44.668359215096345	6658.520197603241	10.653632316165186	0.10959206539465585
50.11872336272725	6495.374901245775	10.392599841993237	0.10690686966698142
56.23413251903502	6333.921013695496	10.134273621912792	0.1042495127051447
63.09573444801943	6174.525123171953	9.879240197075124	0.1016260281561028
70.79457843841388	6017.213255513128	9.627541208821004	0.09903684437709635
79.43282347242821	5862.351419672575	9.379762271476114	0.09648798548098847
89.12509381337459	5709.622446553154	9.13539591448505	0.09397423120630947
100.0000000000002	5559.772288302104	8.895635661283368	0.0915078591213588
112.20184543019653	5412.40487142857	8.659847794285712	0.08908235028339515
125.89254117941688	5268.240456885107	8.429184731016168	0.08670955941134582
141.25375446227554	5127.461208262425	8.203937933219883	0.08439248472156402
158.48931924611142	4989.9266327272535	7.983882612363599	0.08212881385344792
177.82794100389265	261.1900534672428	0.41790408554758846	0.004298906749628721
199.5262314968883	173.29799058555582	0.27727678493688934	0.0028522981313251787
223.87211385683423	149.3479217078605	0.2389566747325768	0.002458105812798357
251.18864315095823	135.90447754536865	0.21744716407258985	0.0022368412122470913
281.8382931264455	126.65686771567859	0.20265098834508566	0.002084635522225387
316.2277660168386	119.61133998723247	0.19137814397957187	0.0019686737300191157
354.81338923357606	113.87316449222274	0.18219706318755635	0.0018742295464118524
398.1071705534977	109.00480334022501	0.17440768534436	0.00179410156933872
446.6835921509635	104.73381605973157	0.16757410569557052	0.0017238057222956993
501.18723362727246	100.90548642723297	0.16144877828357276	0.001660795543008701
562.3413251903502	97.38997642364747	0.15582396227783585	0.001602934037632898
630.9573444801943	94.14298093402341	0.15062876949443746	0.0015494919917316
707.9457843841387	91.13045977435854	0.1458087356389737	0.0014999091405672204
794.3282347242822	88.30373394923572	0.14128597431877707	0.001453384280345105
891.2509381337459	85.59625674515215	0.13695401079224345	0.0014088221238900904
1000.000000000002	83.01625557934513	0.1328260089269522	0.0013663580856217697
1122.0184543019652	80.55836243646903	0.1288933798983504	0.0013259038137936072
1258.9254117941687	78.20206450801365	0.12512330321282186	0.0012871216896877854
1412.5375446227554	75.90623044269837	0.12144996870831735	0.0012493347355967122
1584.893192461114	73.68003466918039	0.11788805547068866	0.0012126939527271935
1778.2794100389265	71.5109012470786	0.11441744199532575	0.001176992354655856
1995.2623149688789	69.3976013238999	0.11103616211823976	0.0011422097157952132
2238.721138568342	67.3416943149963	0.10774671090399397	0.0011083717024411065
2511.8864315095875	65.2866913006776	0.10445870608108417	0.0010745485678634726
2818.382931264455	63.09458013013423	0.10095132820821472	0.001038468780819946
3162.277660168386	60.88055652254559	0.097408890436073	0.0010020283386815404
3548.133892335753	58.81178744652791	0.09409885991444462	0.0009679786295664454
3981.0717055349774	56.732269638778114	0.09077163142204495	0.0009337520079128387
4466.835921509644	54.41816460006958	0.08706906336011133	0.000895664333293554
5011.872336272725	51.993371102679475	0.08318939376428712	0.0008557548459527828
5623.413251903502	49.581089319934186	0.07932974291189465	0.0008160512879489916
6309.57344480193	47.0908760378975	0.07534540166063604	0.0007750650614673424
7079.457843841388	44.35775259533779	0.07097240415254047	0.0007300807955704711
7943.282347242838	41.588517191201	0.06654162750592159	0.0006845021657102512
8912.509381337459	39.04185860852662	0.06246697377364253	0.0006425869104211292
10000.00000000002	36.83480060159667	0.05893568096255466	0.0006062611145615135
11220.18454301963	35.472922823940905	0.05675667651830545	0.0005838460742764211
12589.254117941688	34.356591322504634	0.0549705461160074	0.0005654724610295084
14125.375446227583	32.36281307603836	0.051780500921661386	0.0005326570201380283
15848.93192461114	30.350474454277293	0.04856075912684367	0.0004995360954749758
17782.794100389263	29.543555549908508	0.04726968887985358	0.00048625508006743846
19952.62314968879	29.03383910723339	0.04645414257157343	0.00047786569683203305
22387.211385683422	27.62744930733311	0.04420391889173297	0.000454718036639228
25118.864315095874	26.161428536466623	0.04185828565834658	0.00043058891493910075
28183.82931264455	25.749486209120704	0.0411991779345931	0.00042380878825365887
31622.776601683858	25.432291810060175	0.040691666896096275	0.00041858811034129487
35481.33892335753	23.882456691205878	0.03821193070592942	0.0003930794948147469
39810.71705534977	22.072297574469946	0.03531567611915191	0.000363286226880009
44668.35921509644	21.184185876891164	0.033894697403025864	0.00034866886561198346
50118.72336272725	20.860997400625514	0.03337759584100084	0.00034334953164969357
56234.132519035025	21.271859930982377	0.03403497588957179	0.00035011188604058217
63095.73444801956	21.611614564102826	0.03457858330256453	0.0003557038810884423
70794.57843841388	20.399897916894687	0.03263983666703152	0.00033576033115546654
79432.82347242838	18.82663474799464	0.030122615596791424	0.0003098661151776942
89125.0938133746	17.774204019607144	0.028438726431371426	0.00029254423977806643
100000.0000000002	18.51583283462465	0.029625332535399444	0.00030475065068949025