0.00001584893192461114	5.872713251707601e-81	1.8571144725454774e-79	5.872695180939913e-78	1.8570573293749883e-76	5.870888665609554e-75	1.8513607165583186e-73
0.00001778279410038923	2.8496661424585963e-81	9.011433334559604e-80	2.8496583274054467e-78	9.011186207102487e-77	2.8488770384976943e-75	8.986541723566634e-74
0.000019952623149688786	1.5098967221666506e-81	4.77471161272226e-80	1.5098930316656552e-78	4.774594911452792e-77	1.5095240726494254e-75	4.762953523078534e-74
0.000022387211385683423	8.203465397465661e-82	2.594163022496591e-80	8.203447527013076e-79	2.5941065122938923e-77	8.201660874851955e-76	2.588467898053908e-74
0.000025118864315095822	4.448712351027252e-82	1.4068061201145802e-80	4.448703713834123e-79	1.4067788073985917e-77	4.4478401638566744e-76	1.4040528811300785e-74
0.00002818382931264455	2.3841645490223865e-82	7.539389105544557e-81	2.38416042354108e-79	7.539258648443503e-78	2.3837479474977674e-76	7.526235698211393e-75
0.000031622776601683795	1.2621993463119931e-82	3.9914242359258647e-81	1.2621973997581058e-79	3.9913626813587556e-78	1.2620027746844583e-76	3.9852167975757515e-75
0.000035481338923357534	6.628871374120322e-83	2.0962329239205768e-81	6.628862262866489e-80	2.0962041119697476e-78	6.627951263950779e-77	2.0933269110944314e-75
0.000039810717055349776	3.4724069567292065e-83	1.0980713723417202e-81	3.472402703005901e-80	1.0980579210388292e-78	3.471977383298154e-77	1.0967144529670453e-75
0.00004466835921509635	1.8720601122172477e-83	5.919973283777982e-82	1.872058068322783e-80	5.91990865080783e-79	1.8718537014119474e-77	5.913452473070372e-76
0.00005011872336272725	9.95532903909739e-84	3.148151183511168e-82	9.955319351984774e-81	3.1481205504450446e-79	9.954350735917871e-78	3.145060251462246e-76
0.00005623413251903491	5.243892841241629e-84	1.658264387680009e-82	5.243888293533494e-81	1.6582500066786822e-79	5.243433562550419e-78	1.6568131650928058e-76
0.00006309573444801943	2.751503494578899e-84	8.701017421394649e-83	2.7515013678658975e-81	8.700950169301746e-80	2.75128871316668e-78	8.69423020600113e-77
0.00007079457843841388	1.483319825866641e-84	4.690668854470653e-83	1.483318804048389e-81	4.690636541944718e-80	1.4832166293320975e-78	4.687407535969709e-77
0.00007943282347242822	7.886653310459155e-85	2.493978618515811e-83	7.88664846838276e-82	2.4939633066121074e-80	7.886164290766721e-79	2.4924330651416277e-77
0.00008912509381337459	4.153752444805386e-85	1.3135317908665943e-83	4.1537501719095867e-82	1.3135246033750865e-80	4.1535228948901314e-79	1.3128062512310707e-77
0.0001	2.179525055133069e-85	6.892263086056246e-84	2.1795239922125066e-82	6.892229473707271e-81	2.1794177053915475e-79	6.8888698936093e-78
0.00011220184543019641	1.1748758527154681e-85	3.715283515709218e-84	1.1748753420565228e-82	3.7152673673199214e-81	1.1748242784036771e-79	3.713653236986866e-78
0.00012589254117941674	6.247813173702232e-86	1.9757319328320176e-84	6.247810753414378e-83	1.9757242792370316e-81	6.247568734098172e-80	1.9749592190723278e-78
0.00014125375446227554	3.291865438834169e-86	1.0409792210776035e-84	3.291864302303711e-83	1.0409756270641151e-81	3.2917506532207737e-80	1.0406163509972273e-78
0.00015848931924611142	1.7281544981032395e-86	5.464904209798993e-85	1.7281539663359887e-83	5.464887393889519e-82	1.728100791263482e-80	5.463206325393441e-79
0.00017782794100389227	9.322490556100576e-87	2.948030288770266e-85	9.322487999452283e-84	2.9480222039588353e-82	9.322232341704195e-81	2.947213946693183e-79
0.0001995262314968881	4.960660061378005e-87	1.568698414321844e-85	4.960658848887027e-84	1.5686945800973092e-82	4.96053760278212e-81	1.5683112522741452e-79
0.00022387211385683424	2.614904447789899e-87	8.269053754963025e-86	2.614903878157235e-84	8.269035741632572e-83	2.614846916144089e-81	8.267234804827697e-80
0.0002511886431509582	1.3731860938399355e-87	4.3423956311603175e-86	1.373185827234826e-84	4.34238720038153e-83	1.3731591672466712e-81	4.341544287791666e-80
0.0002818382931264455	7.413186769926287e-88	2.344255454442724e-86	7.413185487170386e-85	2.3442513980188254e-83	7.41305721382162e-82	2.34384582650961e-80
0.00031622776601683794	3.9456067427557826e-88	1.2477103883497957e-86	3.9456061342665686e-85	1.247708464140666e-83	3.945545286292702e-82	1.247516073194708e-80
0.0003548133892335757	2.0793699042305523e-88	6.575544913211374e-87	2.079369618424876e-85	6.575535875253727e-84	2.07934103825398e-82	6.574632204938202e-81
0.00039810717055349773	1.091352043194859e-88	3.4511581471405975e-87	1.091351909503306e-85	3.4511539194472354e-84	1.0913385405133975e-82	3.450731202411812e-81
0.0004466835921509635	5.880244192971281e-89	1.8594964663206137e-87	5.8802435509721095e-86	1.8594944361429976e-84	5.880179351762465e-83	1.8592914407658456e-81
0.0005011872336272725	3.126009987875579e-89	9.885311462676795e-88	3.126009683696404e-86	9.885301843695346e-85	3.1259792660780126e-83	9.884340040075252e-82
0.0005623413251903491	1.646817371297961e-89	5.207693742575319e-88	1.6468172284794326e-86	5.207689226260453e-85	1.6468029467515462e-83	5.2072376343292633e-82
0.0006309573444801936	8.645741661174567e-90	2.7340235518609944e-88	8.645740992920858e-87	2.734021438658722e-85	8.645674168071736e-84	2.733810134927063e-82
0.0007079457843841388	4.6717644311656334e-90	1.4773416201726077e-88	4.671764109340425e-87	1.4773406024725776e-85	4.671731927043266e-84	1.4772388395497905e-82
0.0007943282347242822	2.4876005944643692e-90	7.866483743389924e-89	2.4876004417359785e-87	7.866478913696804e-86	2.4875851689914e-84	7.865995974331331e-83
0.0008912509381337459	1.310893037642231e-90	4.145407747185103e-89	1.310892965911313e-87	4.145405478855445e-86	1.310885792859145e-84	4.1451786584250685e-83
0.001	6.876912626217428e-91	2.174670707240328e-89	6.876912290840923e-88	2.1746696466871553e-86	6.876878753355061e-85	2.1745635965935532e-83
0.0011220184543019641	3.701923940135714e-91	1.1706511329277049e-89	3.7019237792317936e-88	1.1706506241050318e-86	3.701907688910267e-85	1.1705997440712662e-83
0.0012589254117941688	1.9661158801712075e-91	6.2174043032721644e-90	1.966115804007469e-88	6.2174018947641516e-87	1.9661081876634646e-85	6.217161053385536e-84
0.0014125375446227555	1.0348739749038296e-91	3.2725588416565278e-90	1.0348739391743571e-88	3.2725577117917545e-87	1.0348703662395449e-85	3.2724447292540047e-84
0.001584893192461114	5.4291276935387364e-92	1.7168409171453013e-90	5.4291275264799964e-89	1.7168403888593333e-87	5.429110820657993e-86	1.716787561904131e-84
0.0017782794100389247	2.9267150276101577e-92	9.255085526416472e-91	2.9267149473463853e-89	9.255082988253682e-88	2.9267069209911107e-86	9.254829179004982e-85
0.0019952623149688807	1.556947070981873e-92	4.923498929690496e-91	1.5569470329267612e-89	4.923497726282484e-88	1.5569432274250408e-86	4.9233773884523694e-85
0.00223872113856834	6.7792971489900755e-93	2.1438019890606055e-91	6.779297026239007e-90	2.1438016008877084e-88	6.7792847511545745e-87	2.143762784307758e-85
0.002511886431509582	2.8080759542379907e-93	8.879915846788259e-92	2.808075914741138e-90	8.879914597788214e-89	2.808071965061305e-87	8.879789699558236e-86
0.002818382931264455	1.3891106513210653e-93	4.392753575055336e-92	1.3891106335138494e-90	4.3927530119417824e-89	1.3891088527945204e-87	4.392696701315053e-86
0.0031622776601683824	7.030574390490998e-94	2.223262830903673e-92	7.030574306433324e-91	2.223262565089982e-89	7.030565900675552e-88	2.22323598404176e-86
0.0035481338923357567	3.583842491294465e-94	1.1333105036292592e-92	3.583842451326145e-91	1.1333103772383484e-89	3.583838454498705e-88	1.133297738289637e-86
0.003981071705534978	1.836730752040663e-94	5.808252619460377e-93	1.836730733040811e-91	5.8082520186323954e-90	1.8367288330577106e-88	5.808191936461926e-87
0.004466835921509635	9.697646481703752e-95	3.0666650798728744e-93	9.697646389267501e-92	3.0666647875637865e-90	9.697637145650717e-89	3.0666355569367477e-87
0.005011872336272725	4.222906170653285e-95	1.335400183542274e-93	4.22290613927247e-92	1.3354000843074256e-90	4.2229030011931824e-89	1.3353901608971066e-87
0.005623413251903496	2.021362763272956e-95	6.392110305541827e-94	2.021362749872128e-92	6.392109881770477e-91	2.0213614097902644e-89	6.392067504918994e-88
0.006309573444801936	1.0101565903908187e-95	3.194395617284692e-94	1.0101565841988872e-92	3.1943954214786424e-91	1.0101559650061369e-89	3.1943758409948196e-88
0.007079457843841388	5.2861192054879666e-96	1.671617666386078e-94	5.286119175430785e-93	1.6716175713369295e-91	5.286116169714352e-90	1.6716080664766203e-88
0.00794328234724282	2.7589257456611083e-96	8.724489247400956e-95	2.7589257311677467e-93	8.724488789080695e-92	2.7589242818324888e-90	8.724442957296677e-89
0.008912509381337459	1.4361424422510526e-96	4.5414811599575444e-95	1.436142435319726e-93	4.541480940769772e-92	1.4361417421874347e-90	4.5414590220992895e-89
0.01000000000000001	7.479613139129324e-97	2.3652613527087543e-95	7.479613106142687e-94	2.3652612483958683e-92	7.479609807480888e-91	2.3652508171535853e-89
0.01122018454301964	4.0115540579311356e-97	1.2685647775327862e-95	4.0115540418410274e-94	1.268564726651391e-92	4.011552432830601e-91	1.2685596385323997e-89
0.012589254117941687	2.1268041526026597e-97	6.725545257107207e-96	2.126804144875072e-94	6.725545012739417e-93	2.1268033721165173e-91	6.7255205760498345e-90
0.014125375446227554	1.1185331245433523e-97	3.537112310846821e-96	1.1185331208736691e-94	3.537112194801258e-93	1.1185327539054935e-91	3.53710059028358e-90
0.01584893192461114	5.865400522011965e-98	1.8548025033716329e-96	5.865400504681853e-95	1.8548024485690108e-93	5.86539877167119e-92	1.8547969683229577e-90
0.017782794100389247	3.1531470743584065e-98	9.971126550061945e-97	3.153147065985898e-95	9.971126285299979e-94	3.153146228735239e-92	9.971099809174017e-91
0.01995262314968881	1.6757948247267016e-98	5.299328536111374e-97	1.675794820734561e-95	5.299328409868777e-94	1.6757944215204962e-92	5.299315785639241e-91
0.022387211385683423	8.839595137628092e-99	2.795325422323043e-97	8.839595118761007e-96	2.795325362660092e-94	8.839593232053151e-93	2.795319396377672e-91
0.025118864315095822	4.651333154063778e-99	1.4708806920542088e-97	4.651333145178533e-96	1.4708806639565996e-94	4.651332256654248e-93	1.4708778542010326e-91
0.02818382931264455	2.52244006765146e-99	7.976655873809127e-98	2.5224400633426258e-96	7.976655737551849e-95	2.522439632459336e-93	7.976642111847146e-92
0.031622776601683826	1.3476007038391302e-99	4.261487599986297e-98	1.3476007017820531e-96	4.2614875349358336e-95	1.3476004960744529e-93	4.261481029899454e-92
0.035481338923357565	7.120210375884511e-100	2.251608220456807e-98	7.120210366177263e-97	2.2516081897597825e-95	7.120209395452199e-94	2.2516051200614337e-92
0.039810717055349776	3.742170639252098e-100	1.1833782611735579e-98	3.7421706346974625e-97	1.1833782467705342e-95	3.742170179233915e-94	1.1833768064699424e-92
0.04466835921509635	2.0004940997076477e-100	6.326117800179477e-99	2.000494097534724e-97	6.326117731465554e-96	2.0004938802422372e-94	6.326110860080719e-93
0.05011872336272725	1.0608033092946955e-100	3.3545546065197686e-99	1.0608033082666771e-97	3.3545545740109565e-96	1.0608032054647933e-94	3.354551323132856e-93
0.05623413251903497	5.6024970315178665e-101	1.7716651202536354e-99	5.6024970266748905e-98	1.7716651049387977e-96	5.6024965423772635e-95	1.7716635734564403e-93
0.06309573444801936	2.9598207049886433e-101	9.35977489283342e-100	2.959820702706799e-98	9.35977482067522e-97	2.959820474522531e-95	9.35976760486019e-94
0.07079457843841387	1.6027255211218004e-101	5.068263110508443e-100	1.6027255200199842e-98	5.068263075665924e-97	1.6027254098382734e-95	5.068259591416528e-94
0.07943282347242822	8.6050289557978e-102	2.7211490830505097e-100	8.605028950523247e-99	2.721149066370915e-97	8.605028423068195e-96	2.721147398412528e-94
0.08912509381337459	4.593071353415203e-102	1.452456693174266e-100	4.59307135090516e-99	1.4524566852368068e-97	4.593071099900665e-96	1.4524558914912965e-94
0.1000000000000001	2.1893772202219665e-102	6.923418672912299e-101	2.1893772192578216e-99	6.923418642423389e-98	2.189377122843407e-96	6.923415593533087e-95
0.11220184543019641	1.0672138144584075e-102	3.374826403971383e-101	1.0672138140635267e-99	3.374826391484159e-98	1.0672137745754552e-96	3.3748251427621036e-95
0.12589254117941687	5.451207265080163e-103	1.7238230954792796e-101	5.451207263279064e-100	1.7238230897836965e-98	5.45120708316894e-97	1.72382252022565e-95
0.14125375446227553	2.8417822888221023e-103	8.98650464675906e-102	2.841782287969038e-100	8.986504619782744e-99	2.8417822026624137e-97	8.986501922151198e-96
0.15848931924611143	1.4988451094458387e-103	4.739764405535349e-102	1.4988451090358718e-100	4.739764392571026e-99	1.4988450680390808e-97	4.7397630961389664e-96
0.1778279410038923	8.021123944688893e-104	2.5365021059157457e-102	8.021123942692596e-101	2.5365020996029e-99	8.021123743062874e-98	2.5365014683184286e-96
0.19952623149688828	4.0009359711495624e-104	1.2652070441069006e-102	4.000935970240487e-101	1.2652070412321448e-99	4.000935879332709e-98	1.265206753756564e-96
0.22387211385683423	2.168170131191118e-104	6.856355969182018e-103	2.168170130745886e-101	6.856355955102539e-100	2.168170086222653e-98	6.856354547154559e-97
0.25118864315095824	1.1824157419191432e-104	3.7391268856393945e-103	1.1824157417002332e-101	3.739126878716838e-100	1.1824157198091815e-98	3.7391261864611053e-97
0.2818382931264455	6.3851028994814024e-105	2.0191468256600643e-103	6.385102898417876e-102	2.0191468222968925e-100	6.3851027920650555e-99	2.019146485979795e-97
0.31622776601683794	3.511629043753338e-105	1.110474607570862e-103	3.5116290432280503e-102	1.1104746059097516e-100	3.5116289906991106e-99	1.1104744397986893e-97
0.354813389233576	1.9672190454910912e-105	6.220892840138381e-104	1.9672190452272094e-102	6.220892831793714e-101	1.9672190188390536e-99	6.22089199732706e-98
0.39810717055349776	1.121356666154235e-105	3.5460411344216996e-104	1.1213566660195125e-102	3.546041130161394e-101	1.1213566525472418e-99	3.546040704130823e-98
0.4466835921509635	6.451100625752973e-106	2.040017139211752e-104	6.451100625059476e-103	2.04001713701872e-101	6.451100555709698e-100	2.0400169177154846e-98
0.5011872336272725	3.7805199101321176e-106	1.1955053655528103e-104	3.7805199097687637e-103	1.1955053644037769e-101	3.780519873433117e-100	1.1955052495003906e-98
0.5623413251903491	2.25563583288509e-106	7.132946803752128e-105	2.2556358326913835e-103	7.1329467976266044e-102	2.2556358133207522e-100	7.132946185073484e-99
0.6309573444801942	1.3693089946176138e-106	4.33013524351671e-105	1.3693089945125998e-103	4.3301352401958736e-102	1.369308984011179e-100	4.330134908111837e-99
0.7079457843841388	8.476451230645563e-107	2.68048923640104e-105	8.476451230065262e-104	2.6804892345659605e-102	8.476451172034925e-101	2.6804890510579344e-99
0.7943282347242822	5.327275368720195e-107	1.6846323887975571e-105	5.3272753683947333e-104	1.6846323877683593e-102	5.327275335848629e-101	1.6846322848485414e-99
0.8912509381337459	3.397149635625147e-107	1.0742730400933329e-105	3.397149635439986e-104	1.0742730395078036e-102	3.397149616923931e-101	1.074272980954896e-99
1.000000000000002	2.1977903116575574e-107	6.950023204258479e-106	2.19779031155071e-104	6.950023200879618e-103	2.1977903008658212e-101	6.950022862993801e-100
1.1220184543019653	1.4573681645505823e-107	4.608602789380737e-106	1.4573681644873947e-104	4.608602787382569e-103	1.4573681581686425e-101	4.608602587566115e-100
1.2589254117941688	9.647158219605558e-108	3.0506992921862607e-106	9.647158219237548e-105	3.0506992910225207e-103	9.647158182436824e-102	3.050699174648403e-100
1.4125375446227555	5.972624209436495e-108	1.8887096110027408e-106	5.972624209247041e-105	1.8887096104036263e-103	5.972624190301397e-102	1.8887095504922432e-100
1.584893192461114	3.9566263782140154e-108	1.2511951205427024e-106	3.9566263781024035e-105	1.2511951201897546e-103	3.956626366941202e-102	1.2511950848949404e-100
1.7782794100389265	2.647788428632997e-108	8.373042196699213e-107	2.6477884285660415e-105	8.373042194581861e-104	2.647788421870381e-102	8.373041982846556e-101
1.9952623149688828	1.7479831936468097e-108	5.527608203607874e-107	1.7479831936078117e-105	5.527608202374677e-104	1.7479831897081086e-102	5.527608079055214e-101
2.2387211385683425	1.185676126746745e-108	3.7494371277993584e-107	1.1856761267229246e-105	3.749437127046063e-104	1.1856761243407933e-102	3.74943705171646e-101
2.5118864315095824	8.129894228856777e-109	2.570898289940326e-107	8.1298942287093865e-106	2.5708982894742178e-104	8.1298942139697e-103	2.570898242863236e-101
2.818382931264455	5.62064419477413e-109	1.7774037572862904e-107	5.620644194682231e-106	1.7774037569956794e-104	5.62064418549225e-103	1.777403727934412e-101
3.1622776601683857	3.9123559897748943e-109	1.2371955945074546e-107	3.9123559897172905e-106	1.2371955943252893e-104	3.9123559839567034e-103	1.2371955761087129e-101
3.5481338923357604	2.7396355840908924e-109	8.663488404562549e-108	2.7396355840546233e-106	8.663488403415637e-105	2.7396355804277694e-103	8.663488288724429e-102
3.9810717055349776	1.9288656637171707e-109	6.099608797832076e-108	1.928865663694248e-106	6.099608797107145e-105	1.9288656614018075e-103	6.099608724613851e-102
4.4668359215096345	1.2787533406537163e-109	4.043773122011233e-108	1.2787533406408458e-106	4.0437731216042235e-105	1.2787533393537724e-103	4.043773080903391e-102
5.011872336272725	8.795710469565514e-110	2.781447872319361e-108	8.79571046948714e-107	2.781447872071524e-105	8.795710461649825e-104	2.78144784728777e-102
5.623413251903503	6.169658534849669e-110	1.951017335560808e-108	6.16965853480028e-107	1.9510173354046234e-105	6.169658529861245e-104	1.9510173197860194e-102
6.309573444801943	4.373460547754969e-110	1.3830096587784237e-108	4.3734605477234075e-107	1.383009658678623e-105	4.3734605445674465e-104	1.3830096486985839e-102
7.0794578438413875	3.1205040336956213e-110	9.867900194215141e-109	3.120504033675322e-107	9.867900193573255e-106	3.120504031645495e-104	9.867900129384491e-103
7.943282347242821	2.2396238399155092e-110	7.082312436141562e-109	2.23962383990239e-107	7.082312435726759e-106	2.2396238385906505e-104	7.082312394245889e-103
8.91250938133746	1.6154892025432875e-110	5.108625415443429e-109	1.6154892025347828e-107	5.108625415174407e-106	1.6154892016840577e-104	5.108625388272147e-103
10.000000000000021	1.1703829166130631e-110	3.701075751046611e-109	1.1703829166075302e-107	3.7010757508716285e-106	1.1703829160541766e-104	3.7010757333730574e-103
11.220184543019652	8.500744100279696e-111	2.6881713163112293e-109	8.50074410024367e-108	2.6881713161972676e-106	8.500744096639875e-105	2.6881713048010866e-103
12.589254117941687	6.1948562691655396e-111	1.9589855587929475e-109	6.194856269142022e-108	1.9589855587185635e-106	6.1948562667898106e-105	1.958985551280215e-103
14.125375446227554	4.5284941434820575e-111	1.432035586413223e-109	4.528494143466673e-108	1.4320355863645679e-106	4.528494141928045e-105	1.4320355814989883e-103
15.848931924611142	3.3197758234782755e-111	1.0498052923349542e-109	3.3197758234681905e-108	1.0498052923030617e-106	3.3197758224596644e-105	1.0498052891138138e-103
17.782794100389264	2.437420965707505e-111	7.707801868280986e-110	2.43742096570089e-108	7.707801868071746e-107	2.43742096503923e-105	7.707801847148295e-104
19.95262314968883	1.7935493592444034e-111	5.671701071146646e-110	1.7935493592400578e-108	5.671701071009139e-107	1.7935493588052303e-105	5.671701057258714e-104
22.387211385683422	1.3225107197643493e-111	4.1821461044431857e-110	1.3225107197614885e-108	4.1821461043526725e-107	1.3225107194752546e-105	4.1821460953011493e-104
25.11886431509582	9.770387235737573e-112	3.0896677286761825e-110	9.770387235718716e-109	3.089667728616505e-107	9.770387233831549e-106	3.089667722648782e-104
28.18382931264455	7.226777675710424e-112	2.2853077598899058e-110	7.22677767569797e-109	2.2853077598505244e-107	7.226777674452597e-106	2.2853077559123065e-104
31.622776601683857	5.353168566460819e-112	1.692820536883226e-110	5.353168566452589e-109	1.6928205368572053e-107	5.35316856562972e-106	1.6928205342550633e-104
35.481338923357605	3.970554664149818e-112	1.2555996312916765e-110	3.970554664144373e-109	1.2555996312744628e-107	3.970554663600044e-106	1.2555996295531423e-104
39.81071705534978	2.9485023227874297e-112	9.323983026304227e-111	2.9485023227838273e-109	9.323983026190252e-108	2.9485023224233796e-106	9.323983014791859e-105
44.668359215096345	2.1918468866401305e-112	6.931228444131015e-111	2.1918468866377416e-109	6.931228444055464e-108	2.1918468863988304e-106	6.93122843650043e-105
50.11872336272725	1.6307769455732999e-112	5.156969503703621e-111	1.6307769455717154e-109	5.156969503653505e-108	1.630776945413239e-106	5.156969498642012e-105
56.23413251903502	1.2141965503744662e-112	3.8396266263023825e-111	1.2141965503734146e-109	3.839626626269122e-108	1.2141965502682235e-106	3.839626622942693e-105
63.09573444801943	9.045697066685585e-113	2.8605005754628475e-111	9.045697066678608e-110	2.860500575440757e-108	9.045697065980015e-107	2.8605005732316166e-105
70.79457843841388	6.746591061347683e-113	2.1334594195590117e-111	6.74659106134304e-110	2.1334594195443247e-108	6.746591060878586e-107	2.1334594180756046e-105
79.43282347242821	5.0341362787694456e-113	1.5919336692594916e-111	5.0341362787663554e-110	1.5919336692497223e-108	5.0341362784574465e-107	1.5919336682728488e-105
89.12509381337459	3.7574558872037443e-113	1.1882118811171973e-111	3.757455887201691e-110	1.1882118811106981e-108	3.757455886996172e-107	1.188211880460787e-105
100.0000000000002	2.8051265543198355e-113	8.870589036670327e-112	2.80512655431847e-110	8.870589036627086e-109	2.805126554181715e-107	8.870589032302452e-106
112.20184543019653	2.0970321954282152e-113	6.631398064256233e-112	2.097032195427305e-110	6.631398064227425e-109	2.097032195336182e-107	6.63139806134584e-106
125.89254117941688	1.5680220098556915e-113	4.958520972418805e-112	1.568022009855085e-110	4.9585209723996e-109	1.568022009794355e-107	4.958520970479158e-106
141.25375446227554	1.1724765657663434e-113	3.7076964509937316e-112	1.1724765657659381e-110	3.7076964509809354e-109	1.1724765657254649e-107	3.707696449701048e-106
158.48931924611142	8.766121973968387e-114	2.7720911684590584e-112	8.766121973965692e-111	2.7720911684505303e-109	8.766121973695987e-108	2.772091167597647e-106
177.82794100389265	6.3238109062384586e-114	1.9997645955926546e-112	6.323810906236782e-111	1.9997645955873592e-109	6.323810906069346e-108	1.99976459505789e-106
199.5262314968883	4.551547263083348e-114	1.4393256229248678e-112	4.551547263082299e-111	1.4393256229215517e-109	4.551547262977362e-108	1.439325622589718e-106
223.87211385683423	3.3446297585756246e-114	1.057664796707786e-112	3.3446297585749354e-111	1.0576647967056125e-109	3.3446297585061864e-108	1.0576647964882038e-106
251.18864315095823	2.4741045440019634e-114	7.823805528418357e-113	2.474104544001511e-111	7.823805528403946e-110	2.4741045439559054e-108	7.823805526961816e-107
281.8382931264455	1.8398671292452868e-114	5.818170720490413e-113	1.8398671292449826e-111	5.818170720480783e-110	1.8398671292145294e-108	5.818170719517757e-107
316.2277660168386	1.3711326448451663e-114	4.335902131921397e-113	1.3711326448449624e-111	4.3359021319149533e-110	1.3711326448245869e-108	4.3359021312706107e-107
354.81338923357606	1.0229997536123545e-114	3.235009267206067e-113	1.0229997536122182e-111	3.235009267201753e-110	1.0229997535985792e-108	3.235009266770463e-107
398.1071705534977	7.637305341651439e-115	2.4151280065788714e-113	7.637305341650526e-112	2.4151280065759873e-110	7.637305341559275e-109	2.415128006287393e-107
446.6835921509635	5.713717837011039e-115	1.8068362272485427e-113	5.713717837010432e-112	1.8068362272466098e-110	5.7137178369492895e-109	1.806836227053269e-107
501.18723362727246	4.275906330458312e-115	1.3521603065780767e-113	4.275906330457904e-112	1.3521603065767817e-110	4.275906330416968e-109	1.3521603064473245e-107
562.3413251903502	3.199765566399386e-115	1.0118547168400718e-113	3.199765566399113e-112	1.011854716839206e-110	3.1997655663717234e-109	1.0118547167525885e-107
630.9573444801943	2.393939163038922e-115	7.57030033508011e-114	2.393939163038738e-112	7.570300335074327e-111	2.3939391630204257e-109	7.570300334495266e-108
707.9457843841387	1.793986194884366e-115	5.673082466733271e-114	1.7939861948842434e-112	5.673082466729399e-111	1.7939861948719883e-109	5.673082466341837e-108
794.3282347242822	1.344236619737788e-115	4.250849432577036e-114	1.3442366197377055e-112	4.250849432574445e-111	1.344236619729507e-109	4.250849432315192e-108
891.2509381337459	1.006893800749183e-115	3.1840777722711576e-114	1.006893800749129e-112	3.1840777722694264e-111	1.0068938007436483e-109	3.1840777720961177e-108
1000.000000000002	7.539011140960416e-116	2.3840446510819543e-114	7.539011140960053e-113	2.3840446510807982e-111	7.539011140923443e-110	2.384044650965022e-108
1122.0184543019652	5.654888811849181e-116	1.7882328560446706e-114	5.654888811848941e-113	1.7882328560438968e-111	5.654888811824445e-110	1.788232855966433e-108
1258.9254117941687	4.241256510831386e-116	1.3412030715245733e-114	4.241256510831224e-113	1.3412030715240554e-111	4.241256510814836e-110	1.3412030714722385e-108
1412.5375446227554	3.180117691927641e-116	1.0056415133888978e-114	3.18011769192753e-113	1.0056415133885505e-111	3.180117691916574e-110	1.005641513353905e-108
1584.893192461114	2.3837189833505553e-116	7.537981289168721e-115	2.38371898335048e-113	7.537981289166407e-112	2.3837189833431592e-110	7.537981288934846e-109
1778.2794100389265	1.7889162480319927e-116	5.657049887063794e-115	1.7889162480319436e-113	5.657049887062243e-112	1.7889162480270448e-110	5.657049886907308e-109
1995.2623149688789	1.34279947364099e-116	4.246304777580754e-115	1.342799473640958e-113	4.246304777579717e-112	1.3427994736376796e-110	4.2463047774760377e-109
2238.721138568342	1.0084075359280305e-116	3.1888646232106476e-115	1.0084075359280081e-113	3.1888646232099525e-112	1.0084075359258141e-110	3.1888646231405456e-109
2511.8864315095875	7.581147621209606e-117	2.3973693760989736e-115	7.581147621209464e-114	2.3973693760985117e-112	7.581147621194758e-111	2.397369376051997e-109
2818.382931264455	5.735225566655433e-117	1.8136375685460987e-115	5.735225566655338e-114	1.8136375685457854e-112	5.735225566645418e-111	1.8136375685144198e-109
3162.277660168386	4.353217861452221e-117	1.376608359311631e-115	4.353217861452157e-114	1.376608359311419e-112	4.3532178614454445e-111	1.3766083592901984e-109
3548.133892335753	3.316424477758907e-117	1.0487455037652563e-115	3.316424477758861e-114	1.0487455037651128e-112	3.3164244777543047e-111	1.0487455037507017e-109
3981.0717055349774	2.5372484147146717e-117	8.023483980149829e-116	2.5372484147146403e-114	8.023483980148848e-113	2.537248414711533e-111	8.023483980050588e-110
4466.835921509644	1.9548399158775156e-117	6.181746595184896e-116	1.9548399158774963e-114	6.181746595184223e-113	1.9548399158753616e-111	6.181746595116745e-110
5011.872336272725	1.5151283420910992e-117	4.7912565084826316e-116	1.515128342091084e-114	4.791256508482167e-113	1.515128342089611e-111	4.791256508435555e-110
5623.413251903502	1.1819700337755505e-117	3.7377174327968845e-116	1.1819700337755396e-114	3.73771743279656e-113	1.181970033774515e-111	3.737717432764152e-110
6309.57344480193	9.28664540299412e-118	2.936695129579367e-116	9.286645402994054e-115	2.936695129579141e-113	9.286645402986874e-112	2.936695129556445e-110
7079.457843841388	7.386192258467401e-118	2.3357190772660086e-116	7.386192258467353e-115	2.3357190772658473e-113	7.386192258462264e-112	2.335719077249758e-110
7943.282347242838	5.925367413917461e-118	1.8737657001320874e-116	5.925367413917427e-115	1.8737657001319724e-113	5.92536741391379e-112	1.8737657001204686e-110
8912.509381337459	4.786271781925803e-118	1.5135520331478258e-116	4.786271781925776e-115	1.5135520331477437e-113	4.786271781923157e-112	1.5135520331394625e-110
10000.00000000002	3.878326409669275e-118	1.2264344964138184e-116	3.878326409669255e-115	1.2264344964137589e-113	3.8783264096673676e-112	1.2264344964077782e-110
11220.18454301963	3.0708845449836224e-118	9.710989593558045e-117	3.0708845449836087e-115	9.710989593557619e-114	3.070884544982276e-112	9.710989593515417e-111
12589.254117941688	2.3994608040775304e-118	7.587761297184034e-117	2.3994608040775225e-115	7.587761297183741e-114	2.399460804076593e-112	7.587761297154344e-111
14125.375446227583	1.8460458131955565e-118	5.837709434715673e-117	1.846045813195551e-115	5.837709434715478e-114	1.846045813194913e-112	5.837709434695321e-111
15848.93192461114	1.3989747294609962e-118	4.42394653411461e-117	1.3989747294609926e-115	4.423946534114472e-114	1.3989747294605623e-112	4.423946534100862e-111
17782.794100389263	1.0707614535389194e-118	3.386045023895549e-117	1.0707614535389175e-115	3.3860450238954556e-114	1.0707614535386236e-112	3.38604502388617e-111
19952.62314968879	8.140377283363492e-119	2.5742133228522525e-117	8.140377283363472e-116	2.5742133228521907e-114	8.140377283361482e-113	2.5742133228458985e-111
22387.211385683422	6.151593274167745e-119	1.9453045985342704e-117	6.151593274167728e-116	1.945304598534227e-114	6.151593274166386e-113	1.9453045985299908e-111
25118.864315095874	4.632067227610022e-119	1.4647882714269247e-117	4.6320672276100166e-116	1.4647882714268973e-114	4.6320672276091157e-113	1.4647882714240533e-111
28183.82931264455	3.581990566451186e-119	1.132724874722246e-117	3.5819905664511805e-116	1.1327248747222268e-114	3.581990566450561e-113	1.1327248747202662e-111
31622.776601683858	2.783151841145771e-119	8.801098892111765e-118	2.7831518411457656e-116	8.80109889211163e-115	2.7831518411453363e-113	8.801098892098056e-112
35481.33892335753	2.1638214132298918e-119	6.842604115650853e-118	2.1638214132298874e-116	6.842604115650758e-115	2.163821413229591e-113	6.842604115641353e-112
39810.71705534977	1.6717682993894483e-119	5.286595546136938e-118	1.6717682993894466e-116	5.286595546136871e-115	1.6717682993892424e-113	5.286595546130398e-112
44668.35921509644	1.2248635117022525e-119	3.873358519811423e-118	1.2248635117022503e-116	3.873358519811382e-115	1.2248635117021168e-113	3.873358519807151e-112
50118.72336272725	8.785432667603451e-120	2.778197745967589e-118	8.785432667603448e-117	2.778197745967564e-115	8.785432667602589e-114	2.7781977459648593e-112
56234.132519035025	6.21302241177407e-120	1.9647301974878603e-118	6.2130224117740675e-117	1.9647301974878445e-115	6.213022411773528e-114	1.964730197486141e-112
63095.73444801956	4.377321496836735e-120	1.3842305980821606e-118	4.37732149683673e-117	1.3842305980821511e-115	4.377321496836391e-114	1.384230598081081e-112
70794.57843841388	3.1131818405073235e-120	9.844745386278194e-119	3.1131818405073235e-117	9.844745386278128e-116	3.1131818405071092e-114	9.844745386271347e-113
79432.82347242838	2.2732613363664355e-120	7.188683539716092e-119	2.273261336366435e-117	7.188683539716048e-116	2.273261336366294e-114	7.188683539711637e-113
89125.0938133746	1.7472161436172553e-120	5.525182578446394e-119	1.7472161436172546e-117	5.525182578446364e-116	1.747216143617158e-114	5.525182578443342e-113
100000.0000000002	1.4804909440154659e-120	4.681723438341702e-119	1.4804909440154644e-117	4.6817234383416787e-116	1.4804909440153931e-114	4.6817234383393976e-113