0.00001584893192461114	1.9906223739623098e15	3.184995798339694e12	3.276349863170328e10
0.00001778279410038923	1.7714242912647702e15	2.8342788660236323e12	2.9155734458814125e10
0.000019952623149688786	1.6426348806171588e15	2.6282158089874536e12	2.703599957854556e10
0.000022387211385683423	1.5421116928721128e15	2.4673787085953794e12	2.5381496259775158e10
0.000025118864315095822	1.443101778798058e15	2.3089628460768936e12	2.3751899794508186e10
0.00002818382931264455	1.332990913486829e15	2.1327854615789248e12	2.1939593637324177e10
0.000031622776601683795	1.2267914325490068e15	1.9628662920784111e12	2.019166465093984e10
0.000035481338923357534	1.1223108092207968e15	1.795697294753275e12	1.8472026208094666e10
0.000039810717055349776	1.030642015508169e15	1.6490272248130715e12	1.6963256671160662e10
0.00004466835921509635	9.530114982857429e14	1.5248183972571895e12	1.5685542033736649e10
0.00005011872336272725	8.779385441494882e14	1.4047016706391804e12	1.444992212797561e10
0.00005623413251903491	7.997308953444232e14	1.279569432551077e12	1.3162708526777544e10
0.00006309573444801943	7.305539091782879e14	1.1688862546852603e12	1.2024129898683397e10
0.00007079457843841388	6.707991065385335e14	1.0732785704616531e12	1.1040630255489712e10
0.00007943282347242822	6.164888940792856e14	9.86382230526857e11	1.0146742698075085e10
0.00008912509381337459	5.647490435754029e14	9.035984697206447e11	9.295160527914772e9
0.0001	5.179391043354626e14	8.287025669367404e11	8.524719383326821e9
0.00011220184543019641	4.747542547690074e14	7.596068076304121e11	7.813943307367949e9
0.00012589254117941674	4.3578633056608344e14	6.972581289057332e11	7.172573277570929e9
0.00014125375446227554	3.9966560259072806e14	6.394649641451648e11	6.578065028755731e9
0.00015848931924611142	3.6703178869387044e14	5.872508619101929e11	6.040947627212254e9
0.00017782794100389227	3.3691962652933456e14	5.3907140244693524e11	5.545333895155367e9
0.0001995262314968881	3.093602927018604e14	4.949764683229764e11	5.091736965894584e9
0.00022387211385683424	2.832744475304895e14	4.532391160487832e11	4.662392071675482e9
0.0002511886431509582	2.5982815591879566e14	4.1572504947007294e11	4.27649138393771e9
0.0002818382931264455	2.3848915831437578e14	3.815826533030014e11	3.9252744841584225e9
0.00031622776601683794	2.1899861190109697e14	3.5039777904175525e11	3.60448109858448e9
0.0003548133892335757	2.0053118113178716e14	3.208498898108594e11	3.300527093718654e9
0.00039810717055349773	1.8393191817092116e14	2.9429106907347363e11	3.0273211173269153e9
0.0004466835921509635	1.6878765664813084e14	2.7006025063700934e11	2.7780628962950387e9
0.0005011872336272725	1.5502601579010656e14	2.4804162526417053e11	2.551561121111833e9
0.0005623413251903491	1.4216115572916756e14	2.2745784916666812e11	2.339819391230317e9
0.0006309573444801936	1.3043039121111733e14	2.0868862593778766e11	2.1467436515705898e9
0.0007079457843841388	1.1942332792452183e14	1.910773246792348e11	1.965579254120554e9
0.0007943282347242822	1.0954149363553897e14	1.752663898168623e11	1.8029349131140978e9
0.0008912509381337459	1.0053647659949511e14	1.608583625591922e11	1.6547220389909039e9
0.001	9.232207020471142e13	1.4771531232753827e11	1.5195217638427641e9
0.0011220184543019641	8.451913798784031e13	1.352306207805445e11	1.3910939101449974e9
0.0012589254117941688	7.757034381872111e13	1.2411255010995372e11	1.2767242480584836e9
0.0014125375446227555	7.133410679746903e13	1.1413457087595042e11	1.174082508577744e9
0.001584893192461114	6.561291686002991e13	1.0498066697604788e11	1.0799178889397712e9
0.0017782794100389247	6.01471902194015e13	9.623550435104239e10	9.899579198095909e8
0.0019952623149688807	5.51986280715779e13	8.831780491452463e10	9.085099207918798e8
0.00223872113856834	4.603016496418044e13	7.364826394268869e10	7.576069005087733e8
0.002511886431509582	3.7536915064246984e13	6.005906410279516e10	6.178171618245381e8
0.002818382931264455	3.2911245185650527e13	5.2657992297040855e10	5.41683621520537e8
0.0031622776601683824	2.9441759770089918e13	4.7106815632143875e10	4.84579631254834e8
0.0035481338923357567	2.653108660538037e13	4.244973856860858e10	4.36673088307928e8
0.003981071705534978	2.4097695619610145e13	3.855631299137623e10	3.966220955754455e8
0.004466835921509635	2.2000727584162562e13	3.520116413466009e10	3.6210826198311126e8
0.005011872336272725	1.835337704529698e13	2.936540327247518e10	3.020768035043233e8
0.005623413251903496	1.6060394276859422e13	2.5696630842975067e10	2.6433677868651438e8
0.006309573444801936	1.4384528883276385e13	2.3015246213242207e10	2.3675384068291664e8
0.007079457843841388	1.2992894381967385e13	2.0788631011147804e10	2.138490368005448e8
0.00794328234724282	1.1802178514510596e13	1.8883485623216946e10	1.9425113706604367e8
0.008912509381337459	1.0737165704773307e13	1.7179465127637285e10	1.7672217416931954e8
0.01000000000000001	9.797670105022309e12	1.5676272168035694e10	1.6125908925700465e8
0.01122018454301964	8.94313118280498e12	1.4309009892487967e10	1.4719429968414575e8
0.012589254117941687	8.184721737227864e12	1.3095554779564583e10	1.3471169768114674e8
0.014125375446227554	7.501189100878723e12	1.2001902561405954e10	1.2346148725013831e8
0.01584893192461114	6.876516719757312e12	1.1002426751611696e10	1.1318005317613256e8
0.017782794100389247	6.276109603299281e12	1.0041775365278852e10	1.0329799920354418e8
0.01995262314968881	5.75391553731534e12	9.206264859704546e9	9.470324773780365e7
0.022387211385683423	5.305790921891872e12	8.489265475026994e9	8.7327599590619e7
0.025118864315095822	4.892553054992829e12	7.8280848879885235e9	8.052614972056392e7
0.02818382931264455	4.489940919604387e12	7.183905471367017e9	7.389958793795423e7
0.031622776601683826	4.1266015720260107e12	6.602562515241615e9	6.791941391151005e7
0.035481338923357565	3.7920276290611665e12	6.067244206497869e9	6.24126874394706e7
0.039810717055349776	3.497317196336907e12	5.595707514139051e9	5.756207137807754e7
0.04466835921509635	3.2352003152067764e12	5.17632050433084e9	5.324791004412279e7
0.05011872336272725	2.9940992658136777e12	4.790558825301882e9	4.927964664810281e7
0.05623413251903497	2.7618520554540674e12	4.418963288726506e9	4.545710789923512e7
0.06309573444801936	2.5521297241932505e12	4.0834075587091975e9	4.200530438131107e7
0.07079457843841387	2.3512071186627646e12	3.7619313898604217e9	3.869833486389671e7
0.07943282347242822	2.1728149647045073e12	3.476503943527211e9	3.576219229433238e7
0.08912509381337459	2.0136782822196455e12	3.22188525155143e9	3.3142974030213095e7
0.1000000000000001	1.768180124893278e12	2.829088199829243e9	2.910233897714781e7
0.11220184543019641	1.562801227934738e12	2.5004819646955805e9	2.5722023706156492e7
0.12589254117941687	1.41030900154593e12	2.2564944024734874e9	2.3212166027479682e7
0.14125375446227553	1.2735694570933442e12	2.0377111313493512e9	2.0961580514038242e7
0.15848931924611143	1.1631295541137815e12	1.8610072865820513e9	1.914385875149522e7
0.1778279410038923	1.0811593372076096e12	1.7298549395321753e9	1.7794717334934086e7
0.19952623149688828	9.647822580306615e11	1.5436516128490586e9	1.587927605172074e7
0.22387211385683423	8.83595294422748e11	1.4137524710763962e9	1.4543026140199155e7
0.25118864315095824	8.114597274259113e11	1.2983355638814578e9	1.3355752460614383e7
0.2818382931264455	7.521423955970089e11	1.2034278329552145e9	1.2379453115428124e7
0.31622776601683794	6.965184544071378e11	1.1144295270514205e9	1.146394299914386e7
0.354813389233576	6.422533162439988e11	1.0276053059903978e9	1.057079731605868e7
0.39810717055349776	5.911923441490603e11	9.459077506384962e8	9.730388752762977e6
0.4466835921509635	5.4558532937411005e11	8.72936526998576e8	8.979746448265577e6
0.5011872336272725	4.995744481112607e11	7.993191169780173e8	8.22245693669528e6
0.5623413251903491	4.521562922940439e11	7.234500676704701e8	7.442005202827296e6
0.6309573444801942	4.0570725965872327e11	6.491316154539573e8	6.677504191938895e6
0.7079457843841388	3.6085092616202094e11	5.773614818592334e8	5.939217292140256e6
0.7943282347242822	3.189679813650468e11	5.1034877018407464e8	5.2498691653953735e6
0.8912509381337459	2.805454443652305e11	4.4887271098436874e8	4.617475621101834e6
1.000000000000002	2.4550437046063956e11	3.9280699273702306e8	4.0407373145584054e6
1.1220184543019653	2.133204312429131e11	3.413126899886608e8	3.5110243653243845e6
1.2589254117941688	1.9203964190576065e11	3.0726342704921705e8	3.1607655108830347e6
1.4125375446227555	1.675330212445169e11	2.680528339912271e8	2.757412949892713e6
1.584893192461114	1.5024639170693304e11	2.4039422673109287e8	2.4728936605440066e6
1.7782794100389265	1.3495038504536177e11	2.1592061607257888e8	2.2211378780902107e6
1.9952623149688828	1.1976392570787036e11	1.9162228113259265e8	1.9711851265123575e6
2.2387211385683425	1.0721418254796567e11	1.7154269207674506e8	1.764629881164979e6
2.5118864315095824	9.603093394404942e10	1.53649494310479e8	1.5805656632977366e6
2.818382931264455	8.594549299923451e10	1.3751278879877526e8	1.4145701761989745e6
3.1622776601683857	7.682044613571902e10	1.2291271381715041e8	1.2643817404928461e6
3.5481338923357604	6.855931641048222e10	1.0969490625677152e8	1.1284124496873945e6
3.9810717055349776	6.108461487058662e10	9.773538379293859e7	1.0053869191407374e6
4.4668359215096345	5.26087010816555e10	8.417392173064879e7	865882.5141574254
5.011872336272725	4.5964359651775856e10	7.35429754428414e7	756523.8159965491
5.623413251903503	4.039832135600355e10	6.4637314169605665e7	664912.8251462086
6.309573444801943	3.5558162770870735e10	5.689306043339317e7	585249.0319248089
7.0794578438413875	3.1300538881664574e10	5.008086221066328e7	515173.1318983005
7.943282347242821	2.7537976731706635e10	4.4060762770730585e7	453245.41448474146
8.91250938133746	2.4210593708583847e10	3.8736949933734134e7	398480.27642983274
10.000000000000021	2.126538814837142e10	3.402462103739428e7	350005.36747458373
11.220184543019652	1.866187738251417e10	2.9859003812022675e7	307154.38652986544
12.589254117941687	1.6360581668191265e10	2.6176930669106018e7	269277.53958310717
14.125375446227554	1.4329263826574984e10	2.2926822122519974e7	235844.23741847987
15.848931924611142	1.2538027122742989e10	2.006084339638877e7	206362.4120041295
17.782794100389264	1.096186300200415e10	1.7538980803206638e7	180420.4494859566
19.95262314968883	9.575635600500517e9	1.5321016960800828e7	157604.64063819885
22.387211385683422	8.357984990782769e9	1.337277598525243e7	137563.4240783896
25.11886431509582	7.289605888169287e9	1.1663369421070855e7	119979.05562936902
28.18382931264455	6.353692956436977e9	1.016590873029916e7	104574.93757097053
31.622776601683857	5.5344280778224125e9	8.855084924515855e6	91090.72073477463
35.481338923357605	4.817968128994114e9	7.708749006390583e6	79298.56223191302
39.81071705534978	4.19203939613274e9	6.707263033812385e6	68996.44996245872
44.668359215096345	3.6457201430401464e9	5.833152228864232e6	60004.623920865546
50.11872336272725	3.1692842536056027e9	5.070854805768964e6	52163.00271949621
56.23413251903502	2.754028353218096e9	4.406445365148952e6	45328.33819341045
63.09573444801943	2.39240351310948e9	3.8278456209751675e6	39376.383111892355
70.79457843841388	2.0775829186905925e9	3.3241326699049463e6	34194.775465262675
79.43282347242821	1.8037150691573884e9	2.8859441106518214e6	29687.205857478028
89.12509381337459	1.5654303420483057e9	2.504688547277288e6	25765.296090607266
100.0000000000002	1.3583497686882098e9	2.173359629901136e6	22356.973060242155
112.20184543019653	1.1782052307091358e9	1.8851283691346168e6	19391.988138547535
125.89254117941688	1.0217763436110485e9	1.6348421497776767e6	16817.337267827384
141.25375446227554	8.860515588363678e8	1.4176824941381882e6	14583.453604899323
158.48931924611142	7.683466890004354e8	1.2293547024006967e6	12646.158318632542
177.82794100389265	6.540771634821912e8	1.0465234615715059e6	10765.405096960341
199.5262314968883	5.561839972333599e8	889894.3955733759	9154.189097181057
223.87211385683423	4.777768415379398e8	764442.9464607034	7863.691827611394
251.18864315095823	4.1179926689722276e8	658878.8270355563	6777.772064657315
281.8382931264455	3.5551295154723233e8	568820.7224755714	5851.359983654575
316.2277660168386	3.072462129218964e8	491593.94067503384	5056.941491431848
354.81338923357606	2.6571773096302316e8	425148.3695408368	4373.427440935185
398.1071705534977	2.299204580345775e8	367872.73285532364	3784.2429135477496
446.6835921509635	1.9897888971435726e8	318366.2235429716	3274.978050165139
501.18723362727246	1.7224160865947628e8	275586.573855162	2834.911223470439
562.3413251903502	1.4910803766640097e8	238572.86026624154	2454.1575800411406
630.9573444801943	1.291024772160567e8	206563.9635456908	2124.887618538276
707.9457843841387	1.1178732865148088e8	178859.72584236937	1839.89893674525
794.3282347242822	9.68062085932763e7	154889.93374924202	1593.3258483742145
891.2509381337459	8.382695427280606e7	134123.12683648968	1379.7013122836217
1000.000000000002	7.259262636947776e7	116148.20219116443	1194.7963842051968
1122.0184543019652	6.286139461621978e7	100578.23138595163	1034.63079860594
1258.9254117941687	5.443644516477781e7	87098.3122636445	895.9652116844732
1412.5375446227554	4.713304718125696e7	75412.8754900112	775.7591530317839
1584.893192461114	4.080742488152293e7	65291.8798104367	671.6462282134614
1778.2794100389265	3.532551000361887e7	56520.816005790184	581.4198181466346
1995.2623149688789	3.0572031369625714e7	48915.25019140114	503.18268349077044
2238.721138568342	2.6445275815850902e7	42312.441305361426	435.2607352056478
2511.8864315095875	2.284688381085316e7	36555.014097365056	376.035081423105
2818.382931264455	1.966652738411599e7	31466.443814585567	323.6898426682906
3162.277660168386	1.6900388151266262e7	27040.621042026025	278.16217245016793
3548.133892335753	1.4550222634833189e7	23280.356215733107	239.48098123625417
3981.0717055349774	1.251183370063732e7	20018.933921019718	205.93129650952653
4466.835921509644	1.069479690127303e7	17111.67504203684	176.02482933201364
5011.872336272725	9.103527478746038e6	14565.643965993653	149.8342498280472
5623.413251903502	7.728956799335524e6	12366.330878936835	127.21029806144328
6309.57344480193	6.536384761601516e6	10458.215618562419	107.58184776490022
7079.457843841388	5.496361578932009e6	8794.17852629121	90.46418719399716
7943.282347242838	4.6007215201345375e6	7361.1544322152595	75.72291721495027
8912.509381337459	3.831713680829609e6	6130.741889327375	63.06587707494373
10000.00000000002	3.2024179895240897e6	5123.868783238547	52.70834829866185
11220.18454301963	2.7567795630110116e6	4410.847300817618	45.37362014113933
12589.254117941688	2.3940229816364124e6	3830.436770618259	39.403037818259726
14125.375446227583	2.0131113302976617e6	3220.97812847626	33.13364261268102
15848.93192461114	1.6838840443539273e6	2694.2144709662825	27.714916352176733
17782.794100389263	1.4647671798009626e6	2343.6274876815396	24.10848894240419
19952.62314968879	1.2868045013791446e6	2058.88720220663	21.179415077248336
22387.211385683422	1.0952763504307063e6	1752.442160689129	18.0270681561991
25118.864315095874	926501.8702978096	1482.4029924764955	15.24922213114217
28183.82931264455	808310.6410576665	1293.297025692266	13.303921893317115
31622.776601683858	706527.3311879621	1130.4437299007386	11.628678322629998
35481.33892335753	590968.0764182594	945.5489222692154	9.726697547646763
39810.71705534977	487898.0254938896	780.6368407902235	8.030275606146908
44668.35921509644	418224.22211595706	669.158755385531	6.883519902253832
50118.72336272725	367805.97833318985	588.4895653331034	6.053689954195159
56234.132519035025	334445.16882664984	535.1122701226399	5.504606988527291
63095.73444801956	302594.05438660673	484.15048701857063	4.980371976390161
70794.57843841388	253518.36015620048	405.6293762499205	4.172638946861654
79432.82347242838	207640.28503622665	332.2244560579626	3.4175352812545547
89125.0938133746	174991.9204624157	279.98707273986514	2.880178391252245
100000.0000000002	164837.24669313082	263.7395947090092	2.7130434064870923