0.00001584893192461114	5101.718595483859	8.162749752774172	0.08396878906256854	0.017917135587546675
0.000019952623149688786	7571.462576795637	12.11434012287302	0.12461811291765047	0.026590827981882594
0.000025118864315095822	13123.797665293958	20.99807626447033	0.2160035637466167	0.04609051984967411
0.000031622776601683795	21035.35469184705	33.65656750695529	0.3462192647276925	0.073875752864847
0.000039810717055349776	33069.55553262066	52.911288852193046	0.544289239192771	0.11613963004983688
0.00005011872336272725	53426.99170590271	85.48318672944433	0.8793506958168598	0.18763454638144378
0.00006309573444801943	82992.79217429143	132.78846747886635	1.365971903265224	0.29146905740590595
0.00007943282347242822	132222.17916820355	211.5554866691257	2.1762345500193234	0.46436169841565095
0.0001	208970.21541798493	334.35234466877586	3.4394245018385017	0.7338992955662562
0.00012589254117941674	331160.77685660275	529.8572429705642	5.450549436866993	1.163030149383278
0.00015848931924611142	525733.2744976581	841.1732391962526	8.653003023049035	1.8463649426681192
0.0001995262314968881	836685.9740942166	1338.6975585507466	13.77094929001348	2.938424721291956
0.0002511886431509582	1.3200944059581694e6	2112.151049533071	21.72733102423602	4.636145647243636
0.00031622776601683794	2.100665532866809e6	3361.0648525868946	34.57469041441163	7.377496126457941
0.00039810717055349773	3.313955703963389e6	5302.329126341422	54.544138854527695	11.638547396870745
0.0005011872336272725	5.272677788046396e6	8436.28446087423	86.78259309936868	18.517540916800236
0.0006309573444801936	8.352237561426704e6	13363.580098282717	137.46882758620384	29.332894405417406
0.0007943282347242822	1.317196817527314e7	21075.149080437015	216.79639841904637	46.2596937353883
0.001	2.0948542001422636e7	33517.667202276214	344.79042141660597	73.57086839975106
0.0012589254117941688	3.307292293608255e7	52916.67669773206	544.3446630241108	116.15145630471068
0.001584893192461114	5.2794170242439345e7	84470.67238790292	868.935136631204	185.41208982070367
0.0019952623149688807	8.346886871055798e7	133550.1899368927	1373.8076099007853	293.1410288584059
0.002511886431509582	1.3257492903120844e8	212119.88644993352	2182.0404325438362	465.60054901190705
0.0031622776601683824	2.0977164567374662e8	335634.63307799463	3452.6151800060466	736.7139028966478
0.003981071705534978	3.317943510566125e8	530870.9616905799	5460.977385284845	1165.2552495399966
0.005011872336272725	5.3312573599172646e8	853001.1775867621	8774.674971085933	1872.3271223603097
0.006309573444801936	8.438857499677092e8	1.3502171999483353e6	13889.449840426865	2963.710192866086
0.00794328234724282	1.3363728247291434e9	2.1381965195666286e6	21995.256251092324	4693.315134507903
0.01000000000000001	2.1018361573787565e9	3.3629378518060115e6	34593.957632090416	7381.607336770721
0.012589254117941687	3.309940278751281e9	5.2959044460020475e6	54478.049283666136	11624.445302327409
0.01584893192461114	5.235416786779022e9	8.376666858846439e6	86169.31718123987	18386.681011585886
0.01995262314968881	8.142626116543855e9	1.3028201786470171e7	134018.84913853946	28596.7431245545
0.025118864315095822	1.3012498976549376e10	2.0819998362479e7	214171.70729604602	45699.641039008624
0.031622776601683826	2.044069897580125e10	3.2705118361281987e7	336431.87260659377	71787.3336600453
0.039810717055349776	3.2198135350854042e10	5.1517016561366476e7	529946.602283632	113079.2194728485
0.05011872336272725	5.167105976536114e10	8.267369562457778e7	850449.9487521196	181467.74786593235
0.06309573444801936	8.134168609202489e10	1.301466977472398e8	1.338796476838432e6	285670.4052474782
0.07943282347242822	1.2509173920797412e11	2.0014678273275855e8	2.0588751940027392e6	439319.73320820363
0.1000000000000001	1.983763750997566e11	3.1740220015961045e8	3.265061309044744e6	696693.9362697749
0.12589254117941687	3.166507497539198e11	5.066411996062716e8	5.211730030764142e6	1.112071218953857e6
0.15848931924611143	4.729458051891028e11	7.567132883025641e8	7.784178176566783e6	1.6609763863957124e6
0.19952623149688828	7.174101836783938e11	1.1478562938854299e9	1.1807798344258988e7	2.519530486105428e6
0.25118864315095824	1.051636486950142e12	1.6826183791202269e9	1.7308803041662484e7	3.6933267040986023e6
0.31622776601683794	1.5561760150225422e12	2.4898816240360656e9	2.56129798427785e7	5.465259625242527e6
0.39810717055349776	2.2162177804228794e12	3.545948448676605e9	3.647655585821137e7	7.7833133521944955e6
0.5011872336272725	2.9822241104293247e12	4.771558576686915e9	4.9084194390419155e7	1.0473512550518334e7
0.6309573444801942	3.696890873951986e12	5.915025398323178e9	6.0846838995981075e7	1.2983408198875686e7
0.7943282347242822	4.292901320175633e12	6.868642112281012e9	7.065652851557602e7	1.5076585189475745e7
1.000000000000002	4.564928763440688e12	7.303886021505101e9	7.513380701991636e7	1.6031940231760548e7
1.2589254117941688	4.543921233818271e12	7.270273974109232e9	7.478804572583951e7	1.5958162199993482e7
1.584893192461114	4.444272758807995e12	7.1108364140927925e9	7.314793923585176e7	1.5608198711330688e7
1.9952623149688828	4.27179245782053e12	6.834867932512847e9	7.030909939394328e7	1.5002451279140102e7
2.5118864315095824	4.0339356602166826e12	6.454297056346691e9	6.639423288547383e7	1.4167102873828156e7
3.1622776601683857	3.7447278596893696e12	5.991564575502993e9	6.163418421888837e7	1.3151410753997987e7
3.9810717055349776	3.4181302498200376e12	5.469008399712058e9	5.625873959210449e7	1.2004406357523127e7
5.011872336272725	3.069751687606312e12	4.911602700170103e9	5.05248039668937e7	1.0780907683859833e7
6.309573444801943	2.7143495110100728e12	4.342959217616115e9	4.467526721953086e7	9.532742214321604e6
7.943282347242821	2.3642554331312104e12	3.7828086930099363e9	3.891309605558474e7	8.303218683308857e6
10.000000000000021	2.0316524054518105e12	3.250643848722896e9	3.3438808724741794e7	7.135123377339683e6
12.589254117941687	1.7248285642191594e12	2.7597257027506537e9	2.838881901605068e7	6.057564068262201e6
15.848931924611142	1.4483958969005493e12	2.3174334350408797e9	2.3839035272073314e7	5.086737965552598e6
19.95262314968883	1.2048602008115312e12	1.9277763212984495e9	1.9830700215685297e7	4.231445380207508e6
25.11886431509582	9.940534326262264e11	1.590485492201962e9	1.6361048034872523e7	3.4910961473642583e6
31.622776601683857	8.144899871160973e11	1.303183979385756e9	1.340562726887121e7	2.860472850614802e6
39.81071705534978	6.634803322972178e11	1.0615685316755486e9	1.0920171120207414e7	2.330129906412903e6
50.11872336272725	5.3789637466539996e11	8.606341994646397e8	8.853194541498544e6	1.8890815117598088e6
63.09573444801943	4.343846824086608e11	6.950154918538569e8	7.149503659702409e6	1.52555047994199e6
79.43282347242821	3.4967340525153876e11	5.59477448402462e8	5.755247345933194e6	1.2280461370011673e6
100.0000000000002	2.8072581286443414e11	4.4916130058309484e8	4.62044429218388e6	985903.5456147662
125.89254117941688	2.2488726797871622e11	3.598196287659457e8	3.7014020303821135e6	789799.6717918641
158.48931924611142	1.7994654037520898e11	2.879144646003343e8	2.961726094551838e6	631968.7183974867
199.5262314968883	1.4369239983473773e11	2.2990783973558035e8	2.3650220187170124e6	504644.88829666405
251.18864315095823	1.1463476740176833e11	1.8341562784282923e8	1.8867647093896142e6	402595.0534399397
316.2277660168386	9.138884238444844e10	1.4622214781511742e8	1.504161839824933e6	320955.8209738532
398.1071705534977	7.279268340411919e10	1.1646829344659068e8	1.198089107358755e6	255646.47557932689
501.18723362727246	5.7959936549557396e10	9.273589847929189e7	953958.0819917927	203554.1597145914
630.9573444801943	4.611359490585415e10	7.378175184936659e7	758980.0674216062	161950.0403430286
794.3282347242822	3.6668708175413574e10	5.8669933080661684e7	603527.4122535493	128779.7834989672
1000.000000000002	2.916297318651486e10	4.666075709842378e7	479991.1045865048	102419.78951589315
1258.9254117941687	2.3167724768591576e10	3.706835962974652e7	381315.7777607698	81364.59472721069
1584.893192461114	1.841474390036904e10	2.946359024059045e7	303086.83579296037	64672.21919392596
1995.2623149688789	1.4608236557782913e10	2.3373178492452666e7	240435.82787620195	51303.840108399556
2511.8864315095875	1.1538721118963722e10	1.8461953790341947e7	189914.91230969742	40523.76212564376
3162.277660168386	8.952312035394407e9	1.4323699256631052e7	147345.40662194876	31440.344181699198
3981.0717055349774	6.965727265686279e9	1.114516362509805e7	114648.36260423335	24463.497456651654
5011.872336272725	5.2183280194431095e9	8.349324831108972e6	85888.05449045979	18326.665596064413
6309.57344480193	3.8300043510809e9	6.128006961729442e6	63037.74334972516	13450.900118237878
7943.282347242838	2.6466200634575987e9	4.234592101532159e6	43560.51351675069	9294.877723688673
10000.00000000002	1.8644956858855217e9	2.983193097416834e6	30687.58929486623	6548.072258626485
12589.254117941688	1.4527661895774968e9	2.324425903323994e6	23910.965578903077	5102.086347668271
15848.93192461114	1.0112596632784272e9	1.6180154612454833e6	16644.244045227846	3551.52409174735
19952.62314968879	8.133276064164821e8	1.3013241702663715e6	13386.495735457589	2856.390592409148
25118.864315095874	5.883237574986554e8	941318.0119978483	9683.174908477495	2066.181490646996
31622.776601683858	4.945894809646993e8	791343.1695435192	8140.409750638412	1736.988550968558
39810.71705534977	3.307784877210302e8	529245.5803536482	5444.257369755681	1161.6875574414642
50118.72336272725	2.6503492053225523e8	424055.87285160844	4362.189117229597	930.797439673503
63095.73444801956	2.513296934290222e8	402127.5094864352	4136.6158516432315	882.6649510481756
79432.82347242838	1.6950968904946718e8	271215.50247914746	2789.9467713597705	595.3147013617537
100000.0000000002	1.4778383752227786e8	236454.14003564452	2432.3626729921866	519.0139371619912