0.00001584893192461114	1088.5971421676747	1.7417554274682798	0.017917135587546675
0.000019952623149688786	1615.5874474192779	2.584939915870845	0.026590827981882594
0.000025118864315095822	2800.3364680820537	4.480538348931287	0.04609051984967411
0.000031622776601683795	4488.492764438	7.181588423100803	0.073875752864847
0.000039810717055349776	7056.332679233516	11.29013228677363	0.11613963004983688
0.00005011872336272725	11400.172196315669	18.240275514105083	0.18763454638144378
0.00006309573444801943	17708.878820055903	28.334206112089447	0.29146905740590595
0.00007943282347242822	28213.37235281936	45.14139576451099	0.46436169841565095
0.0001	44589.754421883525	71.3436070750137	0.7338992955662562
0.00012589254117941674	70662.59507203066	113.0601521152491	1.163030149383278
0.00015848931924611142	112180.18584310506	179.48829734896822	1.8463649426681192
0.0001995262314968881	178530.81138128866	285.649298210062	2.938424721291956
0.0002511886431509582	281679.7851198032	450.68765619168545	4.636145647243636
0.00031622776601683794	448236.89369171497	717.1790299067445	7.377496126457941
0.00039810717055349773	707126.9496906976	1131.4031195051164	11.638547396870745
0.0005011872336272725	1.1250761609468788e6	1800.1218575150078	18.517540916800236
0.0006309573444801936	1.7821880548494444e6	2851.5008877591113	29.332894405417406
0.0007943282347242822	2.81061502000895e6	4496.984032014321	46.2596937353883
0.001	4.469968801398651e6	7151.950082237842	73.57086839975106
0.0012589254117941688	7.057051210786468e6	11291.281937258353	116.15145630471068
0.001584893192461114	1.1265141691646446e7	18024.226706634312	185.41208982070367
0.0019952623149688807	1.7810463324793503e7	28496.741319669614	293.1410288584059
0.002511886431509582	2.828864159505217e7	45261.826552083476	465.60054901190705
0.0031622776601683824	4.476076242041192e7	71617.21987265912	736.7139028966478
0.003981071705534978	7.079778619450694e7	113276.45791121117	1165.2552495399966
0.005011872336272725	1.1375757830515714e8	182012.12528825155	1872.3271223603097
0.006309573444801936	1.8006708887159747e8	288107.3421945561	2963.710192866086
0.00794328234724282	2.8515324995747113e8	456245.19993195403	4693.315134507903
0.01000000000000001	4.4848667981268704e8	717578.6877002997	7381.607336770721
0.012589254117941687	7.062701442184479e8	1.1300322307495163e6	11624.445302327409
0.01584893192461114	1.1171254637975156e9	1.7874007420760253e6	18386.681011585886
0.01995262314968881	1.7374614758360322e9	2.779938361337652e6	28596.7431245545
0.025118864315095822	2.7765877190621414e9	4.442540350499428e6	45699.641039008624
0.031622776601683826	4.361606010308876e9	6.978569616494204e6	71787.3336600453
0.039810717055349776	6.870390334170009e9	1.0992624534672014e7	113079.2194728485
0.05011872336272725	1.1025494044916536e10	1.764079047186647e7	181467.74786593235
0.06309573444801936	1.735656825471775e10	2.7770509207548417e7	285670.4052474782
0.07943282347242822	2.669188965677743e10	4.2707023450843915e7	439319.73320820363
0.1000000000000001	4.232925649767171e10	6.772681039627476e7	696693.9362697749
0.12589254117941687	6.756646702397668e10	1.0810634723836271e8	1.112071218953857e6
0.15848931924611143	1.0091647398678558e11	1.6146635837885693e8	1.6609763863957124e6
0.19952623149688828	1.5307992024601608e11	2.449278723936258e8	2.519530486105428e6
0.25118864315095824	2.243966327947968e11	3.5903461247167486e8	3.6933267040986023e6
0.31622776601683794	3.3205452848046625e11	5.312872455687462e8	5.465259625242527e6
0.39810717055349776	4.728932607778847e11	7.566292172446164e8	7.7833133521944955e6
0.5011872336272725	6.363425546032097e11	1.0181480873651356e9	1.0473512550518334e7
0.6309573444801942	7.888370879280547e11	1.2621393406848876e9	1.2983408198875686e7
0.7943282347242822	9.160129123718966e11	1.4656206597950351e9	1.5076585189475745e7
1.000000000000002	9.740577244851433e11	1.55849235917623e9	1.6031940231760548e7
1.2589254117941688	9.695751689927239e11	1.551320270388359e9	1.5958162199993482e7
1.584893192461114	9.48312325288726e11	1.5172997204619615e9	1.5608198711330688e7
1.9952623149688828	9.115087346513696e11	1.4584139754421926e9	1.5002451279140102e7
2.5118864315095824	8.607552041948069e11	1.3772083267116911e9	1.4167102873828156e7
3.1622776601683857	7.990444729472378e11	1.2784711567155807e9	1.3151410753997987e7
3.9810717055349776	7.293555596745074e11	1.1669688954792128e9	1.2004406357523127e7
5.011872336272725	6.550190591168215e11	1.0480304945869147e9	1.0780907683859833e7
6.309573444801943	5.791838701463203e11	9.266941922341132e8	9.532742214321604e6
7.943282347242821	5.044813154020968e11	8.071701046433551e8	8.303218683308857e6
10.000000000000021	4.3351097499002e11	6.93617559984032e8	7.135123377339683e6
12.589254117941687	3.680413591216648e11	5.888661745946637e8	6.057564068262201e6
15.848931924611142	3.0905656683790186e11	4.9449050694064313e8	5.086737965552598e6
19.95262314968883	2.5709128145093375e11	4.11346050321494e8	4.231445380207508e6
25.11886431509582	2.1210964612528693e11	3.393754338004591e8	3.4910961473642583e6
31.622776601683857	1.7379466462216302e11	2.7807146339546096e8	2.860472850614802e6
39.81071705534978	1.4157244859851178e11	2.2651591775761896e8	2.330129906412903e6
50.11872336272725	1.1477553010498257e11	1.836408481679722e8	1.8890815117598088e6
63.09573444801943	9.268835883854414e10	1.4830137414167058e8	1.52555047994199e6
79.43282347242821	7.461279224334833e10	1.1938046758935745e8	1.2280461370011673e6
100.0000000000002	5.990085730864131e10	9.584137169382611e7	985903.5456147662
125.89254117941688	4.798611147393321e10	7.677777835829316e7	789799.6717918641
158.48931924611142	3.839672571686286e10	6.143476114698058e7	631968.7183974867
199.5262314968883	3.066087101506913e10	4.905739362411066e7	504644.88829666405
251.18864315095823	2.4460596532527016e10	3.913695445204326e7	402595.0534399397
316.2277660168386	1.9500415552866688e10	3.1200664884586696e7	320955.8209738532
398.1071705534977	1.5532394749209986e10	2.4851831598736e7	255646.47557932689
501.18723362727246	1.236740523946595e10	1.9787848383145534e7	203554.1597145914
630.9573444801943	9.839650441329302e9	1.5743440706126887e7	161950.0403430286
794.3282347242822	7.824314528455444e9	1.2518903245528717e7	128779.7834989672
1000.000000000002	6.222751936191742e9	9.956403097906793e6	102419.78951589315
1258.9254117941687	4.943494726647911e9	7.909591562636659e6	81364.59472721069
1584.893192461114	3.929310723142721e9	6.286897157028359e6	64672.21919392596
1995.2623149688789	3.1170838358252482e9	4.987334137320402e6	51303.840108399556
2511.8864315095875	2.462115187123994e9	3.9393842993983924e6	40523.76212564376
3162.277660168386	1.91023105550167e9	3.056369688802673e6	31440.344181699198
3981.0717055349774	1.4863365457393205e9	2.378138473182912e6	24463.497456651654
5011.872336272725	1.1134790879857426e9	1.7815665407771897e6	18326.665596064413
6309.57344480193	8.172406441169065e8	1.3075850305870504e6	13450.900118237878
7943.282347242838	5.64731861148512e8	903570.9778376195	9294.877723688673
10000.00000000002	3.978433222552994e8	636549.3156084793	6548.072258626485
12589.254117941688	3.09989093403121e8	495982.5494449937	5102.086347668271
15848.93192461114	2.1578108608515555e8	345249.737736249	3551.52409174735
19952.62314968879	1.7354663755363125e8	277674.6200858101	2856.390592409148
25118.864315095874	1.2553565021193469e8	200857.04033909552	2066.181490646996
31622.776601683858	1.0553476940123181e8	168855.63104197092	1736.988550968558
39810.71705534977	7.058102278365815e7	112929.63645385306	1161.6875574414642
50118.72336272725	5.6552757990503445e7	90484.41278480554	930.797439673503
63095.73444801956	5.362835697188483e7	85805.37115501573	882.6649510481756
79432.82347242838	3.6169725870871976e7	57871.56139339517	595.3147013617537
100000.0000000002	3.1533895916512385e7	50454.23346641982	519.0139371619912