0.00001584893192461114	2.9754411610355496e7	47607.05857656878	489.7255435457476	104.49690965360874
0.000019952623149688786	6.0926493970881745e7	97482.39035341081	1002.7844195662888	213.97265116042746
0.000025118864315095822	1.1796738375008863e8	188747.81400014175	1941.6159823363994	414.29913665358197
0.000031622776601683795	2.3745463669965243e8	379927.4187194439	3908.2473734659065	833.9360241087155
0.000039810717055349776	4.7386860001779985e8	758189.7600284796	7799.366384788917	1664.2172237245081
0.00005011872336272725	9.586725167234992e8	1.5338760267575993e6	15778.71629534726	3366.8390650544065
0.00006309573444801943	1.8956260544703352e9	3.033001687152536e6	31199.961607100813	6657.401502171622
0.00007943282347242822	3.873513693833459e9	6.197621910133533e6	63753.86023376396	13603.704076126249
0.0001	7.599117277485166e9	1.215858764397626e7	125073.27948266699	26687.95074798849
0.00012589254117941674	1.5126586713136595e10	2.4202538741018552e7	248967.31271622685	53124.27568152567
0.00015848931924611142	3.017493455596716e10	4.827989528954746e7	496646.89795900264	105973.77798595239
0.0001995262314968881	6.019040291026642e10	9.630464465642627e7	990669.1541233137	211387.51380112648
0.0002511886431509582	1.210797754182722e11	1.9372764066923544e8	1.9928425944229895e6	425229.79511243146
0.00031622776601683794	2.4148082139371753e11	3.86369314229948e8	3.9745140338031054e6	848075.9057415298
0.00039810717055349773	4.774755829133148e11	7.639609326613036e8	7.858733435369456e6	1.6768848768675318e6
0.0005011872336272725	9.520335531654825e11	1.523253685064772e9	1.5669446111160554e7	3.343523155326442e6
0.0006309573444801936	1.9141180199489856e12	3.0625888319183755e9	3.150431942683699e7	6.7223449220330175e6
0.0007943282347242822	3.7827065922368457e12	6.052330547578952e9	6.225927322026247e7	1.3284791317382772e7
0.001	7.537146701100426e12	1.205943472176068e10	1.2405331059195985e8	2.6470311299880423e7
0.0012589254117941688	1.5012655273440174e13	2.4020248437504272e10	2.4709212402276725e8	5.272415070118429e7
0.001584893192461114	3.0144172532972703e13	4.8230676052756294e10	4.9614058821815413e8	1.0586574236489181e8
0.0019952623149688807	5.998131022632309e13	9.597009636211693e10	9.872277139215536e8	2.106531843985026e8
0.002511886431509582	1.1937190984123964e14	1.9099505574598352e11	1.964732967892038e9	4.1923180472227496e8
0.0031622776601683824	2.3604161923964125e14	3.77666590783426e11	3.884990629131472e9	8.289735345192268e8
0.003981071705534978	4.723836239942599e14	7.558137983908154e11	7.774925280061183e9	1.6590020170720716e9
0.005011872336272725	9.282722344165004e14	1.4852355750664011e12	1.5278360416303154e10	3.260073870189214e9
0.006309573444801936	1.853212318509821e15	2.9651397096157124e12	3.0501877229931e10	6.508445293835934e9
0.00794328234724282	3.6583443186697565e15	5.85335090987161e12	6.021240424443528e10	1.2848033453189796e10
0.01000000000000001	7.389189291427523e15	1.1822702866284033e13	1.2161809110845757e11	2.5950687780731747e10
0.012589254117941687	1.6188069858978718e16	2.590091177436596e13	2.6643818114977588e11	5.685218365841501e10
0.01584893192461114	3.3671825791489748e16	5.3874921266383586e13	5.54201958481209e11	1.1825479137960066e11
0.01995262314968881	6.540723655974008e16	1.046515784955842e14	1.0765326128948214e12	2.2970893119918475e11
0.025118864315095822	1.2622507904439866e17	2.0196012647103784e14	2.0775287461106863e12	4.433000004722512e11
0.031622776601683826	2.4164824009742365e17	3.8663718415587775e14	3.9772695652095347e12	8.486638769434008e11
0.039810717055349776	5.1510057161955725e17	8.241609145912915e14	8.478000194408786e12	1.8090230988240322e12
0.05011872336272725	9.725316566051438e17	1.55605065056823e15	1.6006822799367402e13	3.415512092337017e12
0.06309573444801936	1.9114604223218844e18	3.058336675715015e15	3.146057823445513e13	6.713011491321247e12
0.07943282347242822	3.692618277683264e18	5.908189244293221e15	6.077651666672609e13	1.2968402924628426e13
0.1000000000000001	7.095417477090897e18	1.1352667963345432e16	1.1678292369401088e14	2.4918966933970742e13
0.12589254117941687	1.3595254470220874e19	2.1752407152353396e16	2.2376323458382528e14	4.774626689637024e13
0.15848931924611143	2.6523983492568666e19	4.243837358810984e16	4.365561787273209e14	9.315170950018466e13
0.19952623149688828	5.208717452374893e19	8.333947923799832e16	8.572987491551476e14	1.829291347312552e14
0.25118864315095824	8.482194562201628e19	1.357151129952261e17	1.3960777974145082e15	2.978930084176935e14
0.31622776601683794	1.5904196003093977e20	2.5446713604950368e17	2.6176592346267715e15	5.585522424749237e14
0.39810717055349776	2.6799912485537068e20	4.287985997685931e17	4.410976725343924e15	9.412076670846084e14
0.5011872336272725	4.185572094054884e20	6.696915350487812e17	6.889000514120572e15	1.4699647053645545e15
0.6309573444801942	5.6185342155420716e20	8.989654744867311e17	9.247501710566836e15	1.9732181902829922e15
0.7943282347242822	6.854689394744012e20	1.0967503031590415e18	1.128207989335594e16	2.407353463298941e15
1.000000000000002	7.535308502452666e20	1.2056493603924262e18	1.2402305582356746e16	2.646385558230361e15
1.2589254117941688	7.646311032636834e20	1.223409765221893e18	1.258500378234561e16	2.6853694289916975e15
1.584893192461114	7.474799175349345e20	1.1959678680558945e18	1.2302713752098718e16	2.6251348012995265e15
1.9952623149688828	7.03957619790196e20	1.1263321916643135e18	1.158638364285254e16	2.47228534573286e15
2.5118864315095824	6.386573644068752e20	1.021851783051e18	1.0511611824809154e16	2.242952130325784e15
3.1622776601683857	5.5835690439076295e20	8.933710470252205e17	9.189952806867832e15	1.960938490623142e15
3.9810717055349776	4.707603685428225e20	7.532165896685158e17	7.74820824499832e15	1.6533011757825555e15
5.011872336272725	3.8322783688691076e20	6.131645390190572e17	6.307517123141028e15	1.3458886424083105e15
6.309573444801943	3.017549917556497e20	4.828079868090395e17	4.966561909889924e15	1.0597576091889938e15
7.943282347242821	2.3034371112908095e20	3.685499378065296e17	3.791209203269006e15	8.089625930547834e14
10.000000000000021	1.7090963239761707e20	2.734554118361872e17	2.8129883299052395e15	6.002312749269616e14
12.589254117941687	1.2361812189971851e20	1.9778899503954963e17	2.0346210414853105e15	4.3414441814093525e14
15.848931924611142	8.74214373743819e19	1.3987429979901096e17	1.4388626297291512e15	3.0702237243770694e14
19.95262314968883	6.062586845522414e19	9.700138952835864e16	9.978364476155379e14	2.129168602491291e14
25.11886431509582	4.1344594186299965e19	6.615135069807992e16	6.804874559682881e14	1.452014034062522e14
31.622776601683857	2.7798576097925698e19	4.4477721756681096e16	4.575345991589527e14	9.762805371667712e13
39.81071705534978	1.847030153495391e19	2.9552482455926252e16	3.0400125457399656e14	6.486733651628507e13
50.11872336272725	1.2152224334159639e19	1.9443558934655416e16	2.0001251395154334e14	4.267837337758377e13
63.09573444801943	7.930977096715939e18	1.2689563354745504e16	1.3053533440353195e14	2.785343592047135e13
79.43282347242821	5.141961945174728e18	8.227139112279565e15	8.463115122114684e13	1.805846944189659e13
100.0000000000002	3.315889710940363e18	5.305423537504581e15	5.4575970524749375e13	1.1645339591419535e13
125.89254117941688	2.0538818962709699e18	3.2862110340335515e15	3.3804682182994582e13	7.213192912849063e12
158.48931924611142	1.3608537861832008e18	2.1773660578931212e15	2.2398186489189812e13	4.779291790702572e12
199.5262314968883	8.700077214419295e17	1.392012354307087e15	1.4319389334651195e13	3.055450044047202e12
251.18864315095823	5.540731348519078e17	8.865170157630521e14	9.11944657762987e12	1.9458939760704558e12
316.2277660168386	3.521080084990155e17	5.633728135984241e14	5.795318291186695e12	1.2365964158279014e12
398.1071705534977	2.2336844667340413e17	3.5738951467744656e14	3.6764038687974336e12	7.844656011740492e11
501.18723362727246	1.415689607914658e17	2.2651033726634528e14	2.3300725008683486e12	4.9718741204858716e11
630.9573444801943	8.963143503003301e16	1.4341029604805278e14	1.4752368090381416e12	3.147838408337713e11
794.3282347242822	5.671465458654618e16	9.074344733847388e13	9.3346208313994e11	1.9918075389880426e11
1000.000000000002	3.600207395086271e16	5.7603318321380336e13	5.925553314663507e11	1.264385771848537e11
1258.9254117941687	2.27568922917921e16	3.641102766686736e13	3.74553918019042e11	7.992175913116275e10
1584.893192461114	1.4377439176586058e16	2.300390268253769e13	2.3663715175261737e11	5.0493284234969894e10
1995.2623149688789	9.069202281127324e15	1.4510723649803709e13	1.4926929407354352e11	3.1850860430774994e10
2511.8864315095875	5.723658967662186e15	9.157854348259496e12	9.420525721413745e10	2.010137796923207e10
3162.277660168386	3.598790752193282e15	5.75806520350925e12	5.923221673158163e10	1.2638882496446417e10
3981.0717055349774	2.229511806009774e15	3.567218889615637e12	3.669536119006297e10	7.830001709164158e9
5011.872336272725	1.3859070662854968e15	2.2174513060567944e12	2.2810536475348858e10	4.86727841875826e9
6309.57344480193	8.409584090028778e14	1.345533454404603e12	1.3841268963455761e10	2.9534294288458376e9
7943.282347242838	5.0026810172594775e14	8.00428962761516e11	8.233873727520564e9	1.756931755640726e9
10000.00000000002	2.6656310294489425e14	4.265009647118309e11	4.387341352550771e9	9.361643863165412e8
12589.254117941688	1.7370936450901894e14	2.7793498321443005e11	2.859068902695377e9	6.100638791582494e8
15848.93192461114	9.404609685348695e13	1.5047375496557916e11	1.5478973841949768e9	3.3028804652124476e8
19952.62314968879	5.832995114323333e13	9.33279218291733e10	9.600481233739152e8	2.0485364370614877e8
25118.864315095874	2.8842229070174527e13	4.614756651227922e10	4.747120021538688e8	1.0129334247381897e8
31622.776601683858	2.272016007827278e13	3.635225612523645e10	3.7394934537727857e8	7.979275631814224e7
39810.71705534977	8.733763370480663e12	1.3974021392769053e10	1.437483311657892e8	3.067280555947821e7
50118.72336272725	5.112699072365924e12	8.180318515785474e9	8.414951587645681e7	1.7955698806867708e7
63095.73444801956	5.332592728263987e12	8.532148365222378e9	8.776872843448512e7	1.8727961011030562e7
79432.82347242838	2.1924489959090867e12	3.5079183934545393e9	3.608534728491236e7	7.699837847437772e6
100000.0000000002	1.8084512071339595e12	2.893521931414335e9	2.976515758360378e7	6.35124514910813e6