0.00001584893192461114	6.348952189285087e6	10158.323502856143	104.49690965360874
0.000019952623149688786	1.3000404859199725e7	20800.647774719557	213.97265116042746
0.000025118864315095822	2.517170526281532e7	40274.72842050452	414.29913665358197
0.000031622776601683795	5.0667717959694535e7	81068.3487355113	833.9360241087155
0.000039810717055349776	1.0111337857776324e8	161781.40572442126	1664.2172237245081
0.00005011872336272725	2.045601188006952e8	327296.19008111244	3366.8390650544065
0.00006309573444801943	4.044858741016618e8	647177.3985626594	6657.401502171622
0.00007943282347242822	8.265246030988771e8	1.3224393649582032e6	13603.704076126249
0.0001	1.6214883664085712e9	2.5943813862537136e6	26687.95074798849
0.00012589254117941674	3.2276886226631002e9	5.16430179626096e6	53124.27568152567
0.00015848931924611142	6.438682751298842e9	1.0301892402078148e7	105973.77798595239
0.0001995262314968881	1.2843338841158209e10	2.054934214585314e7	211387.51380112648
0.0002511886431509582	2.5835822777703415e10	4.133731644432548e7	425229.79511243146
0.00031622776601683794	5.152681927423555e10	8.244291083877689e7	848075.9057415298
0.00039810717055349773	1.0188303123468967e11	1.630128499755036e8	1.6768848768675318e6
0.0005011872336272725	2.0314350660993063e11	3.25029610575889e8	3.343523155326442e6
0.0006309573444801936	4.084316622505697e11	6.534906596009116e8	6.7223449220330175e6
0.0007943282347242822	8.071483185319259e11	1.2914373096510813e9	1.3284791317382772e7
0.001	1.6082651767934814e12	2.5732242828695717e9	2.6470311299880423e7
0.0012589254117941688	3.203378101152492e12	5.125404961843989e9	5.272415070118429e7
0.001584893192461114	6.432118796487861e12	1.0291390074380585e10	1.0586574236489181e8
0.0019952623149688807	1.2798722954584148e13	2.047795672733464e10	2.106531843985026e8
0.002511886431509582	2.5471400955611957e13	4.075424152897913e10	4.1923180472227496e8
0.0031622776601683824	5.036621039121305e13	8.058593662594095e10	8.289735345192268e8
0.003981071705534978	1.0079651659779353e14	1.6127442655646964e11	1.6590020170720716e9
0.005011872336272725	1.98073351680732e14	3.1691736268917114e11	3.260073870189214e9
0.006309573444801936	3.954356940709284e14	6.326971105134856e11	6.508445293835934e9
0.00794328234724282	7.806120811709608e14	1.2489793298735376e12	1.2848033453189796e10
0.01000000000000001	1.576694244309077e15	2.5227107908945234e12	2.5950687780731747e10
0.012589254117941687	3.454186320918309e15	5.526698113469297e12	5.685218365841501e10
0.01584893192461114	7.184844213209116e15	1.1495750741134586e13	1.1825479137960066e11
0.01995262314968881	1.3956499062697746e16	2.2330398500316395e13	2.2970893119918475e11
0.025118864315095822	2.6933720029022708e16	4.309395204643637e13	4.433000004722512e11
0.031622776601683826	5.156254282875719e16	8.250006852601153e13	8.486638769434008e11
0.039810717055349776	1.0991139548354568e17	1.7585823277367316e14	1.8090230988240322e12
0.05011872336272725	2.0751736149954083e17	3.320277783992655e14	3.415512092337017e12
0.06309573444801936	4.078645880131833e17	6.525833408210936e14	6.713011491321247e12
0.07943282347242822	7.879254076774253e17	1.2606806522838808e15	1.2968402924628426e13
0.1000000000000001	1.5140096505685755e18	2.4224154409097225e15	2.4918966933970742e13
0.12589254117941687	2.900935221402799e18	4.641496354244481e15	4.774626689637024e13
0.15848931924611143	5.65964823196493e18	9.05543717114389e15	9.315170950018466e13
0.19952623149688828	1.1114283994482903e19	1.7782854391172644e16	1.829291347312552e14
0.25118864315095824	1.809918086798579e19	2.895868938877728e16	2.978930084176935e14
0.31622776601683794	3.393613738862174e19	5.429781982179483e16	5.585522424749237e14
0.39810717055349776	5.718525550963377e19	9.149640881541406e16	9.412076670846084e14
0.5011872336272725	8.931111613953642e19	1.4289778582325826e17	1.4699647053645545e15
0.6309573444801942	1.1988744921416642e20	1.918199187426665e17	1.9732181902829922e15
0.7943282347242822	1.4626434496349726e20	2.340229519415957e17	2.407353463298941e15
1.000000000000002	1.6078729446941924e20	2.572596711510709e17	2.646385558230361e15
1.2589254117941688	1.6315584998400275e20	2.6104935997440448e17	2.6853694289916975e15
1.584893192461114	1.5949615542820523e20	2.551938486851285e17	2.6251348012995265e15
1.9952623149688828	1.502094321292305e20	2.4033509140676902e17	2.47228534573286e15
2.5118864315095824	1.3627576055118052e20	2.18041216881889e17	2.242952130325784e15
3.1622776601683857	1.1914136757120102e20	1.9062618811392176e17	1.960938490623142e15
3.9810717055349776	1.0045014875872707e20	1.6072023801396342e17	1.6533011757825555e15
5.011872336272725	8.177258706575614e19	1.3083613930520986e17	1.3458886424083105e15
6.309573444801943	6.438803228990639e19	1.0302085166385026e17	1.0597576091889938e15
7.943282347242821	4.9150399215155495e19	7.86406387442488e16	8.089625930547834e14
10.000000000000021	3.646844370476849e19	5.8349509927629624e16	6.002312749269616e14
12.589254117941687	2.6377451382617047e19	4.220392221218727e16	4.3414441814093525e14
15.848931924611142	1.865385656005918e19	2.9846170496094684e16	3.0702237243770694e14
19.95262314968883	1.2936257832843305e19	2.069801253254929e16	2.129168602491291e14
25.11886431509582	8.822048145722896e18	1.411527703315664e16	1.452014034062522e14
31.622776601683857	5.931618910404147e18	9.490590256646632e15	9.762805371667712e13
39.81071705534978	3.9411655287543496e18	6.305864846006963e15	6.486733651628507e13
50.11872336272725	2.593023592649176e18	4.148837748238682e15	4.267837337758377e13
63.09573444801943	1.692300122104916e18	2.7076801953678655e15	2.785343592047135e13
79.43282347242821	1.0971842083973795e18	1.7554947334358078e15	1.805846944189659e13
100.0000000000002	7.075396252290799e17	1.132063400366528e15	1.1645339591419535e13
125.89254117941688	4.382542707490219e17	7.012068331984349e14	7.213192912849063e12
158.48931924611142	2.903769611790183e17	4.6460313788642975e14	4.779291790702572e12
199.5262314968883	1.8564095637573485e17	2.970255302011759e14	3.055450044047202e12
251.18864315095823	1.1822730318477432e17	1.8916368509563906e14	1.9458939760704558e12
316.2277660168386	7.51322842709685e16	1.2021165483354966e14	1.2365964158279014e12
398.1071705534977	4.766202763797062e16	7.625924422075305e13	7.844656011740492e11
501.18723362727246	3.0207774743526596e16	4.833243958964256e13	4.9718741204858716e11
630.9573444801943	1.912542257984488e16	3.0600676127751836e13	3.147838408337713e11
794.3282347242822	1.2101688822388972e16	1.9362702115822363e13	1.9918075389880426e11
1000.000000000002	7.682069107008711e15	1.2291310571213943e13	1.264385771848537e11
1258.9254117941687	4.855831902487153e15	7.769331043979445e12	7.992175913116275e10
1584.893192461114	3.0678366331643485e15	4.908538613062959e12	5.0493284234969894e10
1995.2623149688789	1.9351729226530202e15	3.0962766762448335e12	3.1850860430774994e10
2511.8864315095875	1.2213058557277202e15	1.9540893691643528e12	2.010137796923207e10
3162.277660168386	7.67904629542882e14	1.2286474072686116e12	1.2638882496446417e10
3981.0717055349774	4.7572992022723375e14	7.611678723635742e11	7.830001709164158e9
5011.872336272725	2.957227929043174e14	4.7315646864690796e11	4.86727841875826e9
6309.57344480193	1.7944245720114675e14	2.871079315218349e11	2.9534294288458376e9
7943.282347242838	1.0674646507131855e14	1.707943441141098e11	1.756931755640726e9
10000.00000000002	5.687883928565414e13	9.100614285704665e10	9.361643863165412e8
12589.254117941688	3.706584638746549e13	5.930535421994482e10	6.100638791582494e8
15848.93192461114	2.0067416567694957e13	3.2107866508311943e10	3.3028804652124476e8
19952.62314968879	1.2446358404305826e13	1.9914173446889336e10	2.0485364370614877e8
25118.864315095874	6.154312032680745e12	9.846899252289194e9	1.0129334247381897e8
31622.776601683858	4.847994037282663e12	7.756790459652267e9	7.979275631814224e7
39810.71705534977	1.863597465742277e12	2.981755945187644e9	3.067280555947821e7
50118.72336272725	1.0909401400280496e12	1.7455042240448797e9	1.7955698806867708e7
63095.73444801956	1.1378607219675032e12	1.8205771551480057e9	1.8727961011030562e7
79432.82347242838	4.6782151281487146e11	7.485144205037949e8	7.699837847437772e6
100000.0000000002	3.858846345579349e11	6.174154152926961e8	6.35124514910813e6