0.00001584893192461114	0.06382220914220402	0.00010211553462752645	1.0504447700648998e-6
0.000019952623149688786	0.12923966450769028	0.00020678346321230457	2.127145573487701e-6
0.000025118864315095822	0.24663527979008018	0.00039461644766412856	4.059350863141185e-6
0.000031622776601683795	0.49127748583044395	0.0007860439773287105	8.085897880648028e-6
0.000039810717055349776	0.9742257337634894	0.001558761174021583	0.000016034705483388982
0.00005011872336272725	1.975824779415408	0.0031613196470646533	0.0000325199461754306
0.00006309573444801943	3.895369727526118	0.0062325915640417924	0.00006411358699025499
0.00007943282347242822	8.020696977133014	0.012833115163412824	0.00013201202692830774
0.0001	15.637560360502812	0.025020096576804502	0.0002573773881857375
0.00012589254117941674	31.079355053617416	0.04972696808578788	0.0005115326844973437
0.00015848931924611142	61.99566924460568	0.09919307079136915	0.0010203818921336147
0.0001995262314968881	123.65795937578355	0.1978527350012537	0.0020352767234014914
0.0002511886431509582	249.38244466195488	0.3990119114591281	0.004104566235829664
0.00031622776601683794	497.32996209331964	0.7957279393493112	0.008185515116117172
0.00039810717055349773	980.7274714499541	1.5691639543199267	0.016141717077642368
0.0005011872336272725	1955.2341446615137	3.1283746314584215	0.03218104652152875
0.0006309573444801936	3940.7108217400255	6.305137314784047	0.064859852528947
0.0007943282347242822	7766.140605297836	12.425824968476544	0.1278223034280579
0.001	15470.654761223395	24.753047617957435	0.25463030192510727
0.0012589254117941688	30805.79263509559	49.289268216152955	0.5070301419547896
0.001584893192461114	61992.244805353126	99.18759168856508	1.020325529554638
0.0019952623149688807	123295.6005626554	197.27296090024885	2.029312687915205
0.002511886431509582	245296.34743539244	392.4741558966283	4.037313479785831
0.0031622776601683824	483487.969142587	773.5807506281395	7.957690832097561
0.003981071705534978	969159.8868901874	1550.6558190243006	15.951327104208268
0.005011872336272725	1.8974796771619527e6	3035.9674834591256	31.23047023862978
0.006309573444801936	3.790945328637671e6	6065.512525820277	62.39487394108536
0.00794328234724282	7.470131424108447e6	11952.210278573511	122.95031136681824
0.01000000000000001	1.5106821564440567e7	24170.914503104916	248.64199967306598
0.012589254117941687	2.9628295000924062e7	47405.272001478515	487.64980009254987
0.01584893192461114	6.823524430685456e7	109176.39089096735	1123.0785721711675
0.01995262314968881	1.3195105416363965e8	211121.6866618234	2171.7721246832875
0.025118864315095822	2.5323415514722285e8	405174.6482355565	4167.961238751589
0.031622776601683826	4.8150710843575776e8	770411.373497213	7925.087999985011
0.039810717055349776	1.0536103096145068e9	1.6857764953832114e6	17341.290035182217
0.05011872336272725	1.9699447985985298e9	3.1519116777576483e6	32423.168029073917
0.06309573444801936	3.883253511562503e9	6.213205618500008e6	63914.167135270065
0.07943282347242822	7.473168198632751e9	1.1957069117812404e7	123000.2934022225
0.1000000000000001	1.4249384397325972e10	2.279901503572156e7	234529.50811314618
0.12589254117941687	2.729725449098573e10	4.367560718557717e7	449283.38587115763
0.15848931924611143	5.30314689553619e10	8.485035032857908e7	872840.8176673664
0.19952623149688828	1.0520380777935797e11	1.6832609244697282e8	1.7315412794080428e6
0.25118864315095824	1.8945965871808334e11	3.031354539489335e8	3.118301768515352e6
0.31622776601683794	2.893494344839488e11	4.629590951743182e8	4.7623798088479005e6
0.39810717055349776	4.5302060621936725e11	7.248329699509877e8	7.45623087841505e6
0.5011872336272725	7.358022611485607e11	1.177283617837697e9	1.2110512115042422e7
0.6309573444801942	9.37592840932963e11	1.5001485454927416e9	1.5431767553107778e7
0.7943282347242822	1.0470357977599768e12	1.675257276415963e9	1.7233080656563994e7
1.000000000000002	1.0610744371230938e12	1.69771909939695e9	1.7464141528571036e7
1.2589254117941688	9.914854332642242e11	1.5863766932227602e9	1.6318781533358395e7
1.584893192461114	8.956608726090735e11	1.4330573961745176e9	1.474161255195114e7
1.9952623149688828	7.809522043628125e11	1.2495235269805007e9	1.2853631514317118e7
2.5118864315095824	6.582561134887996e11	1.0532097815820794e9	1.0834186109679973e7
3.1622776601683857	5.372605722108806e11	8.596169155374091e8	8.84272991841325e6
3.9810717055349776	4.252064129841052e11	6.803302607745686e8	6.998439238008872e6
5.011872336272725	3.268729517091398e11	5.229967227346241e8	5.3799764566827845e6
6.309573444801943	2.445643302854295e11	3.913029284566873e8	4.0252652665210213e6
7.943282347242821	1.7849383697508905e11	2.855901391601424e8	2.937816162419728e6
10.000000000000021	1.2738748717328215e11	2.0381997947725144e8	2.096660730980499e6
12.589254117941687	8.912435536332835e10	1.425989685813254e8	1.4668908242930942e6
15.848931924611142	6.127990355295416e10	9.804784568472667e7	1.0086011603555596e6
19.95262314968883	4.150821098220413e10	6.641313757152668e7	683180.412070284
25.11886431509582	2.7759656489723076e10	4.441545038355692e7	456894.0243584424
31.622776601683857	1.8366943152481426e10	2.9387109043970287e7	302300.0870060006
39.81071705534978	1.2044261207208824e10	1.9270817931534123e7	198235.55725277666
50.11872336272725	7.840055033146002e9	1.2544088053033607e7	129038.85523986437
63.09573444801943	5.0725960754358425e9	8.116153720697349e6	83489.46377303834
79.43282347242821	3.2658734571983094e9	5.225397531517299e6	53752.75689946552
100.0000000000002	2.0942612736758018e9	3.350818037881285e6	34469.28321112376
125.89254117941688	1.3163286685185077e9	2.106125869629613e6	21665.351044976513
158.48931924611142	8.204846253238075e8	1.312775400518092e6	13504.29255229458
199.5262314968883	5.219533848522052e8	835125.4157635287	8590.790113736526
251.18864315095823	3.3198380501913863e8	531174.0880306219	5464.0955933001815
316.2277660168386	2.1024887548556268e8	336398.20077690034	3460.4698683140673
398.1071705534977	1.3340749136839882e8	213451.98618943815	2195.7435112151834
501.18723362727246	8.432741393033075e7	134923.8622885293	1387.9383388131164
630.9573444801943	5.334691825049044e7	85355.06920078472	878.0327730500155
794.3282347242822	3.3730005715873264e7	53968.00914539725	555.1595373258286
1000.000000000002	2.1349230399341896e7	34158.76863894705	351.38532055402317
1258.9254117941687	1.3488470174417466e7	21581.552279067953	222.00568017511145
1584.893192461114	8.518099842133233e6	13628.95974741318	140.19874194769227
1995.2623149688789	5.368014058922216e6	8588.82249427555	88.35172535732394
2511.8864315095875	3.3843584183141286e6	5414.973469302609	55.70289164735772
3162.277660168386	2.121206530405151e6	3393.930448648243	34.91277309324827
3981.0717055349774	1.306671244192227e6	2090.6739907075635	21.506400250070065
5011.872336272725	803346.2351385358	1285.3539762216578	13.222213122901314
6309.57344480193	480774.2927371492	769.2388683794388	7.913026643470227
7943.282347242838	276785.9068933589	442.8574510293745	4.555597686629351
10000.00000000002	147118.60130476745	235.389762087628	2.421413601893996
12589.254117941688	93875.7593685141	150.2012149896226	1.545093812794981
15848.93192461114	51120.26452570323	81.7924232411252	0.8413844527962192
19952.62314968879	32416.932717226086	51.86709234756176	0.5335477710977266
25118.864315095874	17025.19894249695	27.24031830799512	0.28021642354329174
31622.776601683858	12715.80810296056	20.345292964736906	0.20928849531269172
39810.71705534977	5613.700640352885	8.981921024564619	0.09239546166804823
50118.72336272725	3362.083269013777	5.379333230422046	0.055336266699718674
63095.73444801956	3084.2843745133487	4.934854999221361	0.0507639963289518
79432.82347242838	1379.918430867338	2.2078694893877415	0.022711969991371265
100000.0000000002	1077.1690093851134	1.7234704150161826	0.017729040840053667