0.00001584893192461114	2036.178558352301	0.20361785583523015	0.016299882089758896	0.005744557151540075
0.000019952623149688786	5083.661683210614	0.5083661683210617	0.04069539269071374	0.0143422515469024
0.000025118864315095822	11873.361782682241	1.1873361782682241	0.09504785141406272	0.03349765425126759
0.000031622776601683795	29151.05962466847	2.915105962466849	0.23335813685128434	0.08224226080514808
0.000039810717055349776	71828.36798429278	7.182836798429278	0.5749957065608257	0.20264537375421518
0.00005011872336272725	184344.51540594912	18.43445154059491	1.4757025373266985	0.5200809133258778
0.00006309573444801943	454730.59312190366	45.47305931219036	3.6401793055374654	1.282906093882225
0.00007943282347242822	1.1975112358614132e6	119.75112358614128	9.586237840308915	3.378471748363746
0.0001	2.901686535246077e6	290.1686535246078	23.22838937279915	8.186366597958907
0.00012589254117941674	7.236711293885248e6	723.6711293885248	57.93084320827374	20.41653048864222
0.00015848931924611142	1.8171758322106946e7	1817.175832210694	145.46735933297742	51.26696958727912
0.0001995262314968881	4.5626306792985395e7	4562.63067929854	365.2446971638089	128.72295796990537
0.0002511886431509582	1.1645475766310225e8	11645.475766310234	932.2359332946011	328.5473212652763
0.00031622776601683794	2.923268859142099e8	29232.688591421007	2340.115876636982	824.725560623138
0.00039810717055349773	7.216666775398849e8	72166.66775398854	5777.038415298413	2035.9980005116174
0.0005011872336272725	1.8108427588246913e9	181084.2758824691	14496.038832577275	5108.829811536152
0.0006309573444801936	4.61820841696781e9	461820.84169678116	36969.376950625476	13029.094172597037
0.0007943282347242822	1.1391604837351719e10	1.1391604837351718e6	91191.32253912734	32138.500215266915
0.001	2.8554618233065308e10	2.855461823306532e6	228583.54362285446	80559.55392880173
0.0012589254117941688	7.15374213627457e10	7.153742136274572e6	572666.6398853235	201824.5422565704
0.001584893192461114	1.8207568395203082e11	1.8207568395203073e7	1.4575402376459038e6	513679.98551884305
0.0019952623149688807	4.5544848833535944e11	4.554484883353597e7	3.645926152877613e6	1.2849314516611872e6
0.002511886431509582	1.1399474542197832e12	1.1399474542197834e8	9.125432058050575e6	3.2160702575206743e6
0.0031622776601683824	2.8096221838713394e12	2.8096221838713396e8	2.2491401908746526e7	7.926630571409437e6
0.003981071705534978	7.114540432070128e12	7.114540432070127e8	5.695284909561495e7	2.007185664111984e7
0.005011872336272725	1.7399806510146586e13	1.739980651014658e9	1.3928778168134373e8	4.908910493790885e7
0.006309573444801936	4.3833344277799195e13	4.383334427779921e9	3.508917920764761e8	1.2366457269381699e8
0.00794328234724282	1.083268328201084e14	1.0832683282010843e10	8.671708062546476e8	3.0561645963112575e8
0.01000000000000001	2.7652606239885672e14	2.7652606239885677e10	2.2136281680001917e9	7.801475773450919e8
0.012589254117941687	6.807994415307525e14	6.807994415307527e10	5.44989071719955e9	1.9207015438639677e9
0.01584893192461114	1.942506217686117e15	1.9425062176861176e11	1.5550022456050695e10	5.480284594367646e9
0.01995262314968881	4.683005638335293e15	4.683005638335292e11	3.748808738675179e10	1.3211902964036085e10
0.025118864315095822	1.1177447808215684e16	1.1177447808215688e12	8.947696683623892e10	3.153431091751128e10
0.031622776601683826	2.6353380292663744e16	2.635338029266375e12	2.1096233907138153e11	7.434932393649312e10
0.039810717055349776	7.698831678553264e16	7.698831678553264e12	6.163017878494247e11	2.1720284989802124e11
0.05011872336272725	1.7762381598178982e17	1.776238159817898e13	1.4219024382513252e12	5.011201783834342e11
0.06309573444801936	4.4438939519336256e17	4.443893951933625e13	3.5573966309971353e12	1.2537310481711245e12
0.07943282347242822	1.0705200432057183e18	1.0705200432057189e14	8.569656333625783e12	3.020198569933267e12
0.1000000000000001	2.536595211670931e18	2.5365952116709312e14	2.0305784426460613e13	7.156354782341914e12
0.12589254117941687	6.156005854069601e18	6.156005854069601e14	4.927965141053151e13	1.7367596426579924e13
0.15848931924611143	1.5073295213996704e19	1.507329521399671e15	1.20663747137722e14	4.252544820475306e13
0.19952623149688828	3.918568453266297e19	3.918568453266297e15	3.1368665329908825e14	1.1055238912949728e14
0.25118864315095824	8.659830365301054e19	8.659830365301057e15	6.932310199059582e14	2.443149705709986e14
0.31622776601683794	1.5370792011217584e20	1.5370792011217586e16	1.2304524884683798e15	4.336475934818166e14
0.39810717055349776	2.913362127843083e20	2.9133621278430828e16	2.3321854055392235e15	8.219306297022366e14
0.5011872336272725	5.8921155466100284e20	5.8921155466100296e16	4.716717415328055e15	1.6623097400833525e15
0.6309573444801942	8.467881638871551e20	8.467881638871554e16	6.778652672550113e15	2.388996280676775e15
0.7943282347242822	9.889863363902434e20	9.88986336390243e16	7.916968089767319e15	2.7901720643219785e15
1.000000000000002	1.0323972651495174e21	1.0323972651495176e17	8.264478389038763e15	2.912644899641924e15
1.2589254117941688	9.875850342347555e20	9.87585034234756e16	7.905750478319204e15	2.786218648603226e15
1.584893192461114	8.922752190280727e20	8.922752190280728e16	7.14278264158745e15	2.5173263757170185e15
1.9952623149688828	7.616011106210959e20	7.616011106210958e16	6.096718901017621e15	2.14866279221584e15
2.5118864315095824	6.151108102887115e20	6.151108102887113e16	4.924044425630032e15	1.73537786739735e15
3.1622776601683857	4.709648431726688e20	4.7096484317266856e16	3.770136651644313e15	1.328706879302772e15
3.9810717055349776	3.426669770322726e20	3.426669770322727e16	2.743095048697477e15	9.66747255751612e14
5.011872336272725	2.3761694871658365e20	2.3761694871658376e16	1.9021555014029712e15	6.703754621508042e14
6.309573444801943	1.5757468276572897e20	1.57574682765729e16	1.2614064414326035e15	4.4455667557761856e14
7.943282347242821	1.0031119605898104e20	1.0031119605898106e16	8.03004560350143e14	2.830023901078994e14
10.000000000000021	6.15498717470572e19	6.154987174705719e15	4.927149674577952e14	1.736472248323104e14
12.589254117941687	3.6553284013765607e19	3.6553284013765625e15	2.926139345559105e14	1.0312574417023275e14
15.848931924611142	2.1097694210852774e19	2.1097694210852785e15	1.6888986802855284e14	5.952174953557798e13
19.95262314968883	1.1881318157926642e19	1.1881318157926648e15	9.511154326358827e13	3.3520101129574555e13
25.11886431509582	6.552489156376759e18	6.55248915637676e14	5.245355335132915e13	1.8486172683260426e13
31.622776601683857	3.5505923628531604e18	3.550592362853162e14	2.8422967438640273e13	1.0017088465334223e13
39.81071705534978	1.895935893602923e18	1.8959358936029238e14	1.517722077403506e13	5.348898332998639e12
50.11872336272725	1.0001897161011291e18	1.000189716101129e14	8.006652644957808e12	2.8217795354720864e12
63.09573444801943	5.2242407382863763e17	5.224240738286375e13	4.1820746856057104e12	1.473885940473473e12
79.43282347242821	2.706720141457377e17	2.7067201414573777e13	2.166765727630122e12	7.636318770790365e11
100.0000000000002	1.3931800648269861e17	1.3931800648269871e13	1.1152593024483398e12	3.9305013167711646e11
125.89254117941688	6.786353422841654e16	6.786353422841658e12	5.4325668128665015e11	1.9145960911998935e11
158.48931924611142	3.4530227787518148e16	3.4530227787518145e12	2.764190984922842e11	9.741820832334618e10
199.5262314968883	1.7539717564631586e16	1.753971756463159e12	1.4040778841248468e11	4.9483828202882126e10
251.18864315095823	8.892330715562767e15	8.892330715562769e11	7.118429843603928e10	2.5087437345024452e10
316.2277660168386	4.491227093653539e15	4.491227093653538e11	3.595287444934236e10	1.267084883798979e10
398.1071705534977	2.268086861187268e15	2.2680868611872684e11	1.815633911625117e10	6.398827129036631e9
501.18723362727246	1.141970476704844e15	1.1419704767048445e11	9.141626624011486e9	3.2217776981754293e9
630.9573444801943	5.748040948537706e14	5.748040948537707e10	4.601383769804915e9	1.621662776224674e9
794.3282347242822	2.890700282860041e14	2.8907002828600407e10	2.314044295092657e9	8.155371696036402e8
1000.000000000002	1.4538867165330138e14	1.4538867165330147e10	1.1638557902570043e9	4.101769611869072e8
1258.9254117941687	7.302440623695114e13	7.302440623695118e9	5.845701529733e8	2.0601968985711342e8
1584.893192461114	3.665864521127723e13	3.66586452112772e9	2.93457365054297e8	1.0342299384815386e8
1995.2623149688789	1.838114707254172e13	1.838114707254173e9	1.4714354432618883e8	5.185770640592806e7
2511.8864315095875	9.221554599761832e12	9.221554599761835e8	7.38197797260101e7	2.6016258351745963e7
3162.277660168386	4.616376841713704e12	4.616376841713706e8	3.695471494539124e7	1.3023926851351365e7
3981.0717055349774	2.2811862425824956e12	2.2811862425824958e8	1.826120141887938e7	6.4357836841314845e6
5011.872336272725	1.1353680729811333e12	1.1353680729811327e8	9.088773497862978e6	3.2031507043035896e6
6309.57344480193	5.52602471746678e11	5.526024717466779e7	4.423656803099343e6	1.5590265735829708e6
7943.282347242838	2.6698940489759512e11	2.6698940489759505e7	2.1372859473421127e6	753242.3367285748
10000.00000000002	1.1318751737657642e11	1.1318751737657642e7	906081.2371797499	319329.63823017455
12589.254117941688	5.939172391986746e10	5.939172391986745e6	475438.7050341656	167558.56257628722
15848.93192461114	2.544685727119313e10	2.5446857271193136e6	203705.50086286	71791.80102934751
19952.62314968879	1.2356570302521025e10	1.2356570302521028e6	98916.00033736377	34860.90353357572
25118.864315095874	4.6526957895188465e9	465269.5789518847	37245.452987209595	13126.391475828734
31622.776601683858	3.0225661883887277e9	302256.61883887276	24196.047187087574	8527.397630373967
39810.71705534977	8.307244309792722e8	83072.44309792724	6650.0603390114675	2343.676565773638
50118.72336272725	3.786279286458815e8	37862.79286458816	3030.9672830518534	1068.2018855141953
63095.73444801956	3.475521495360933e8	34755.214953609335	2782.201508921106	980.5295208325479
79432.82347242838	1.0638211012090713e8	10638.211012090718	851.6030405671878	300.1299218009173
100000.0000000002	7.279073634519915e7	7279.073634519919	582.6995941915757	205.36045000692573