0.00001584893192461114	300.3859492770817	0.48061751884333115	0.004944028946350481
0.000019952623149688786	534.3529669561367	0.8549647471298185	0.00879487386995755
0.000025118864315095822	1542.1478811955426	2.4674366099128684	0.025382091880572312
0.000031622776601683795	3724.387384136035	5.959019814617658	0.06129940191578717
0.000039810717055349776	8817.915195626136	14.10866431300182	0.14513337950246646
0.00005011872336272725	22326.374623904	35.72219939824642	0.3674680612501869
0.00006309573444801943	53613.244952288536	85.78119192366168	0.8824162234945011
0.00007943282347242822	136978.7533864993	219.166005418399	2.254522634656155
0.0001	337701.2726731844	540.3220362770954	5.558198948165664
0.00012589254117941674	848047.8623303755	1356.8765797286005	13.957953723676097
0.00015848931924611142	2.1425541438497817e6	3428.086630159651	35.2641318004706
0.0001995262314968881	5.478489536458187e6	8765.583258333103	90.17003263872047
0.0002511886431509582	1.3506307857448062e7	21610.09257191692	222.29926921098792
0.00031622776601683794	3.452647308515499e7	55242.356936248005	568.26853173129
0.00039810717055349773	8.509386155268003e7	136150.17848428813	1400.5532405416295
0.0005011872336272725	2.1744349820615274e8	347909.5971298446	3578.885603385143
0.0006309573444801936	5.454831066062269e8	872772.9705699632	8978.063971689677
0.0007943282347242822	1.3433145957196171e9	2.1493033531513885e6	22109.510319228473
0.001	3.429061315006391e9	5.486498104010227e6	56438.65314274109
0.0012589254117941688	8.457998093386907e9	1.3532796949419057e7	139209.5319455492
0.001584893192461114	2.16786794445081e10	3.468588711121298e7	356807.69673230045
0.0019952623149688807	5.345460032873505e10	8.552736052597615e7	879805.103990014
0.002511886431509582	1.3599690737241258e11	2.175950517958602e8	2.2383625075723613e6
0.0031622776601683824	3.394491760010809e11	5.431186816017296e8	5.586967552920112e6
0.003981071705534978	8.50029881785139e11	1.3600478108562226e9	1.3990575627530664e7
0.005011872336272725	2.2339751024196133e12	3.5743601638713813e9	3.676882223808969e7
0.006309573444801936	5.629352206665483e12	9.006963530664774e9	9.265306957910879e7
0.00794328234724282	1.410378329340176e13	2.2566053269442825e10	2.321330708824625e8
0.01000000000000001	3.4522842180928848e13	5.523654748948619e10	5.682087709613917e8
0.012589254117941687	8.54174880085582e13	1.3666798081369316e11	1.4058797831762533e9
0.01584893192461114	2.1533753720914456e14	3.445400595346314e11	3.544223755338818e9
0.01995262314968881	5.1538099435296506e14	8.246095909647448e11	8.482615650339807e9
0.025118864315095822	1.325710792692196e15	2.1211372683075142e12	2.1819770696110676e10
0.031622776601683826	3.335469749737869e15	5.336751599580589e12	5.489823685850602e10
0.039810717055349776	8.322302411074516e15	1.3315683857719229e13	1.3697612727778157e11
0.05011872336272725	2.2062678360231084e16	3.530028537636975e13	3.6312790498195605e11
0.06309573444801936	5.582565044905278e16	8.932104071848447e13	9.188300332728596e11
0.07943282347242822	8.838245442081565e16	1.4141192707330506e14	1.4546799344564197e12
0.1000000000000001	2.830608692830359e17	4.528973908528578e14	4.658876803933228e12
0.12589254117941687	8.03188674043227e17	1.2851018784691638e15	1.3219619837103832e13
0.15848931924611143	1.797822576887325e18	2.8765161230197205e15	2.959022178608772e13
0.19952623149688828	4.558051482645814e18	7.292882372233309e15	7.502061439088748e13
0.25118864315095824	9.726399474809864e18	1.5562239159695788e16	1.6008605150459662e14
0.31622776601683794	2.021427304073425e19	3.2342836865174796e16	3.327051457744307e14
0.39810717055349776	4.072061084122273e19	6.51529773459564e16	6.702173626848749e14
0.5011872336272725	8.002968628449532e19	1.2804749805519253e17	1.31720237417936e15
0.6309573444801942	1.1647599099374074e20	1.863615855899852e17	1.9170692651030992e15
0.7943282347242822	1.3563505050841463e20	2.170160808134635e17	2.2324067336277178e15
1.000000000000002	1.4124532204377288e20	2.2599251527003677e17	2.3247457559237035e15
1.2589254117941688	1.3504355674351437e20	2.16069690789623e17	2.2226713838142822e15
1.584893192461114	1.2184432575511808e20	1.94950921208189e17	2.005426268877158e15
1.9952623149688828	1.0383591145816493e20	1.6613745833306394e17	1.7090271803835692e15
2.5118864315095824	8.367854853236077e19	1.3388567765177726e17	1.3772587137588505e15
3.1622776601683857	6.390158620468799e19	1.0224253792750082e17	1.0517512309547701e15
3.9810717055349776	4.635997482973319e19	7.417595972757312e16	7.630352154016942e14
5.011872336272725	3.2050652680472355e19	5.128104428875577e16	5.275191964971533e14
6.309573444801943	2.118984659735495e19	3.390375455576793e16	3.4876203496926375e14
7.943282347242821	1.3449682950234257e19	2.151949272037481e16	2.2136728427286666e14
10.000000000000021	8.229754188729739e18	1.3167606701967592e16	1.3545288329347733e14
12.589254117941687	4.8751115634691e18	7.800178501550563e15	8.02390815698453e13
15.848931924611142	2.8074226740013926e18	4.49187627840223e15	4.620715116105644e13
19.95262314968883	1.5778790406856082e18	2.524606465096975e15	2.5970188252026094e13
25.11886431509582	8.687029184248243e17	1.38992466947972e15	1.4297913683405281e13
31.622776601683857	4.700391816673866e17	7.520626906678186e14	7.736338286378543e12
39.81071705534978	2.506843066612615e17	4.010948906580186e14	4.125993481092684e12
50.11872336272725	1.321131870228178e17	2.113810992365086e14	2.174440656786274e12
63.09573444801943	6.894853625144542e16	1.1031765800231273e14	1.1348185887389963e12
79.43282347242821	3.5698452804646344e16	5.711752448743419e13	5.875580546655211e11
100.0000000000002	1.836423476740137e16	2.9382775627842195e13	3.022555099068856e11
125.89254117941688	8.983604049515963e15	1.437376647922555e13	1.4786043944548447e11
158.48931924611142	4.623159356322451e15	7.397054970115922e12	7.609221981340236e10
199.5262314968883	2.349499393153312e15	3.759199029045301e12	3.867022754272719e10
251.18864315095823	1.1899398857032718e15	1.9039038171252356e12	1.9585127911250187e10
316.2277660168386	6.013808409839916e14	9.622093455743867e11	9.89808042873161e9
398.1071705534977	3.031849013166212e14	4.8509584210659424e11	4.990096679998585e9
501.18723362727246	1.5287342966594316e14	2.4459748746550906e11	2.516131873728629e9
630.9573444801943	7.694120032498658e13	1.2310592051997859e11	1.2663692242901707e9
794.3282347242822	3.866203044651792e13	6.1859248714428734e10	6.363353482820573e8
1000.000000000002	1.9443168591855117e13	3.110906974696819e10	3.2001359770071745e8
1258.9254117941687	9.7653029703173e12	1.5624484752507685e10	1.6072636110751212e8
1584.893192461114	4.902330589676897e12	7.843728943483041e9	8.068707740249556e7
1995.2623149688789	2.4580482161910015e12	3.932877145905604e9	4.045682416777632e7
2511.8864315095875	1.233040559802618e12	1.972864895684189e9	2.0294518549751144e7
3162.277660168386	6.130585903046094e11	9.808937444873754e8	1.0090283595385397e7
3981.0717055349774	3.067969937148081e11	4.9087518994369304e8	5.049547827485698e6
5011.872336272725	1.512965786959393e11	2.4207452591350302e8	2.4901786064118934e6
6309.57344480193	7.386663447851225e10	1.1818661516561972e8	1.215765184457375e6
7943.282347242838	3.555335720055817e10	5.688537152089308e7	585169.9374172721
10000.00000000002	1.5060210727749245e10	2.4096337164398797e7	247874.83554182047
12589.254117941688	7.728987654878789e9	1.2366380247806061e7	127210.80591042707
15848.93192461114	3.101986763910656e9	4.963178822257048e6	51055.35857745404
19952.62314968879	1.670337750570909e9	2.6725404009134555e6	27491.958957730745
25118.864315095874	7.078270961190301e8	1.132523353790448e6	11650.071052410194
31622.776601683858	4.0491647534232575e8	647866.3605477212	6664.48873445828
39810.71705534977	9.55275465712249e7	152844.07451395984	1572.2804497301208
50118.72336272725	6.780379044671145e7	108486.06471473842	1115.9773066868936
63095.73444801956	4.8947781536132395e7	78316.45045781186	805.6277244547596
79432.82347242838	1.0495884885424595e7	16793.41581667936	172.75095195360007
100000.0000000002	1.0425098036188044e7	16680.15685790087	171.58587671459927