0.00001584893192461114	390630.0841326436	625.0081346122296	6.429350134102498	1.3718851894683028
0.000019952623149688786	767700.283069459	1228.320452911135	12.635519173753996	2.6961483282377925
0.000025118864315095822	1.664531738296841e6	2663.250781274945	27.396398253859765	5.845802798931268
0.000031622776601683795	3.435935408465849e6	5497.496653545358	56.551793311664625	12.066937725265989
0.000039810717055349776	6.882512730215162e6	11012.02036834426	113.2787410453141	24.171249641138942
0.00005011872336272725	1.421522564808741e7	22744.36103693986	233.96729191956902	49.9235935062775
0.00006309573444801943	2.749448155132253e7	43991.17048211601	452.5295306980222	96.56007963677676
0.00007943282347242822	5.53467932835053e7	88554.86925360844	910.9485604765058	194.37685184641802
0.0001	1.098226369784805e8	175716.21916556876	1807.5622295013054	385.6949458300592
0.00012589254117941674	2.190906928804108e8	350545.10860865726	3605.9966522521236	769.4422138027717
0.00015848931924611142	4.3844123654005057e8	701505.9784640806	7216.270168243488	1539.7970184426974
0.0001995262314968881	8.778148202497598e8	1.404503712399615e6	14447.885765945079	3082.8684218481835
0.0002511886431509582	1.7444919262213378e9	2.79118708195414e6	28712.456759944187	6126.621409725906
0.00031622776601683794	3.492179412670662e9	5.587487060273059e6	57477.50899682393	12264.465564260527
0.00039810717055349773	6.938784384222373e9	1.1102055014755793e7	114204.91181641787	24368.874585696885
0.0005011872336272725	1.3887086076323675e10	2.2219337722117882e7	228566.46826204684	48771.17376989009
0.0006309573444801936	2.7686665078594654e10	4.4298664125751436e7	455692.6644069452	97235.02441300877
0.0007943282347242822	5.498497891843535e10	8.797596626949659e7	904993.4860184091	193106.16689679763
0.001	1.0997724052019057e11	1.759635848323049e8	1.8101068371544338e6	386237.9104344939
0.0012589254117941688	2.1830511306210062e11	3.492881808993608e8	3.5930668552002264e6	766683.2728976492
0.001584893192461114	4.428559312658273e11	7.085694900253234e8	7.288931284937092e6	1.5553013396824829e6
0.0019952623149688807	8.818885691120244e11	1.411021710579239e9	1.451493528122258e7	3.0971753479062817e6
0.002511886431509582	1.7604597141290415e12	2.816735542606466e9	2.8975269337612543e7	6.182699967494412e6
0.0031622776601683824	3.5047446011921025e12	5.607591361907363e9	5.768431845617395e7	1.2308594259759532e7
0.003981071705534978	6.97667858677297e12	1.1162685738836744e10	1.1482860954515605e8	2.450195828139151e7
0.005011872336272725	1.4033622106338951e13	2.245379537014232e10	2.3097829336845526e8	4.928580543157536e7
0.006309573444801936	2.7912088356333965e13	4.4659341370134346e10	4.594028885802348e8	9.802670654056086e7
0.00794328234724282	5.518712965349184e13	8.829940744558694e10	9.083206692240499e8	1.9381611631116462e8
0.01000000000000001	1.0900888734192058e14	1.7441421974707294e11	1.7941687876045825e9	3.828370730760685e8
0.012589254117941687	2.142789225934536e14	3.4284627614952576e11	3.526800099819636e9	7.525433709846169e8
0.01584893192461114	4.2225105012757475e14	6.756016802041196e11	6.949797150904528e9	1.4829374014899373e9
0.01995262314968881	8.204550288673721e14	1.3127280461877957e12	1.3503805426522945e10	2.881421960183013e9
0.025118864315095822	1.647507096849769e15	2.63601135495963e12	2.7116191006090282e10	5.786012592272954e9
0.031622776601683826	3.202871397878634e15	5.124594236605812e12	5.271581091145972e10	1.1248421493899343e10
0.039810717055349776	6.252694722777414e15	1.0004311556443863e13	1.0291261550848769e11	2.1959341159018856e10
0.05011872336272725	1.2309426071016878e16	1.9695081713627e13	2.02599885096263e11	4.3230462792386505e10
0.06309573444801936	2.385407602881345e16	3.81665216461015e13	3.92612379702597e11	8.377504688365942e10
0.07943282347242822	4.5817620122095736e16	7.330819219535319e13	7.541086415050048e11	1.6091058271089105e11
0.1000000000000001	8.647160091907109e16	1.3835456147051367e14	1.4232293454804797e12	3.0368656544692865e11
0.12589254117941687	1.575680186342529e17	2.5210882981480462e14	2.5933997479630913e12	5.533757892154447e11
0.15848931924611143	2.7379356866820166e17	4.380697098691228e14	4.506347024812266e12	9.615576400409406e11
0.19952623149688828	5.003597262687575e17	8.005755620300116e14	8.235381768735341e12	1.7572535392369683e12
0.25118864315095824	8.171813673917864e17	1.307490187826858e15	1.3449924487235344e13	2.8699249253254414e12
0.31622776601683794	1.3844520357131942e18	2.2151232571411098e15	2.278658824047102e13	4.862168379942896e12
0.39810717055349776	2.1624682637474432e18	3.4599492219959095e15	3.559189674903785e13	7.594546104449512e12
0.5011872336272725	3.2533821997500867e18	5.205411519600138e15	5.354716426589203e13	1.1425814438811607e13
0.6309573444801942	4.0561815871774326e18	6.489890539483892e15	6.676037686490113e13	1.4245230132744252e13
0.7943282347242822	4.75336271722889e18	7.605380347566222e15	7.823522679086842e13	1.6693716579501363e13
1.000000000000002	4.982813815798746e18	7.972502105277989e15	8.201174455353806e13	1.749954433476542e13
1.2589254117941688	4.797043193238044e18	7.675269109180871e15	7.895416034385038e13	1.6847121554028459e13
1.584893192461114	4.4093834467419976e18	7.055013514787193e15	7.257369876559111e13	1.5485668132047838e13
1.9952623149688828	3.8775289776169667e18	6.204046364187145e15	6.381994747686319e13	1.3617805673975111e13
2.5118864315095824	3.271470000178941e18	5.234352000286307e15	5.384486996454836e13	1.1489338438949752e13
3.1622776601683857	2.6609611512396877e18	4.2575378419835015e15	4.379655236373218e13	9.345243342539557e12
3.9810717055349776	2.0930154546601275e18	3.348824727456204e15	3.4448778372963906e13	7.350629201926705e12
5.011872336272725	1.5968636561422433e18	2.5549818498275895e15	2.6282654559384406e13	5.608153822371408e12
6.309573444801943	1.185350916082737e18	1.8965614657323788e15	1.950959841763555e13	4.1629291551042095e12
7.943282347242821	8.582220383617477e17	1.3731552613787965e15	1.4125409694654174e13	3.0140589563603203e12
10.000000000000021	6.07895984814996e17	9.726335757039938e14	1.0005312673673965e13	2.1349187688825286e12
12.589254117941687	4.2243529966714566e17	6.758964794674332e14	6.952829699727741e12	1.483584482257065e12
15.848931924611142	2.887067528378389e17	4.61930804540542e14	4.751801961683934e12	1.0139324501776608e12
19.95262314968883	1.9457871670059133e17	3.113259467209461e14	3.20255594519863e12	6.833566344998848e11
25.11886431509582	1.2955956425582779e17	2.072953028093244e14	2.1324107785298408e12	4.550106470964558e11
31.622776601683857	8.540827185162926e16	1.3665323496260681e14	1.4057280951670747e12	2.99952174629607e11
39.81071705534978	5.583210221469292e16	8.933136354350864e13	9.189362223810933e11	1.9608124728869763e11
50.11872336272725	3.625022586894813e16	5.800036139031695e13	5.966396445610858e11	1.2731008185125806e11
63.09573444801943	2.3406445252219796e16	3.745031240355165e13	3.8524485961025415e11	8.22029763808906e10
79.43282347242821	1.5045891914113792e16	2.4073427062582066e13	2.476391633032837e11	5.284087713097031e10
100.0000000000002	9.634914232032714e15	1.541586277125234e13	1.5858030301821536e11	3.3837629700416786e10
125.89254117941688	6.151674274019966e15	9.842678838431943e12	1.0124992780943872e11	2.1604559325480576e10
158.48931924611142	3.9203106064495305e15	6.272496970319247e12	6.4524086974164085e10	1.3768053914857645e10
199.5262314968883	2.4923544849474725e15	3.987767175915955e12	4.102146837361036e10	8.753100039379702e9
251.18864315095823	1.5821012223196085e15	2.5313619557113726e12	2.6039680810734234e10	5.556308444494925e9
316.2277660168386	1.0026377264925888e15	1.6042203623881423e12	1.6502336259110086e10	3.5212440189585686e9
398.1071705534977	6.352332938335404e14	1.0163732701336638e12	1.0455255313894924e10	2.2309268616686544e9
501.18723362727246	4.0198833070546044e14	6.43181329128736e11	6.616294629911765e9	1.411775128529641e9
630.9573444801943	2.543318083175726e14	4.069308933081159e11	4.1860274268017387e9	8.932083196211046e8
794.3282347242822	1.6068333310105444e14	2.5709333296168716e11	2.6446744661645207e9	5.643167124856817e8
1000.000000000002	1.0155229376504728e14	1.6248367002407568e11	1.6714412946111362e9	3.5664966276764125e8
1258.9254117941687	6.4152187467863e13	1.0264349994858072e11	1.0558758576295884e9	2.2530122341849783e8
1584.893192461114	4.046083621842742e13	6.473733794948389e10	6.659417523984475e8	1.420976627665855e8
1995.2623149688789	2.552423932303559e13	4.083878291685693e10	4.2010146729686934e8	8.964062759648268e7
2511.8864315095875	1.6063901248836154e13	2.5702241998137836e10	2.643944996651711e8	5.6416105936368346e7
3162.277660168386	9.987659375829787e12	1.5980255001327648e10	1.643861078696554e8	3.5076463722907886e7
3981.0717055349774	6.141797782538507e12	9.826876452061611e9	1.0108737140528527e8	2.1569873281221066e7
5011.872336272725	3.7575687543150557e12	6.012110006904091e9	6.18455315035374e7	1.3196507723924452e7
6309.57344480193	2.199005006984554e12	3.5184080111752853e9	3.619325216064875e7	7.722862429674936e6
7943.282347242838	1.292364238307266e12	2.0677827812916257e9	2.1270922354379255e7	4.538757842650406e6
10000.00000000002	6.55436415347222e11	1.0486982645555556e9	1.0787776917554038e7	2.301879827944127e6
12589.254117941688	4.3241150439393555e11	6.918584070302968e8	7.117027276420893e6	1.518620717477339e6
15848.93192461114	2.287278850182055e11	3.659646160291288e8	3.764614447143883e6	803287.8434635215
19952.62314968879	1.5468559911046582e11	2.474969585767453e8	2.545958229491854e6	543252.788414577
25118.864315095874	8.266727188963179e10	1.3226763502341093e8	1.360614190250168e6	290325.83655442524
31622.776601683858	5.713942532672518e10	9.142308052276023e7	940453.3516731781	200672.5404023065
39810.71705534977	2.651446530701861e10	4.242314449122979e7	436399.5196525892	93118.28181932459
50118.72336272725	1.671294216906709e10	2.6740707470507342e7	275077.0136266606	58695.52491097388
63095.73444801956	1.4769207951473185e10	2.3630732722357083e7	243085.24350917147	51869.16848402144
79432.82347242838	6.824564964628523e9	1.091930394340563e7	112324.98328425318	23967.73822560727
100000.0000000002	5.18084200638829e9	8.289347210221263e6	85271.0751208444	18195.015453868353