0.00001584893192461114	8406.05035336272	0.8406050353362723	0.06729155900318717	0.023715521644964106
0.000019952623149688786	15456.797703230084	1.5456797703230087	0.12373373593118592	0.04360740241653976
0.000025118864315095822	33767.934135721545	3.376793413572156	0.2703168357063963	0.09526759170328644
0.000031622776601683795	68337.39257424895	6.833739257424898	0.5470499808146475	0.19279647927717794
0.000039810717055349776	135441.72326219812	13.544172326219815	1.0842291360704959	0.3821141897360813
0.00005011872336272725	277008.4206592918	27.700842065929184	2.2174895104830794	0.7815084278379035
0.00006309573444801943	536094.5458024754	53.60945458024754	4.29150864480879	1.5124536816080147
0.00007943282347242822	1.0793712395574504e6	107.93712395574505	8.640511345969726	3.0451699571887976
0.0001	2.139871468742508e6	213.98714687425078	17.129957726284616	6.037100183929183
0.00012589254117941674	4.268905946456967e6	426.8905946456967	34.173163887859744	12.043626568691302
0.00015848931924611142	8.543890872901717e6	854.3890872901717	68.39499082475334	24.10440342502295
0.0001995262314968881	1.7146152982252054e7	1714.615298225206	137.25725121564733	48.37348636816074
0.0002511886431509582	3.399410164606355e7	3399.410164606355	272.12733692004815	95.9056655026847
0.00031622776601683794	6.820961444625707e7	6820.961444625705	546.0270997851944	192.43598596191575
0.00039810717055349773	1.3520724124364096e8	13520.724124364095	1082.3520761049188	381.4526586777738
0.0005011872336272725	2.7122946731087637e8	27122.946731087635	2171.228214883536	765.2045886437027
0.0006309573444801936	5.407295211654459e8	54072.95211654457	4328.612243407966	1525.5300794314498
0.0007943282347242822	1.0713026142897923e9	107130.2614289793	8575.92091997305	3022.4063941435575
0.001	2.1476625725711884e9	214766.25725711894	17192.326555990458	6059.080791196582
0.0012589254117941688	4.2568138236233726e9	425681.382362337	34076.3648249318	12009.51173607208
0.001584893192461114	8.616544708564196e9	861654.4708564198	68976.59451064299	24309.3776447591
0.0019952623149688807	1.7116848791654747e10	1.7116848791654743e6	137022.66724484938	48290.81208747188
0.002511886431509582	3.424370499718811e10	3.4243704997188114e6	274125.44517821155	96609.8575343066
0.0031622776601683824	6.814824299483141e10	6.814824299483141e6	545535.8130963073	192262.8421043982
0.003981071705534978	1.3562642878688249e11	1.3562642878688253e7	1.0857077285354512e6	382635.2891447763
0.005011872336272725	2.7501611415138525e11	2.7501611415138535e7	2.2015408300334574e6	775887.6444586134
0.006309573444801936	5.4764531941727673e11	5.476453194172763e7	4.383974134730807e6	1.5450412358293987e6
0.00794328234724282	1.0866817704922491e12	1.0866817704922493e8	8.699033125291074e6	3.0657947509185956e6
0.01000000000000001	2.142552500303982e12	2.1425525003039825e8	1.7151419743037365e7	6.044664028940122e6
0.012589254117941687	4.220705056290431e12	4.2207050562904334e8	3.378730930594541e7	1.1907640082053885e7
0.01584893192461114	8.360887763844862e12	8.360887763844863e8	6.6930026424922034e7	2.358810694671346e7
0.01995262314968881	1.6207344848046434e13	1.6207344848046446e9	1.2974196635534456e8	4.5724879270736545e7
0.025118864315095822	3.2633246114803348e13	3.2633246114803357e9	2.6123350611638466e8	9.206635959198911e7
0.031622776601683826	6.399457869437526e13	6.399457869437527e9	5.1228517402039874e8	1.805443403726097e8
0.039810717055349776	1.257022475033094e14	1.2570224750330944e10	1.0062633280941985e9	3.546367492662977e8
0.05011872336272725	2.5195194772319575e14	2.5195194772319584e10	2.0169090885115933e9	7.108179963887597e8
0.06309573444801936	4.936254875371728e14	4.936254875371732e10	3.9515381449977603e9	1.3926380930505285e9
0.07943282347242822	9.321006320177325e14	9.321006320177327e10	7.461590406871409e9	2.6296835951093683e9
0.1000000000000001	1.7953499083760078e15	1.7953499083760086e11	1.4372016489589752e10	5.065120695517002e9
0.12589254117941687	3.4577605774850365e15	3.4577605774850354e11	2.767983656267883e10	9.755187320005283e9
0.15848931924611143	6.125174152392744e15	6.125174152392747e11	4.903283950894366e10	1.72806126639647e10
0.19952623149688828	1.1543373261725746e16	1.1543373261725745e12	9.24062491044316e10	3.2566676017452602e10
0.25118864315095824	1.9351168185504836e16	1.9351168185504841e12	1.5490869326217902e11	5.459437294175795e10
0.31622776601683794	3.294576681035202e16	3.294576681035203e12	2.637352761439481e11	9.294805682293886e10
0.39810717055349776	5.2137818070640184e16	5.2137818070640205e12	4.1737021710730334e11	1.4709352204639526e11
0.5011872336272725	7.902257933617096e16	7.9022579336171e12	6.325863320407991e11	2.2294200152371964e11
0.6309573444801942	1.0134958743355368e17	1.0134958743355367e13	8.113170223879778e11	2.859319458545849e11
0.7943282347242822	1.152147806961711e17	1.1521478069617113e13	9.223097515891277e11	3.250490433151865e11
1.000000000000002	1.191168475956207e17	1.1911684759562072e13	9.5354631977048e11	3.3605772731348956e11
1.2589254117941688	1.129603880383463e17	1.129603880383463e13	9.042630364050239e11	3.1868885087932935e11
1.584893192461114	1.0172644880485179e17	1.0172644880485188e13	8.14333848142845e11	2.8699516385025116e11
1.9952623149688828	8.818597692120258e16	8.818597692120258e12	7.059405570742179e11	2.4879418472915274e11
2.5118864315095824	7.323232478289114e16	7.323232478289111e12	5.862345687826079e11	2.0660627886971146e11
3.1622776601683857	5.819907603570449e16	5.819907603570449e12	4.658913989756106e11	1.6419381153118158e11
3.9810717055349776	4.471835794706473e16	4.471835794706474e12	3.579764450395871e11	1.2616141246365724e11
5.011872336272725	3.3350773765644504e16	3.3350773765644517e12	2.669774110685696e11	9.40906803870194e10
6.309573444801943	2.391223992017646e16	2.3912239920176455e12	1.91420683418013e11	6.7462270575105774e10
7.943282347242821	1.732676217453801e16	1.7326762174538005e12	1.387030519910812e11	4.8883029022425644e10
10.000000000000021	1.1884592847533248e16	1.1884592847533252e12	9.513775759250815e10	3.3529339828961468e10
12.589254117941687	8.170667919531502e15	8.170667919531501e11	6.5407291092737274e10	2.3051450295196903e10
15.848931924611142	5.584402399764854e15	5.584402399764854e11	4.470388919702222e10	1.5754963439260548e10
19.95262314968883	3.7099237673491305e15	3.7099237673491296e11	2.969843667282254e10	1.0466601282079971e10
25.11886431509582	2.4578632198117805e15	2.4578632198117813e11	1.9675524286095272e10	6.934232599081392e9
31.622776601683857	1.6138513231598522e15	1.6138513231598526e11	1.2919096004622385e10	4.553068846517286e9
39.81071705534978	1.0486759051730806e15	1.0486759051730804e11	8.394791082823539e9	2.958570920020205e9
50.11872336272725	6.780666470495908e14	6.780666470495907e10	5.428014331341461e9	1.9129916630109103e9
63.09573444801943	4.361182779850468e14	4.361182779850471e10	3.4911852298932867e9	1.2303962058925061e9
79.43282347242821	2.796730216952732e14	2.7967302169527306e10	2.238819998678521e9	7.890259183224487e8
100.0000000000002	1.7870016860956616e14	1.787001686095662e10	1.4305187852056673e9	5.0415683209934163e8
125.89254117941688	1.1385182090739617e14	1.1385182090739618e10	9.113990759222095e8	3.2120380077997166e8
158.48931924611142	7.241818762864933e13	7.241818762864937e9	5.797172918156157e8	2.0430939906388605e8
199.5262314968883	4.594885966817406e13	4.594885966817408e9	3.678267761331221e8	1.2963295843048102e8
251.18864315095823	2.9124499556018406e13	2.912449955601843e9	2.3314551994422784e8	8.216732836286142e7
316.2277660168386	1.848992964014524e13	1.8489929640145228e9	1.4801436335042664e8	5.216460860471916e7
398.1071705534977	1.1700155676129645e13	1.170015567612964e9	9.366131333150965e7	3.3008997510430336e7
501.18723362727246	7.4061878335833e12	7.406187833583305e8	5.928752560861004e7	2.089466521024962e7
630.9573444801943	4.679991229302108e12	4.67999122930211e8	3.746395663868472e7	1.320339857973334e7
794.3282347242822	2.9584668722525605e12	2.9584668722525597e8	2.3682923575816877e7	8.346557800090702e6
1000.000000000002	1.8693430284528245e12	1.869343028452824e8	1.496434132660279e7	5.273873363773168e6
1258.9254117941687	1.1795194666018525e12	1.1795194666018529e8	9.442211317529751e6	3.327712571893242e6
1584.893192461114	7.435934662842697e11	7.435934662842698e7	5.952565296118594e6	2.097858828274085e6
1995.2623149688789	4.692066989438384e11	4.692066989438387e7	3.756062471602896e6	1.3237467249186018e6
2511.8864315095875	2.944453006849714e11	2.9444530068497144e7	2.357074070621972e6	830702.1262201912
3162.277660168386	1.811059332565257e11	1.811059332565258e7	1.4497772534378855e6	510944.08189672517
3981.0717055349774	1.0988075829904768e11	1.0988075829904776e7	879610.1878496879	310000.463031213
5011.872336272725	6.7060292628912544e10	6.706029262891259e6	536826.6246947082	189193.46833586335
6309.57344480193	3.8422200472651634e10	3.842220047265165e6	307574.86113599536	108398.41407704705
7943.282347242838	2.311902757546512e10	2.3119027575465124e6	185070.9123540261	65224.42476889678
10000.00000000002	1.102773157580361e10	1.1027731575803615e6	88278.46834246516	31111.92485020078
12589.254117941688	7.533218320156475e9	753321.8320156478	60304.42166836573	21253.04924642082
15848.93192461114	4.102712010571089e9	410271.201057109	32842.759170719	11574.75287437818
19952.62314968879	2.883711336411394e9	288371.1336411394	23084.495498490593	8135.654170705127
25118.864315095874	1.5470408831241312e9	154704.08831241314	12384.269483401964	4364.580273385806
31622.776601683858	1.0714045634869463e9	107140.4563486947	8576.737036951565	3022.6940177349184
39810.71705534977	4.931189828601948e8	49311.898286019474	3947.483507216222	1391.2091196176789
50118.72336272725	3.1288405144754016e8	31288.40514475404	2504.6787402023906	882.7223467082678
63095.73444801956	2.7473658793796384e8	27473.658793796392	2199.3031852546737	775.0990327222963
79432.82347242838	1.2825398905842476e8	12825.398905842478	1026.6903610286652	361.835835583748
100000.0000000002	9.662935472642277e7	9662.935472642283	773.5309273292434	272.6150162349034