0.00001584893192461114	547.7811350126345	0.8764498160202155	0.009015887042269903
0.000019952623149688786	1007.2458034853396	1.611593285576544	0.016578180239476027
0.000025118864315095822	2200.5007328209776	3.520801172513564	0.03621787019570961
0.000031622776601683795	4453.247077352244	7.1251953237635925	0.07329564684588921
0.000039810717055349776	8826.175782812714	14.12188125250035	0.14526933986367047
0.00005011872336272725	18051.58046049926	28.88252873679883	0.29710955701779324
0.00006309573444801943	34935.451974474905	55.8967231591599	0.5749998834210417
0.00007943282347242822	70339.49405503148	112.54319048805046	1.1577122549062444
0.0001	139450.60185416657	223.12096296666647	2.295206596088272
0.00012589254117941674	278198.4541934585	445.11752670953337	4.578846692638414
0.00015848931924611142	556801.8168096036	890.8829068953665	9.164357741473257
0.0001995262314968881	1.1174297691047208e6	1787.8876305675535	18.39168954893916
0.0002511886431509582	2.2154804775582682e6	3544.7687640932295	36.464420647780834
0.00031622776601683794	4.445530245340286e6	7112.848392544461	73.16863610875897
0.00039810717055349773	8.812417545016337e6	14099.868072026135	145.04289409921387
0.0005011872336272725	1.767883174375336e7	28286.130790005387	290.97451491698314
0.0006309573444801936	3.52471439839179e7	56395.43037426864	580.1299979311941
0.0007943282347242822	6.983774462466666e7	111740.39139946672	1149.4540001060168
0.001	1.4001904910608146e8	224030.47856973036	2304.5626251392446
0.0012589254117941688	2.77561929366188e8	444099.08698590106	4568.370180076261
0.001584893192461114	5.619226799817166e8	899076.287970747	9248.641629631671
0.0019952623149688807	1.1164853486332843e9	1.7863765578132556e6	18376.145405947304
0.002511886431509582	2.234178829090286e9	3.574686126544457e6	36772.1753594969
0.0031622776601683824	4.447620336494157e9	7.11619253839065e6	73203.03675629296
0.003981071705534978	8.854994548155489e9	1.4167991277048785e7	145743.66567816227
0.005011872336272725	1.7964582401503746e10	2.8743331842405993e7	295677.6627398308
0.006309573444801936	3.579552837531243e10	5.727284540049994e7	589155.8139232747
0.00794328234724282	7.108398635996404e10	1.1373437817594253e8	1.169965795775183e6
0.01000000000000001	1.402904823975305e11	2.2446477183604884e8	2.3090301245451174e6
0.012589254117941687	2.767060430435802e11	4.427296688697285e8	4.554283213745306e6
0.01584893192461114	5.4898467972138434e11	8.783754875542151e8	9.03569609090419e6
0.01995262314968881	1.0662663846900856e12	1.7060262155041375e9	1.7549595389249004e7
0.025118864315095822	2.1521613747389712e12	3.4434581995823565e9	3.542225646550484e7
0.031622776601683826	4.2333695271739766e12	6.773391243478366e9	6.967669937064882e7
0.039810717055349776	8.347327541690796e12	1.3355724066705275e10	1.373880139537424e8
0.05011872336272725	1.6811105699486402e13	2.6897769119178257e10	2.7669267952926725e8
0.06309573444801936	3.3132911937024195e13	5.3012659099238754e10	5.453320173189176e8
0.07943282347242822	6.3027954716278664e13	1.0084472754604591e11	1.0373721983218067e9
0.1000000000000001	1.2251487296356458e14	1.9602379674170346e11	2.0164627531615665e9
0.12589254117941687	2.386278692188641e14	3.818045907501827e11	3.9275575161331744e9
0.15848931924611143	4.2857034042501675e14	6.857125446800271e11	7.053805857790241e9
0.19952623149688828	8.212737972237118e14	1.314038075557939e12	1.3517281471137691e10
0.25118864315095824	1.4046428835890472e15	2.2474286137424766e12	2.311890783328095e10
0.31622776601683794	2.448845111386744e15	3.918152178218792e12	4.030535098250234e10
0.39810717055349776	3.9838014264446935e15	6.374082282311512e12	6.556907743606508e10
0.5011872336272725	6.23055511838198e15	9.968888189411172e12	1.025482214838831e11
0.6309573444801942	8.273342839272681e15	1.3237348542836299e13	1.3617030549826186e11
0.7943282347242822	9.761385684533104e15	1.5618217095252975e13	1.606618868058518e11
1.000000000000002	1.0485605735334018e16	1.6776969176534426e13	1.7258176822275635e11
1.2589254117941688	1.0325461445962466e16	1.6520738313539945e13	1.6994596583535733e11
1.584893192461114	9.633240706829288e15	1.5413185130926875e13	1.5855275859721948e11
1.9952623149688828	8.618727188230981e15	1.3789963501169568e13	1.4185495960067834e11
2.5118864315095824	7.351629742435395e15	1.1762607587896645e13	1.2099990141657677e11
3.1622776601683857	5.970631428567959e15	9.55301028570874e12	9.827015771500366e10
3.9810717055349776	4.665489120924065e15	7.464782593478508e12	7.678892211251538e10
5.011872336272725	3.523477282840701e15	5.637563652545123e12	5.799263820460543e10
6.309573444801943	2.5493335600596885e15	4.078933696095501e12	4.1959282533590355e10
7.943282347242821	1.8590672647142585e15	2.9745076235428145e12	3.0598243333551147e10
10.000000000000021	1.2807611963485768e15	2.0492179141577236e12	2.1079948790377556e10
12.589254117941687	8.83139540110846e14	1.4130232641773538e12	1.453552491547181e10
15.848931924611142	6.047924277571945e14	9.676678844115116e11	9.95423146975165e9
19.95262314968883	4.0230887091229775e14	6.436941934596768e11	6.621570376213777e9
25.11886431509582	2.667602422133214e14	4.2681638754131433e11	4.390586052417435e9
31.622776601683857	1.7525318269684244e14	2.804050923149479e11	2.884478486022665e9
39.81071705534978	1.1391940574839722e14	1.8227104919743567e11	1.8749906276461535e9
50.11872336272725	7.367627081756983e13	1.178820333081118e11	1.2126320037866488e9
63.09573444801943	4.739393128906053e13	7.583029006249686e10	7.8005302424556e8
79.43282347242821	3.039550162287579e13	4.8632802596601295e10	5.002771941364116e8
100.0000000000002	1.9422688263197418e13	3.1076301221115875e10	3.196765135662628e8
125.89254117941688	1.237486990101714e13	1.979979184162743e10	2.0367701999774578e8
158.48931924611142	7.87152068142312e12	1.2594433090276997e10	1.2955674589444444e8
199.5262314968883	4.994502912809991e12	7.991204660495987e9	8.220413449094822e7
251.18864315095823	3.165775743685983e12	5.0652411898975725e9	5.210525642795729e7
316.2277660168386	2.0098310655239927e12	3.2157297048383884e9	3.3079652990224518e7
398.1071705534977	1.2717964062481934e12	2.0348742499971101e9	2.0932398008255687e7
501.18723362727246	8.05047902254658e11	1.2880766436074533e9	1.3250220729446854e7
630.9573444801943	5.087128420248984e11	8.139405472398378e8	8.372865050459961e6
794.3282347242822	3.2158426480455585e11	5.145348236872896e8	5.292930370781047e6
1000.000000000002	2.0319702558878946e11	3.251152409420632e8	3.3444040200316454e6
1258.9254117941687	1.2821346084545955e11	2.0514153735273528e8	2.1102553673274927e6
1584.893192461114	8.082843697233688e10	1.2932549915573901e8	1.3303489495471825e6
1995.2623149688789	5.10026669273554e10	8.160426708376867e7	839448.9230830215
2511.8864315095875	3.2006143735706215e10	5.120982997712997e7	526786.6272414181
3162.277660168386	1.968617896326265e10	3.149788634122027e7	324013.2864790831
3981.0717055349774	1.1944017055253973e10	1.9110427288406365e7	196585.64656234696
5011.872336272725	7.289440942290539e9	1.1663105507664863e7	119976.34079799616
6309.57344480193	4.1764858834472117e9	6.682377413515537e6	68740.45590841015
7943.282347242838	2.5130339244660697e9	4.020854279145713e6	41361.829658218754
10000.00000000002	1.1987123436881053e9	1.9179397499009694e6	19729.513114060243
12589.254117941688	8.188594146238124e8	1.3101750633980995e6	13477.543335947965
15848.93192461114	4.4596402503141546e8	713542.4400502652	7340.087158179575
19952.62314968879	3.134588811668849e8	501534.20986701583	5159.195314259505
25118.864315095874	1.6816305387051132e8	269060.8861928183	2767.782607819653
31622.776601683858	1.1646147519562703e8	186338.36031300342	1916.8303507123762
39810.71705534977	5.360194101287426e7	85763.10562059883	882.2301728359848
50118.72336272725	3.4010437757543504e7	54416.70041206964	559.7751464608052
63095.73444801956	2.98638156275002e7	47782.105004000325	491.5262157440054
79432.82347242838	1.3941184579198087e7	22305.895326716956	229.4568713078918
100000.0000000002	1.0503592753581418e7	16805.74840573028	172.87781515533672