0.00001584893192461114	5.912867134973905	0.00946058741595825	0.00009731941970518061
0.000019952623149688786	8.903557449189531	0.014245691918703254	0.00014654295868440605
0.000025118864315095822	15.406178430149199	0.024649885488238727	0.00025356909101310416
0.000031622776601683795	24.819517128312665	0.039711227405300274	0.0004085024995747412
0.000039810717055349776	39.126195107666256	0.06260191217226604	0.0006439749982926958
0.00005011872336272725	63.4013301754687	0.10144212828074994	0.0010435175559276963
0.00006309573444801943	98.37247959143824	0.15739596734630126	0.0016191049807583308
0.00007943282347242822	156.77666846690707	0.2508426695470514	0.002580374977185788
0.0001	247.7466015910469	0.396394562545675	0.004077642022118203
0.00012589254117941674	392.61275964579266	0.6281804154332684	0.006461982835970946
0.00015848931924611142	623.3653723108399	0.9973845956973442	0.010259922117776885
0.0001995262314968881	991.6570866360271	1.5866513386176446	0.016321606762837247
0.0002511886431509582	1565.2715283581988	2.504434445373117	0.025762682188449557
0.00031622776601683794	2489.8088081521296	3.9836940930434097	0.040979569277482496
0.00039810717055349773	3929.5599287238365	6.28729588595814	0.0646763208491784
0.0005011872336272725	6249.65793192674	9.999452691082787	0.10286263320436911
0.0006309573444801936	9900.087107082913	15.840139371332661	0.16294476271811256
0.0007943282347242822	15620.02062497126	24.992032999954017	0.25708870304454484
0.001	24832.570283900135	39.73211245424022	0.4087173404460303
0.0012589254117941688	39212.32618327289	62.73972189323664	0.6453926229585776
0.001584893192461114	62680.10537810229	100.28816860496376	1.0316469731538127
0.0019952623149688807	99154.66797473599	158.64746875957758	1.6319789584454698
0.002511886431509582	157439.41315399535	251.90306104639254	2.5912830403787894
0.0031622776601683824	249170.4267707247	398.6726828331597	4.101076649868972
0.003981071705534978	394226.93283555517	630.7630925368886	6.488550386796195
0.005011872336272725	632543.2776527121	1012.0692442443402	10.410980547061891
0.006309573444801936	1.0013363641955684e6	1602.1381827129094	16.48091723840809
0.00794328234724282	1.5844585076087029e6	2535.1336121739255	26.078479185731954
0.01000000000000001	2.493910846191304e6	3990.2573539060854	41.04708440211971
0.012589254117941687	3.9263268162096757e6	6282.122905935482	64.62310730208911
0.01584893192461114	6.206061678695562e6	9929.698685912901	102.14508586753095
0.01995262314968881	9.662087343808096e6	15459.339750092964	159.0275431487983
0.025118864315095822	1.545887860484907e7	24734.205767758518	254.43647908442023
0.031622776601683826	2.4264485919138364e7	38823.1774706214	399.36728412645
0.039810717055349776	3.823242820376123e7	61171.885126017994	629.2645584241499
0.05011872336272725	6.124031563236344e7	97984.5050117815	1007.949585853498
0.06309573444801936	9.644036742624849e7	154304.5878819976	1587.3044970962846
0.07943282347242822	1.494679360942119e8	239148.69775073914	2460.081120237098
0.1000000000000001	2.3639416847412297e8	378230.669558597	3890.793209526749
0.12589254117941687	3.732902114038502e8	597264.3382461608	6143.954519216038
0.15848931924611143	5.566304200247791e8	890608.6720396467	9161.536735139496
0.19952623149688828	8.711955759716086e8	1.3939129215545738e6	14338.940139850056
0.25118864315095824	1.2656114234171736e9	2.024978277467478e6	20830.599857500525
0.31622776601683794	1.8596692304611757e9	2.975470768737883e6	30608.15104090111
0.39810717055349776	2.626803444742132e9	4.202885511587411e6	43234.35333254818
0.5011872336272725	3.5986529736578765e9	5.757844757852605e6	59229.94904539705
0.6309573444801942	4.4504199310274e9	7.120671889643847e6	73249.11506469494
0.7943282347242822	5.075177552139175e9	8.120284083422684e6	83531.95209706386
1.000000000000002	5.4057531143526325e9	8.649204982964214e6	88972.8695316934
1.2589254117941688	5.376993076280499e9	8.603188922048805e6	88499.51030477566
1.584893192461114	5.188307607967366e9	8.301292172747787e6	85393.95087584465
1.9952623149688828	4.925626734955334e9	7.881002775928538e6	81070.50684342699
2.5118864315095824	4.648890679783798e9	7.438225087654081e6	76515.72966240492
3.1622776601683857	4.2797479015058746e9	6.847596642409403e6	70440.03742202377
3.9810717055349776	3.8781131141595325e9	6.204980982655256e6	63829.56173472726
5.011872336272725	3.457658645306398e9	5.532253832490237e6	56909.33437510848
6.309573444801943	3.035146416882942e9	4.856234267012708e6	49955.238510971496
7.943282347242821	2.625971093944203e9	4.201553750310728e6	43220.6537355851
10.000000000000021	2.2426305717885785e9	3.5882089148617275e6	36911.28193438174
12.589254117941687	1.8935565171631725e9	3.0296904274610756e6	31165.899253729134
15.848931924611142	1.5824991487814915e9	2.531998638050387e6	26046.230251381545
19.95262314968883	1.3111460085861728e9	2.0978336137378775e6	21580.050048754092
25.11886431509582	1.078044792644061e9	1.7248716682304977e6	17743.455288510344
31.622776601683857	8.807981826796018e8	1.4092770922873633e6	14496.98869584608
39.81071705534978	7.157866220226464e8	1.145258595236235e6	11781.076269403242
50.11872336272725	5.791718030722467e8	926674.8849155952	9532.543603289161
63.09573444801943	4.6698407835238016e8	747174.5253638085	7686.054578835516
79.43282347242821	3.754490227392007e8	600718.4363827214	6179.486226865375
100.0000000000002	3.0110510158961815e8	481768.16254338925	4955.865418257942
125.89254117941688	2.4102349170475754e8	385637.5867276121	3966.9868800674376
158.48931924611142	1.9275017172881466e8	308400.27476610336	3172.4600659075895
199.5262314968883	1.5383112030598462e8	246129.7924895755	2531.894429392132
251.18864315095823	1.2265261245382477e8	196244.17992611977	2018.729796705184
316.2277660168386	9.775026679312451e7	156400.42686899935	1608.864028766215
398.1071705534977	7.78438386352129e7	124550.14181634069	1281.2256779444897
501.18723362727246	6.195082515553014e7	99121.32024884828	1019.6438067637904
630.9573444801943	4.9245195341257274e7	78792.31254601167	810.5228351119669
794.3282347242822	3.918863358347364e7	62701.81373355785	645.0026683035622
1000.000000000002	3.115156302130444e7	49842.50083408709	512.7211498142498
1258.9254117941687	2.4776888238987923e7	39643.021182380675	407.8008740051049
1584.893192461114	1.9671881341708302e7	31475.010146733282	323.77796303935895
1995.2623149688789	1.5588298567201823e7	24941.27770752291	256.5665921660988
2511.8864315095875	1.2313028252213696e7	19700.845203541918	202.6591731160588
3162.277660168386	9.55111614808351e6	15281.785836933623	157.20107688033977
3981.0717055349774	7.396009862769455e6	11833.615780431133	121.73035036101692
5011.872336272725	5.538403325327128e6	8861.44532052341	91.15614902387914
6309.57344480193	4.0500247419333765e6	6480.039587093405	66.65904182849854
7943.282347242838	2.8157315752828447e6	4505.170520452552	46.34390672018539
10000.00000000002	1.9687883302613033e6	3150.0613284180845	32.404133806772414
12589.254117941688	1.5266043365236062e6	2442.5669384377707	25.126261889283146
15848.93192461114	1.061823782080306e6	1698.9180513284903	17.476474938865948
19952.62314968879	866043.9925056163	1385.6703880089867	14.254150628767059
25118.864315095874	626700.3717779343	1002.7205948446958	10.314812614289988
31622.776601683858	527851.5943437433	844.5625509499899	8.68786828442987
39810.71705534977	354354.8030379924	566.9676848607879	5.832298107532766
50118.72336272725	282107.6666612922	451.3722666580675	4.643188116213379
63095.73444801956	269848.57694244717	431.75772310791564	4.441416713217529
79432.82347242838	182512.11654110954	292.0193864657754	3.003952712870059
100000.0000000002	157337.84227448786	251.74054763918076	2.5896112931828923