0.00001584893192461114	432.4584119029578	0.6919334590447324	0.007117799323458931	0.0015187854557284788
0.000019952623149688786	659.2398276477103	1.0547837242363365	0.010850376984413929	0.0023152373373025443
0.000025118864315095822	1139.0658558165148	1.8225053693064237	0.018747796215200657	0.0040003769317805285
0.000031622776601683795	1842.843067047148	2.9485489072754363	0.030331210527620805	0.0064720286861926725
0.000039810717055349776	2911.739705553649	4.658783528885837	0.04792409705960099	0.01022597270383159
0.00005011872336272725	4729.906382029313	7.5678502112469	0.07784916079649981	0.016611338390604437
0.00006309573444801943	7331.842061652817	11.730947298644509	0.12067421751955805	0.025749285435186238
0.00007943282347242822	11687.975492787502	18.700760788460002	0.19237147842515676	0.041047940557437775
0.0001	18468.061229090905	29.548897966545457	0.3039643815542631	0.06485946860605957
0.00012589254117941674	29267.108713772366	46.827373942035805	0.48170506311999706	0.1027855114439911
0.00015848931924611142	46472.98907687661	74.35678252300254	0.76489530809435	0.16321222561864995
0.0001995262314968881	73904.83381789929	118.2477341086389	1.2163939044095406	0.2595523260068835
0.0002511886431509582	116695.41063002498	186.71265700803997	1.920680675809217	0.4098319920180334
0.00031622776601683794	185560.52979395984	296.8968476703356	3.0541263092010498	0.6516849390631764
0.00039810717055349773	292966.73277540563	468.7467724406492	4.82191663972693	1.0288934161174874
0.0005011872336272725	465788.7145576702	745.2619432922722	7.666380179228316	1.6358408245540126
0.0006309573444801936	737871.8111538205	1180.5948978461126	12.144574677411093	2.5913913202454415
0.0007943282347242822	1.1646186097918977e6	1863.3897756670365	19.1683670029399	4.090117702276463
0.001	1.8509286058981766e6	2961.4857694370826	30.464289781901957	6.500424939961058
0.0012589254117941688	2.923197793343581e6	4677.11646934973	48.11268483422756	10.26621328328808
0.001584893192461114	4.677923524535735e6	7484.677639257174	76.99357899322048	16.428775615235942
0.0019952623149688807	7.40350587310665e6	11845.609396970634	121.85372661139883	26.000967334629944
0.002511886431509582	1.1752378412326943e7	18803.80545972311	193.43148106242654	41.27412234697111
0.0031622776601683824	1.8603254416047387e7	29765.20706567582	306.1895156900999	65.33426442552246
0.003981071705534978	2.944037767336058e7	47104.60427737695	484.55688343239774	103.39402862971032
0.005011872336272725	4.7182556966240406e7	75492.09114598464	776.574030727211	165.70421412102542
0.006309573444801936	7.469659034225972e7	119514.54454761559	1229.425363385303	262.3329593824383
0.00794328234724282	1.1811905176096998e8	188990.48281755194	1944.1122743162264	414.83179173135545
0.01000000000000001	1.8603334444122088e8	297653.3511059535	3061.9083286594932	653.3454548255029
0.012589254117941687	2.92820823939839e8	468513.31830374233	4819.51513756511	1028.3809871503972
0.01584893192461114	4.625779711317598e8	740124.7538108157	7613.534803220524	1624.5647566521518
0.01995262314968881	7.20783308897018e8	1.1532532942352279e6	11863.316349547445	2531.376835676602
0.025118864315095822	1.1543407348452268e9	1.8469451757523625e6	18999.20425959055	4054.0220071641597
0.031622776601683826	1.810721764734147e9	2.8971548235746347e6	29802.528514323756	6359.219302840935
0.039810717055349776	2.8538001376240287e9	4.566080220198448e6	46970.474223138546	10022.490078310486
0.05011872336272725	4.564324361290042e9	7.302918978064069e6	75123.8592119872	16029.817583268708
0.06309573444801936	7.190305013201129e9	1.150448802112181e7	118344.67026140486	25252.21009864868
0.07943282347242822	1.1214841124565739e10	1.7943745799305186e7	184584.19670432	39386.30194137186
0.1000000000000001	1.7700576598707207e10	2.8320922557931527e7	291332.4117912697	62164.07764582203
0.12589254117941687	2.7710155338948757e10	4.433624854231802e7	456079.2887727901	97317.52174638268
0.15848931924611143	4.127373899548769e10	6.60379823927803e7	679321.2559006147	144952.56136663273
0.19952623149688828	6.449343438851724e10	1.0318949502162752e8	1.0614924141217545e6	226499.67590696062
0.25118864315095824	9.341175500077014e10	1.4945880800123233e8	1.5374568010410012e6	328060.2503832838
0.31622776601683794	1.3778757942281253e11	2.204601270765001e8	2.267835039399846e6	483907.2748904227
0.39810717055349776	1.9445182659784073e11	3.111229225565451e8	3.200467470879128e6	682910.998949207
0.5011872336272725	2.6605992504465665e11	4.2569588007145035e8	4.379059586676148e6	934397.235405631
0.6309573444801942	3.2871866713525616e11	5.259498674164102e8	5.410354943144636e6	1.1544535079676255e6
0.7943282347242822	3.719751503414875e11	5.9516024054638e8	6.122310031602056e6	1.3063694280915924e6
1.000000000000002	3.9414565095623303e11	6.30633041529973e8	6.4872125746743195e6	1.384231791160739e6
1.2589254117941688	3.90896977339331e11	6.254351637429296e8	6.433742908606841e6	1.3728225131724859e6
1.584893192461114	3.81001052380996e11	6.096016838095937e8	6.270866650370837e6	1.3380682189235569e6
1.9952623149688828	3.6289651918417725e11	5.806344306946839e8	5.972885548389701e6	1.2744854536327021e6
2.5118864315095824	3.389096906132073e11	5.422555049811314e8	5.578088204933965e6	1.1902441824262205e6
3.1622776601683857	3.1043346670570856e11	4.966935467291336e8	5.109400253249623e6	1.09023624290097e6
3.9810717055349776	2.792690173855963e11	4.46830427816954e8	4.596467008846828e6	980787.3084822898
5.011872336272725	2.4712351524589737e11	3.953976243934359e8	4.0673866924867425e6	867892.9358141053
6.309573444801943	2.15411366127856e11	3.446581858045695e8	3.5454388997624004e6	756520.4904535521
7.943282347242821	1.851144338658628e11	2.961830941853803e8	3.0467840510605844e6	650118.2589182067
10.000000000000021	1.5712715065560944e11	2.5140344104897508e8	2.586143536235552e6	551827.4695263589
12.589254117941687	1.319517827531887e11	2.1112285240510187e8	2.171784116481936e6	463412.0715125722
15.848931924611142	1.097530843857645e11	1.7560493501722312e8	1.8064174687942562e6	385450.6784893905
19.95262314968883	9.057082606055302e10	1.4491332169688484e8	1.4906981728536282e6	318082.9636976728
25.11886431509582	7.421472259857047e10	1.1874355615771271e8	1.221494339717765e6	260640.6493231205
31.622776601683857	6.046365025271328e10	9.674184040434119e7	995166.5108532865	212347.15310539748
39.81071705534978	4.90192346564135e10	7.84307754502616e7	806803.7657969953	172154.5901246302
50.11872336272725	3.958612270868457e10	6.333779633389531e7	651544.9108606183	139025.68608637524
63.09573444801943	3.186803751255145e10	5.098886002008231e7	524513.5476696482	111919.92234280703
79.43282347242821	2.558961777813541e10	4.094338844501665e7	421177.52619795676	89870.23544775945
100.0000000000002	2.050110601266858e10	3.2801769620269734e7	337426.1073221459	71999.48198805227
125.89254117941688	1.6386350011246271e10	2.6218160017994024e7	269701.6587347187	57548.53966198639
158.48931924611142	1.30886657609947e10	2.094186521759152e7	215425.3304696811	45967.13729122887
199.5262314968883	1.0451369249040205e10	1.6722190798464324e7	172018.2725610407	36705.00369744701
251.18864315095823	8.331408972235128e9	1.33302543555762e7	137126.01145874304	29259.74480893179
316.2277660168386	6.634421744389417e9	1.0615074791023059e7	109195.43082989621	23299.958967634742
398.1071705534977	5.282620919371638e9	8.452193470994612e6	86946.24632352129	18552.460998883314
501.18723362727246	4.2032840650867944e9	6.725254504138871e6	69181.5250930857	14761.851148317173
630.9573444801943	3.342999838567211e9	5.348799741707539e6	55022.17400413635	11740.5498276164
794.3282347242822	2.6585894039223847e9	4.253743046275813e6	43757.51595933841	9336.913812506058
1000.000000000002	2.113415639883839e9	3.381465023814142e6	34784.54343287991	7422.274252084483
1258.9254117941687	1.6795764712544124e9	2.68732235400706e6	27644.0183419876	5898.6396058296095
1584.893192461114	1.3336327771328638e9	2.133812443412583e6	21950.15802108862	4683.6921411224375
1995.2623149688789	1.0575301014220248e9	1.6920481622752396e6	17405.805583285186	3714.0249624633293
2511.8864315095875	8.343577353019105e8	1.3349723764830567e6	13732.628989044404	2930.247992344408
3162.277660168386	6.449496654095545e8	1.0319194646552872e6	10615.176316994175	2265.0505679625567
3981.0717055349774	4.993394503710189e8	798943.1205936306	8218.58912718928	1753.6703503067386
5011.872336272725	3.734108316358379e8	597457.3306173404	6145.939798220918	1311.4115126225095
6309.57344480193	2.719263258360801e8	435082.1213377279	4475.614220451437	954.9999198586446
7943.282347242838	1.9029760225822678e8	304476.1636131628	3132.0934159870335	668.321444593967
10000.00000000002	1.3023894053778188e8	208382.3048604511	2143.5925798475405	457.3966032661102
12589.254117941688	1.0281194966711657e8	164499.11946738648	1692.1738730065638	361.07354957531584
15848.93192461114	7.184766866261223e7	114956.26986017953	1182.5351833220861	252.3276023528029
19952.62314968879	5.926718675927898e7	94827.4988148463	975.4740113904221	208.14519679671574
25118.864315095874	4.339925847410128e7	69438.81355856205	714.3050154725514	152.4173440628017
31622.776601683858	3.564905168255781e7	57038.482692092446	586.744965444218	125.19876990652958
39810.71705534977	2.401310851643187e7	38420.973626290994	395.2298830315238	84.33356585920751
50118.72336272725	1.9276490366114415e7	30842.384585783042	317.270253763454	67.69865587009166
63095.73444801956	1.8429402861980475e7	29487.04457916875	303.32810650054444	64.72370117942734
79432.82347242838	1.2257834954316441e7	19612.535926906305	201.75075092419084	43.04927580299572
100000.0000000002	1.0911922537618358e7	17459.076060189367	179.59848327178523	38.32245780870472